wavelength,x,y,z
0.0,0.720703125,2.8828125,-3.6435546875
0.0005,0.1201171875,3.443359375,-3.6435546875
0.001,-0.80078125,3.603515625,-2.8427734375
0.0015,-1.44140625,3.84375,-2.5625
0.002,-2.2421875,3.9638671875,-1.8818359375
0.0025,-2.6025390625,3.763671875,-1.3212890625
0.003,-3.0029296875,3.5234375,-0.6806640625
0.0035,-3.36328125,3.1630859375,0.0
0.004,-3.603515625,2.482421875,0.9609375
0.0045,-3.84375,2.001953125,1.6015625
0.005,-3.923828125,1.361328125,2.3623046875
0.0055,-3.5634765625,0.640625,2.6826171875
0.006,-3.5634765625,0.1201171875,3.2431640625
0.0065,-2.9228515625,-0.720703125,3.4833984375
0.007,-2.5625,-1.4013671875,3.8037109375
0.0075,-1.841796875,-2.162109375,3.84375
0.008,-1.2412109375,-2.642578125,3.7236328125
0.0085,-0.400390625,-3.0830078125,3.4033203125
0.009,0.16015625,-3.5634765625,3.2431640625
0.0095,1.12109375,-3.763671875,2.5224609375
0.01,1.7216796875,-3.923828125,2.2421875
0.0105,2.40234375,-4.00390625,1.6015625
0.011,2.72265625,-3.7236328125,1.041015625
0.0115,3.203125,-3.603515625,0.48046875
0.012,3.5234375,-3.04296875,-0.3603515625
0.0125,3.763671875,-2.5224609375,-1.12109375
0.013,3.9638671875,-1.9619140625,-1.841796875
0.0135,3.9638671875,-1.44140625,-2.4423828125
0.014,3.6435546875,-0.720703125,-2.802734375
0.0145,3.603515625,-0.16015625,-3.36328125
0.015,2.962890625,0.6806640625,-3.5634765625
0.0155,2.6025390625,1.3212890625,-3.8837890625
0.016,1.921875,2.0419921875,-4.00390625
0.0165,1.28125,2.482421875,-3.763671875
0.017,0.5205078125,3.0029296875,-3.5634765625
0.0175,-0.2001953125,3.3232421875,-3.203125
0.018,-1.0009765625,3.603515625,-2.642578125
0.0185,-1.5615234375,3.8037109375,-2.322265625
0.019,-2.2021484375,3.84375,-1.76171875
0.0195,-2.5224609375,3.4833984375,-1.12109375
0.02,-3.0830078125,3.4833984375,-0.560546875
0.0205,-3.283203125,2.6826171875,0.3603515625
0.021,-3.603515625,2.3623046875,1.0009765625
0.0215,-3.7236328125,1.7216796875,1.76171875
0.022,-3.68359375,1.2412109375,2.2421875
0.0225,-3.4033203125,0.560546875,2.6826171875
0.023,-3.2431640625,-0.0400390625,3.1630859375
0.0235,-2.72265625,-0.9208984375,3.443359375
0.024,-2.2822265625,-1.521484375,3.6435546875
0.0245,-1.6416015625,-2.2021484375,3.68359375
0.025,-0.9208984375,-2.5625,3.4033203125
0.0255,-0.3203125,-3.203125,3.3232421875
0.026,0.5205078125,-3.36328125,2.802734375
0.0265,1.201171875,-3.7236328125,2.4423828125
0.027,1.8017578125,-3.8037109375,1.9619140625
0.0275,2.2421875,-3.8037109375,1.5615234375
0.028,2.6025390625,-3.5234375,0.9208984375
0.0285,3.1630859375,-3.36328125,0.2802734375
0.029,3.36328125,-2.6826171875,-0.6005859375
0.0295,3.68359375,-2.4423828125,-1.1611328125
0.03,3.8037109375,-1.76171875,-1.921875
0.0305,3.6435546875,-1.2412109375,-2.2822265625
0.031,3.5634765625,-0.640625,-2.8427734375
0.0315,3.2431640625,0.0400390625,-3.203125
0.032,2.8427734375,0.7607421875,-3.5634765625
0.0325,2.3623046875,1.4013671875,-3.7236328125
0.033,1.76171875,1.921875,-3.763671875
0.0335,0.9609375,2.40234375,-3.4833984375
0.034,0.4404296875,3.0029296875,-3.4833984375
0.0345,-0.400390625,3.203125,-2.8427734375
0.035,-1.0009765625,3.5634765625,-2.642578125
0.0355,-1.6015625,3.6435546875,-2.1220703125
0.036,-1.9619140625,3.5634765625,-1.681640625
0.0365,-2.4423828125,3.4033203125,-1.0810546875
0.037,-2.8828125,3.04296875,-0.3603515625
0.0375,-3.1630859375,2.5224609375,0.4404296875
0.038,-3.4833984375,2.2021484375,1.0810546875
0.0385,-3.5634765625,1.681640625,1.6416015625
0.039,-3.36328125,1.12109375,2.0419921875
0.0395,-3.4033203125,0.560546875,2.6826171875
0.04,-2.9228515625,-0.2001953125,3.0029296875
0.0405,-2.6826171875,-0.8408203125,3.3232421875
0.041,-2.08203125,-1.521484375,3.443359375
0.0415,-1.6015625,-2.0419921875,3.4033203125
0.042,-0.8408203125,-2.5224609375,3.203125
0.0425,-0.2802734375,-2.962890625,3.1630859375
0.043,0.560546875,-3.2431640625,2.6025390625
0.0435,1.0810546875,-3.603515625,2.482421875
0.044,1.681640625,-3.68359375,1.9619140625
0.0445,2.001953125,-3.5634765625,1.521484375
0.045,2.6025390625,-3.5234375,0.9208984375
0.0455,2.9228515625,-3.0029296875,0.1201171875
0.046,3.3232421875,-2.72265625,-0.5205078125
0.0465,3.5634765625,-2.2421875,-1.201171875
0.047,3.68359375,-1.841796875,-1.7216796875
0.0475,3.4833984375,-1.1611328125,-2.2421875
0.048,3.4833984375,-0.6005859375,-2.802734375
0.0485,3.04296875,0.16015625,-3.203125
0.049,2.802734375,0.7607421875,-3.5634765625
0.0495,2.162109375,1.4013671875,-3.6435546875
0.05,1.5615234375,1.9619140625,-3.5634765625
0.0505,0.880859375,2.5625,-3.4833984375
0.051,0.16015625,2.9228515625,-3.123046875
0.0515,-0.5205078125,3.283203125,-2.8427734375
0.052,-1.0810546875,3.5234375,-2.482421875
0.0525,-1.6416015625,3.603515625,-2.08203125
0.053,-2.0419921875,3.36328125,-1.4814453125
0.0535,-2.642578125,3.3232421875,-0.8408203125
0.054,-2.8828125,2.6826171875,0.0400390625
0.0545,-3.3232421875,2.482421875,0.6806640625
0.055,-3.443359375,1.921875,1.361328125
0.0555,-3.443359375,1.44140625,1.76171875
0.056,-3.283203125,0.7607421875,2.40234375
0.0565,-3.1630859375,0.1201171875,2.8427734375
0.057,-2.6826171875,-0.640625,3.1630859375
0.0575,-2.322265625,-1.28125,3.36328125
0.058,-1.7216796875,-1.841796875,3.443359375
0.0585,-1.041015625,-2.322265625,3.203125
0.059,-0.4404296875,-2.8828125,3.203125
0.0595,0.3603515625,-3.1630859375,2.642578125
0.06,0.9609375,-3.5234375,2.482421875
0.0605,1.5615234375,-3.5634765625,2.0419921875
0.061,1.9619140625,-3.6435546875,1.6416015625
0.0615,2.40234375,-3.36328125,1.0009765625
0.062,2.9228515625,-3.203125,0.3603515625
0.0625,3.1630859375,-2.6025390625,-0.48046875
0.063,3.5234375,-2.322265625,-1.0810546875
0.0635,3.5634765625,-1.8017578125,-1.7216796875
0.064,3.4833984375,-1.28125,-2.08203125
0.0645,3.443359375,-0.6806640625,-2.6826171875
0.065,3.0830078125,0.0400390625,-3.0830078125
0.0655,2.7626953125,0.6806640625,-3.4833984375
0.066,2.2421875,1.3212890625,-3.5634765625
0.0665,1.681640625,1.921875,-3.5634765625
0.067,0.9609375,2.40234375,-3.3232421875
0.0675,0.3603515625,2.9228515625,-3.283203125
0.068,-0.48046875,3.1630859375,-2.72265625
0.0685,-1.0009765625,3.5234375,-2.5625
0.069,-1.5615234375,3.5234375,-2.0419921875
0.0695,-1.9619140625,3.443359375,-1.6015625
0.07,-2.5224609375,3.2431640625,-0.9208984375
0.0705,-2.8828125,2.8427734375,-0.16015625
0.071,-3.203125,2.40234375,0.6005859375
0.0715,-3.443359375,2.001953125,1.201171875
0.072,-3.5234375,1.5615234375,1.76171875
0.0725,-3.283203125,0.880859375,2.2421875
0.073,-3.283203125,0.2802734375,2.802734375
0.0735,-2.72265625,-0.5205078125,3.04296875
0.074,-2.4423828125,-1.12109375,3.443359375
0.0745,-1.8017578125,-1.7216796875,3.36328125
0.075,-1.2412109375,-2.2822265625,3.36328125
0.0755,-0.5205078125,-2.72265625,3.1630859375
0.076,0.1201171875,-3.1630859375,2.9228515625
0.0765,0.9208984375,-3.4033203125,2.40234375
0.077,1.4013671875,-3.603515625,2.2021484375
0.0775,1.921875,-3.6435546875,1.7216796875
0.078,2.2822265625,-3.4033203125,1.12109375
0.0785,2.8427734375,-3.283203125,0.48046875
0.079,3.123046875,-2.72265625,-0.3203125
0.0795,3.4833984375,-2.40234375,-1.0009765625
0.08,3.5234375,-1.8818359375,-1.5615234375
0.0805,3.603515625,-1.44140625,-2.08203125
0.081,3.36328125,-0.80078125,-2.5625
0.0815,3.2431640625,-0.16015625,-3.0830078125
0.082,2.7626953125,0.640625,-3.36328125
0.0825,2.40234375,1.2412109375,-3.603515625
0.083,1.76171875,1.841796875,-3.5634765625
0.0835,1.12109375,2.2822265625,-3.4033203125
0.084,0.4404296875,2.8427734375,-3.283203125
0.0845,-0.2802734375,3.123046875,-2.8828125
0.085,-1.0009765625,3.4833984375,-2.5625
0.0855,-1.44140625,3.4833984375,-2.162109375
0.086,-1.9619140625,3.5634765625,-1.681640625
0.0865,-2.3623046875,3.2431640625,-1.041015625
0.087,-2.8828125,3.123046875,-0.3603515625
0.0875,-3.123046875,2.40234375,0.5205078125
0.088,-3.4833984375,2.162109375,1.12109375
0.0885,-3.4833984375,1.5615234375,1.7216796875
0.089,-3.4033203125,1.041015625,2.162109375
0.0895,-3.203125,0.3203125,2.6826171875
0.09,-2.9228515625,-0.3203125,3.0830078125
0.0905,-2.482421875,-1.041015625,3.36328125
0.091,-1.9619140625,-1.6416015625,3.443359375
0.0915,-1.3212890625,-2.2822265625,3.4833984375
0.092,-0.6005859375,-2.6826171875,3.1630859375
0.0925,0.0,-3.203125,3.0830078125
0.093,0.9208984375,-3.36328125,2.482421875
0.0935,1.4814453125,-3.7236328125,2.2421875
0.094,1.9619140625,-3.6435546875,1.681640625
0.0945,2.4423828125,-3.6435546875,1.2412109375
0.095,2.8427734375,-3.283203125,0.48046875
0.0955,3.283203125,-3.0029296875,-0.2001953125
0.096,3.5234375,-2.322265625,-1.12109375
0.0965,3.7236328125,-2.001953125,-1.6416015625
0.097,3.7236328125,-1.361328125,-2.2822265625
0.0975,3.443359375,-0.80078125,-2.6826171875
0.098,3.3232421875,-0.0400390625,-3.203125
0.0985,2.8427734375,0.720703125,-3.5234375
0.099,2.4423828125,1.44140625,-3.84375
0.0995,1.7216796875,2.001953125,-3.7236328125
0.1,1.0810546875,2.6025390625,-3.7236328125
0.1005,0.2802734375,2.962890625,-3.283203125
0.101,-0.400390625,3.443359375,-3.0830078125
0.1015,-1.28125,3.6435546875,-2.40234375
0.102,-1.841796875,3.8037109375,-2.001953125
0.1025,-2.322265625,3.6435546875,-1.4013671875
0.103,-2.7626953125,3.443359375,-0.8408203125
0.1035,-3.123046875,3.0830078125,-0.1201171875
0.104,-3.4833984375,2.5224609375,0.720703125
0.1045,-3.8037109375,1.841796875,1.6015625
0.105,-3.6435546875,1.3212890625,2.08203125
0.1055,-3.68359375,0.6005859375,2.6025390625
0.106,-3.2431640625,0.0400390625,3.0029296875
0.1065,-3.04296875,-0.6005859375,3.443359375
0.107,-2.2822265625,-1.4814453125,3.6435546875
0.1075,-1.8017578125,-2.1220703125,3.8037109375
0.108,-1.0009765625,-2.6025390625,3.5234375
0.1085,-0.3603515625,-3.1630859375,3.443359375
0.109,0.3603515625,-3.36328125,2.9228515625
0.1095,1.12109375,-3.7236328125,2.5625
0.11,1.9619140625,-3.8837890625,1.921875
0.1105,2.40234375,-3.84375,1.44140625
0.111,2.8828125,-3.763671875,0.9208984375
0.1115,3.1630859375,-3.36328125,0.240234375
0.112,3.5634765625,-3.0029296875,-0.48046875
0.1125,3.68359375,-2.3623046875,-1.361328125
0.113,3.9638671875,-1.8017578125,-2.08203125
0.1135,3.7236328125,-1.2412109375,-2.642578125
0.114,3.7236328125,-0.6005859375,-3.04296875
0.1145,3.2431640625,0.1201171875,-3.3232421875
0.115,3.0029296875,0.80078125,-3.7236328125
0.1155,2.2822265625,1.6416015625,-3.8837890625
0.116,1.76171875,2.162109375,-3.8837890625
0.1165,1.0009765625,2.72265625,-3.7236328125
0.117,0.2802734375,3.123046875,-3.4833984375
0.1175,-0.400390625,3.443359375,-3.0830078125
0.118,-1.201171875,3.68359375,-2.5625
0.1185,-1.9619140625,3.8837890625,-2.0419921875
0.119,-2.2822265625,3.6435546875,-1.4814453125
0.1195,-2.8427734375,3.68359375,-1.0009765625
0.12,-3.0830078125,3.1630859375,-0.240234375
0.1205,-3.5234375,2.7626953125,0.400390625
0.121,-3.68359375,2.0419921875,1.4013671875
0.1215,-3.763671875,1.6015625,2.001953125
0.122,-3.603515625,0.8408203125,2.5224609375
0.1225,-3.5634765625,0.3603515625,3.0029296875
0.123,-3.0830078125,-0.400390625,3.3232421875
0.1235,-2.6826171875,-1.1611328125,3.6435546875
0.124,-2.08203125,-1.9619140625,3.8837890625
0.1245,-1.4013671875,-2.4423828125,3.68359375
0.125,-0.6806640625,-3.0830078125,3.6435546875
0.1255,0.080078125,-3.36328125,3.1630859375
0.126,0.80078125,-3.7236328125,2.8828125
0.1265,1.681640625,-3.8837890625,2.2021484375
0.127,2.322265625,-4.0439453125,1.76171875
0.1275,2.6826171875,-3.763671875,1.12109375
0.128,3.203125,-3.763671875,0.6005859375
0.1285,3.5234375,-3.1630859375,-0.3203125
0.129,3.8037109375,-2.7626953125,-0.9609375
0.1295,3.9638671875,-1.9619140625,-1.9619140625
0.13,3.9638671875,-1.4013671875,-2.4423828125
0.1305,3.763671875,-0.6806640625,-2.962890625
0.131,3.5234375,-0.080078125,-3.36328125
0.1315,3.1630859375,0.6005859375,-3.7236328125
0.132,2.5625,1.4013671875,-3.923828125
0.1325,1.9619140625,2.2021484375,-4.1640625
0.133,1.1611328125,2.5625,-3.7236328125
0.1335,0.5205078125,3.203125,-3.763671875
0.134,-0.3203125,3.4033203125,-3.1630859375
0.1345,-1.0009765625,3.763671875,-2.8427734375
0.135,-1.8818359375,3.8837890625,-2.1220703125
0.1355,-2.40234375,3.84375,-1.6015625
0.136,-2.7626953125,3.5634765625,-1.0009765625
0.1365,-3.1630859375,3.5234375,-0.3203125
0.137,-3.443359375,2.802734375,0.400390625
0.1375,-3.7236328125,2.2822265625,1.1611328125
0.138,-3.923828125,1.6015625,2.08203125
0.1385,-3.68359375,1.041015625,2.482421875
0.139,-3.68359375,0.4404296875,3.04296875
0.1395,-3.203125,-0.2802734375,3.3232421875
0.14,-2.8828125,-1.0009765625,3.68359375
0.1405,-2.2021484375,-1.8017578125,3.84375
0.141,-1.6015625,-2.4423828125,3.8837890625
0.1415,-0.7607421875,-2.8427734375,3.5234375
0.142,-0.16015625,-3.4033203125,3.4833984375
0.1425,0.6806640625,-3.603515625,2.8427734375
0.143,1.361328125,-3.8837890625,2.5224609375
0.1435,2.2421875,-4.083984375,1.841796875
0.144,2.6025390625,-3.8837890625,1.3212890625
0.1445,3.0029296875,-3.8037109375,0.80078125
0.145,3.443359375,-3.4033203125,0.0
0.1455,3.763671875,-2.8828125,-0.80078125
0.146,3.9638671875,-2.2421875,-1.6015625
0.1465,4.1240234375,-1.6015625,-2.40234375
0.147,3.84375,-0.9208984375,-2.7626953125
0.1475,3.84375,-0.400390625,-3.36328125
0.148,3.2431640625,0.48046875,-3.603515625
0.1485,2.8828125,1.1611328125,-4.00390625
0.149,2.162109375,2.0419921875,-4.1640625
0.1495,1.4814453125,2.5625,-4.0439453125
0.15,0.640625,3.04296875,-3.7236328125
0.1505,0.0,3.5234375,-3.5234375
0.151,-0.9208984375,3.763671875,-2.8828125
0.1515,-1.6015625,3.9638671875,-2.4423828125
0.152,-2.4423828125,4.1240234375,-1.8017578125
0.1525,-2.7626953125,3.7236328125,-1.12109375
0.153,-3.283203125,3.68359375,-0.6005859375
0.1535,-3.5634765625,3.0029296875,0.3203125
0.154,-3.84375,2.5224609375,1.12109375
0.1545,-4.00390625,1.76171875,1.9619140625
0.155,-4.0439453125,1.1611328125,2.6826171875
0.1555,-3.603515625,0.3603515625,3.0029296875
0.156,-3.5634765625,-0.16015625,3.5234375
0.1565,-2.8828125,-1.0810546875,3.8037109375
0.157,-2.40234375,-1.8017578125,4.00390625
0.1575,-1.6015625,-2.642578125,4.1240234375
0.158,-0.80078125,-3.0830078125,3.8037109375
0.1585,-0.080078125,-3.5634765625,3.5634765625
0.159,0.7607421875,-3.8837890625,3.0830078125
0.1595,1.6015625,-4.083984375,2.4423828125
0.16,2.2822265625,-4.1640625,1.921875
0.1605,3.0029296875,-4.2041015625,1.28125
0.161,3.2431640625,-3.763671875,0.560546875
0.1615,3.763671875,-3.7236328125,0.0
0.162,3.923828125,-2.802734375,-1.041015625
0.1625,4.1640625,-2.322265625,-1.7216796875
0.163,4.244140625,-1.5615234375,-2.5625
0.1635,4.083984375,-0.9208984375,-3.0830078125
0.164,3.763671875,-0.16015625,-3.443359375
0.1645,3.4833984375,0.4404296875,-3.84375
0.165,2.802734375,1.361328125,-4.083984375
0.1655,2.2421875,1.9619140625,-4.2041015625
0.166,1.521484375,2.802734375,-4.2841796875
0.1665,0.640625,3.123046875,-3.8037109375
0.167,0.0,3.6435546875,-3.68359375
0.1675,-0.9609375,3.84375,-2.962890625
0.168,-1.6416015625,4.00390625,-2.4423828125
0.1685,-2.322265625,4.083984375,-1.8818359375
0.169,-2.8828125,3.9638671875,-1.28125
0.1695,-3.1630859375,3.5234375,-0.6005859375
0.17,-3.603515625,3.4033203125,0.0
0.1705,-3.763671875,2.5224609375,1.041015625
0.171,-4.00390625,2.08203125,1.6416015625
0.1715,-4.0439453125,1.3212890625,2.482421875
0.172,-3.7236328125,0.640625,2.8427734375
0.1725,-3.5634765625,0.0,3.3232421875
0.173,-3.123046875,-0.6806640625,3.6435546875
0.1735,-2.5625,-1.4814453125,3.84375
0.174,-1.9619140625,-2.162109375,3.9638671875
0.1745,-1.28125,-2.802734375,3.9638671875
0.175,-0.4404296875,-3.1630859375,3.4833984375
0.1755,0.1201171875,-3.68359375,3.4833984375
0.176,1.12109375,-3.8037109375,2.6025390625
0.1765,1.76171875,-4.083984375,2.2822265625
0.177,2.4423828125,-4.1240234375,1.6416015625
0.1775,2.8427734375,-3.923828125,1.0810546875
0.178,3.203125,-3.5634765625,0.48046875
0.1785,3.603515625,-3.283203125,-0.240234375
0.179,3.8037109375,-2.5625,-1.1611328125
0.1795,4.0439453125,-2.1220703125,-1.8017578125
0.18,4.083984375,-1.44140625,-2.5224609375
0.1805,3.763671875,-0.7607421875,-2.8828125
0.181,3.7236328125,-0.16015625,-3.4033203125
0.1815,3.123046875,0.640625,-3.68359375
0.182,2.6826171875,1.3212890625,-3.9638671875
0.1825,2.0419921875,2.0419921875,-4.0439453125
0.183,1.361328125,2.5625,-3.923828125
0.1835,0.560546875,3.0029296875,-3.5634765625
0.184,-0.0400390625,3.5234375,-3.4833984375
0.1845,-1.0009765625,3.6435546875,-2.72265625
0.185,-1.6015625,3.8837890625,-2.4423828125
0.1855,-2.2822265625,3.8837890625,-1.8017578125
0.186,-2.642578125,3.68359375,-1.1611328125
0.1865,-3.123046875,3.5234375,-0.560546875
0.187,-3.443359375,2.9228515625,0.2802734375
0.1875,-3.7236328125,2.40234375,1.12109375
0.188,-3.8837890625,1.841796875,1.841796875
0.1885,-3.8837890625,1.2412109375,2.482421875
0.189,-3.5634765625,0.48046875,2.8427734375
0.1895,-3.5234375,-0.080078125,3.36328125
0.19,-2.7626953125,-1.0009765625,3.6435546875
0.1905,-2.3623046875,-1.6416015625,3.8837890625
0.191,-1.6015625,-2.40234375,3.84375
0.1915,-0.9208984375,-2.8828125,3.68359375
0.192,-0.16015625,-3.283203125,3.36328125
0.1925,0.6005859375,-3.7236328125,3.04296875
0.193,1.4814453125,-3.8837890625,2.3623046875
0.1935,2.0419921875,-4.0439453125,1.9619140625
0.194,2.6826171875,-4.00390625,1.3212890625
0.1945,2.962890625,-3.603515625,0.6806640625
0.195,3.4833984375,-3.5234375,0.080078125
0.1955,3.7236328125,-2.72265625,-0.9208984375
0.196,3.9638671875,-2.2822265625,-1.5615234375
0.1965,3.9638671875,-1.6015625,-2.2822265625
0.197,3.8837890625,-1.0009765625,-2.7626953125
0.1975,3.5234375,-0.3203125,-3.1630859375
0.198,3.36328125,0.3203125,-3.603515625
0.1985,2.6826171875,1.2412109375,-3.84375
0.199,2.2421875,1.841796875,-4.0439453125
0.1995,1.5615234375,2.482421875,-4.00390625
0.2,0.7607421875,2.8828125,-3.6435546875
0.2005,0.0400390625,3.36328125,-3.4833984375
0.201,-0.80078125,3.6435546875,-2.8828125
0.2015,-1.5615234375,3.84375,-2.40234375
0.202,-2.08203125,3.8837890625,-1.921875
0.2025,-2.642578125,3.84375,-1.361328125
0.203,-2.9228515625,3.443359375,-0.640625
0.2035,-3.4833984375,3.283203125,0.0
0.204,-3.603515625,2.40234375,1.0009765625
0.2045,-3.8837890625,2.0419921875,1.6416015625
0.205,-3.84375,1.3212890625,2.322265625
0.2055,-3.68359375,0.6806640625,2.72265625
0.206,-3.4033203125,0.0,3.203125
0.2065,-3.04296875,-0.720703125,3.5634765625
0.207,-2.40234375,-1.6015625,3.84375
0.2075,-1.841796875,-2.162109375,3.84375
0.208,-1.12109375,-2.7626953125,3.84375
0.2085,-0.3203125,-3.1630859375,3.36328125
0.209,0.3203125,-3.7236328125,3.2431640625
0.2095,1.28125,-3.84375,2.482421875
0.21,1.921875,-4.0439453125,2.1220703125
0.2105,2.482421875,-3.9638671875,1.521484375
0.211,2.9228515625,-3.8837890625,0.9609375
0.2115,3.2431640625,-3.4033203125,0.240234375
0.212,3.7236328125,-3.123046875,-0.48046875
0.2125,3.84375,-2.2822265625,-1.44140625
0.213,4.083984375,-1.921875,-2.001953125
0.2135,3.9638671875,-1.1611328125,-2.6826171875
0.214,3.68359375,-0.5205078125,-3.04296875
0.2145,3.4833984375,0.1201171875,-3.5234375
0.215,2.8828125,0.9609375,-3.84375
0.2155,2.40234375,1.7216796875,-4.0439453125
0.216,1.7216796875,2.2421875,-3.9638671875
0.2165,1.041015625,2.8828125,-3.8837890625
0.217,0.2001953125,3.1630859375,-3.4033203125
0.2175,-0.400390625,3.6435546875,-3.2431640625
0.218,-1.44140625,3.763671875,-2.4423828125
0.2185,-1.9619140625,3.9638671875,-2.1220703125
0.219,-2.482421875,3.8037109375,-1.44140625
0.2195,-2.8828125,3.603515625,-0.8408203125
0.22,-3.2431640625,3.203125,-0.16015625
0.2205,-3.603515625,2.6826171875,0.6806640625
0.221,-3.8037109375,2.0419921875,1.5615234375
0.2215,-3.84375,1.521484375,2.08203125
0.222,-3.8037109375,0.880859375,2.6826171875
0.2225,-3.36328125,0.16015625,3.0029296875
0.223,-3.203125,-0.4404296875,3.4833984375
0.2235,-2.5224609375,-1.361328125,3.68359375
0.224,-2.08203125,-1.9619140625,3.8837890625
0.2245,-1.28125,-2.5625,3.68359375
0.225,-0.640625,-3.0830078125,3.5634765625
0.2255,0.16015625,-3.36328125,3.1630859375
0.226,0.80078125,-3.8037109375,2.8427734375
0.2265,1.7216796875,-3.8837890625,2.162109375
0.227,2.2021484375,-3.9638671875,1.8017578125
0.2275,2.72265625,-3.8837890625,1.1611328125
0.228,3.0830078125,-3.5634765625,0.560546875
0.2285,3.4833984375,-3.2431640625,-0.16015625
0.229,3.68359375,-2.5625,-1.0009765625
0.2295,3.9638671875,-2.08203125,-1.76171875
0.23,3.84375,-1.4814453125,-2.2822265625
0.2305,3.84375,-0.9208984375,-2.8427734375
0.231,3.443359375,-0.16015625,-3.1630859375
0.2315,3.2431640625,0.4404296875,-3.6435546875
0.232,2.5625,1.28125,-3.84375
0.2325,2.162109375,1.8818359375,-3.9638671875
0.233,1.3212890625,2.4423828125,-3.84375
0.2335,0.640625,2.8828125,-3.603515625
0.234,-0.080078125,3.283203125,-3.283203125
0.2345,-0.8408203125,3.5634765625,-2.802734375
0.235,-1.6015625,3.84375,-2.322265625
0.2355,-1.9619140625,3.763671875,-1.8818359375
0.236,-2.5625,3.7236328125,-1.3212890625
0.2365,-2.8427734375,3.283203125,-0.6005859375
0.237,-3.36328125,3.0830078125,0.0400390625
0.2375,-3.4833984375,2.2822265625,1.0009765625
0.238,-3.8037109375,1.921875,1.6015625
0.2385,-3.603515625,1.28125,2.162109375
0.239,-3.5634765625,0.7607421875,2.642578125
0.2395,-3.203125,0.0,3.04296875
0.24,-2.9228515625,-0.6806640625,3.443359375
0.2405,-2.3623046875,-1.4814453125,3.68359375
0.241,-1.8017578125,-2.001953125,3.6435546875
0.2415,-1.1611328125,-2.6025390625,3.603515625
0.242,-0.400390625,-3.04296875,3.2431640625
0.2425,0.2802734375,-3.4033203125,3.04296875
0.243,1.12109375,-3.603515625,2.4423828125
0.2435,1.7216796875,-3.8837890625,2.162109375
0.244,2.1220703125,-3.7236328125,1.5615234375
0.2445,2.6025390625,-3.7236328125,1.12109375
0.245,2.962890625,-3.2431640625,0.3603515625
0.2455,3.443359375,-3.04296875,-0.3203125
0.246,3.603515625,-2.322265625,-1.1611328125
0.2465,3.8037109375,-2.001953125,-1.681640625
0.247,3.68359375,-1.3212890625,-2.2822265625
0.2475,3.5634765625,-0.80078125,-2.6826171875
0.248,3.3232421875,-0.0400390625,-3.203125
0.2485,2.8828125,0.640625,-3.4833984375
0.249,2.5224609375,1.28125,-3.8037109375
0.2495,1.841796875,1.76171875,-3.68359375
0.25,1.28125,2.40234375,-3.7236328125
0.2505,0.48046875,2.802734375,-3.283203125
0.251,-0.1201171875,3.2431640625,-3.203125
0.2515,-0.9609375,3.443359375,-2.5625
0.252,-1.4013671875,3.68359375,-2.322265625
0.2525,-1.921875,3.5234375,-1.76171875
0.253,-2.322265625,3.4833984375,-1.28125
0.2535,-2.7626953125,3.123046875,-0.5205078125
0.254,-3.123046875,2.6826171875,0.240234375
0.2545,-3.4033203125,2.2421875,0.9609375
0.255,-3.4833984375,1.841796875,1.44140625
0.2555,-3.5634765625,1.28125,2.0419921875
0.256,-3.283203125,0.6005859375,2.482421875
0.2565,-3.1630859375,0.0,3.0029296875
0.257,-2.6025390625,-0.80078125,3.203125
0.2575,-2.2822265625,-1.4013671875,3.4833984375
0.258,-1.6416015625,-1.9619140625,3.3232421875
0.2585,-1.12109375,-2.40234375,3.443359375
0.259,-0.3203125,-2.8828125,3.0830078125
0.2595,0.2802734375,-3.203125,2.8427734375
0.26,1.0810546875,-3.5634765625,2.40234375
0.2605,1.44140625,-3.603515625,2.162109375
0.261,2.0419921875,-3.68359375,1.6416015625
0.2615,2.4423828125,-3.4033203125,1.041015625
0.262,2.962890625,-3.2431640625,0.3203125
0.2625,3.203125,-2.6826171875,-0.4404296875
0.263,3.6435546875,-2.4423828125,-1.12109375
0.2635,3.5234375,-1.841796875,-1.6015625
0.264,3.7236328125,-1.44140625,-2.162109375
0.2645,3.36328125,-0.640625,-2.642578125
0.265,3.283203125,-0.0400390625,-3.203125
0.2655,2.7626953125,0.7607421875,-3.5234375
0.266,2.40234375,1.28125,-3.68359375
0.2665,1.6416015625,1.9619140625,-3.5634765625
0.267,1.0009765625,2.4423828125,-3.4833984375
0.2675,0.2802734375,2.9228515625,-3.2431640625
0.268,-0.400390625,3.2431640625,-2.8828125
0.2685,-1.0810546875,3.5634765625,-2.5625
0.269,-1.4814453125,3.5234375,-2.08203125
0.2695,-2.08203125,3.6435546875,-1.6416015625
0.27,-2.4423828125,3.1630859375,-0.880859375
0.2705,-3.0029296875,3.0029296875,-0.2001953125
0.271,-3.203125,2.3623046875,0.6806640625
0.2715,-3.5234375,2.08203125,1.2412109375
0.272,-3.4033203125,1.4013671875,1.76171875
0.2725,-3.4033203125,0.9609375,2.2421875
0.273,-3.123046875,0.1201171875,2.7626953125
0.2735,-2.802734375,-0.5205078125,3.123046875
0.274,-2.40234375,-1.28125,3.443359375
0.2745,-1.8017578125,-1.7216796875,3.36328125
0.275,-1.201171875,-2.322265625,3.443359375
0.2755,-0.4404296875,-2.72265625,3.0830078125
0.276,0.16015625,-3.203125,2.9228515625
0.2765,0.9609375,-3.4033203125,2.40234375
0.277,1.44140625,-3.68359375,2.162109375
0.2775,1.921875,-3.5234375,1.6015625
0.278,2.40234375,-3.5634765625,1.201171875
0.2785,2.802734375,-3.0830078125,0.3603515625
0.279,3.203125,-2.8427734375,-0.2802734375
0.2795,3.4833984375,-2.2822265625,-1.0810546875
0.28,3.5634765625,-1.9619140625,-1.521484375
0.2805,3.5634765625,-1.3212890625,-2.1220703125
0.281,3.4033203125,-0.80078125,-2.5625
0.2815,3.203125,-0.080078125,-3.0830078125
0.282,2.7626953125,0.6005859375,-3.36328125
0.2825,2.4423828125,1.28125,-3.6435546875
0.283,1.7216796875,1.76171875,-3.4833984375
0.2835,1.201171875,2.3623046875,-3.5634765625
0.284,0.3603515625,2.72265625,-3.1630859375
0.2845,-0.2001953125,3.1630859375,-3.0029296875
0.285,-1.0009765625,3.443359375,-2.5224609375
0.2855,-1.4013671875,3.5234375,-2.2421875
0.286,-1.921875,3.4833984375,-1.6416015625
0.2865,-2.322265625,3.3232421875,-1.12109375
0.287,-2.802734375,3.0029296875,-0.3203125
0.2875,-3.123046875,2.5224609375,0.400390625
0.288,-3.4833984375,2.1220703125,1.1611328125
0.2885,-3.4033203125,1.5615234375,1.5615234375
0.289,-3.5234375,1.12109375,2.162109375
0.2895,-3.1630859375,0.3603515625,2.5625
0.29,-3.04296875,-0.2802734375,3.04296875
0.2905,-2.4423828125,-1.0009765625,3.3232421875
0.291,-2.0419921875,-1.5615234375,3.4833984375
0.2915,-1.3212890625,-2.08203125,3.3232421875
0.292,-0.7607421875,-2.6025390625,3.283203125
0.2925,0.0,-3.04296875,2.9228515625
0.293,0.640625,-3.36328125,2.6025390625
0.2935,1.4013671875,-3.6435546875,2.2021484375
0.294,1.76171875,-3.5634765625,1.841796875
0.2945,2.322265625,-3.6435546875,1.3212890625
0.295,2.6826171875,-3.203125,0.6005859375
0.2955,3.123046875,-2.962890625,-0.0400390625
0.296,3.36328125,-2.40234375,-0.880859375
0.2965,3.6435546875,-2.08203125,-1.44140625
0.297,3.4833984375,-1.4814453125,-1.9619140625
0.2975,3.603515625,-1.0810546875,-2.482421875
0.298,3.1630859375,-0.2802734375,-2.9228515625
0.2985,3.0029296875,0.400390625,-3.3232421875
0.299,2.5224609375,1.201171875,-3.603515625
0.2995,1.921875,1.6416015625,-3.5634765625
0.3,1.28125,2.2822265625,-3.5634765625
0.3005,0.560546875,2.6826171875,-3.283203125
0.301,-0.080078125,3.123046875,-3.04296875
0.3015,-0.80078125,3.4033203125,-2.6025390625
0.302,-1.44140625,3.6435546875,-2.2822265625
0.3025,-1.8017578125,3.4833984375,-1.7216796875
0.303,-2.40234375,3.5234375,-1.3212890625
0.3035,-2.72265625,3.0029296875,-0.4404296875
0.304,-3.1630859375,2.72265625,0.240234375
0.3045,-3.443359375,2.08203125,1.12109375
0.305,-3.5634765625,1.7216796875,1.5615234375
0.3055,-3.4033203125,1.0009765625,2.162109375
0.306,-3.36328125,0.48046875,2.6025390625
0.3065,-2.962890625,-0.2001953125,3.04296875
0.307,-2.6025390625,-0.9208984375,3.3232421875
0.3075,-2.08203125,-1.6416015625,3.603515625
0.308,-1.4013671875,-2.08203125,3.36328125
0.3085,-0.8408203125,-2.72265625,3.443359375
0.309,0.0,-3.04296875,2.962890625
0.3095,0.6005859375,-3.4033203125,2.72265625
0.31,1.4013671875,-3.6435546875,2.2021484375
0.3105,1.921875,-3.7236328125,1.841796875
0.311,2.322265625,-3.5634765625,1.2412109375
0.3115,2.8427734375,-3.5234375,0.720703125
0.312,3.1630859375,-2.9228515625,-0.080078125
0.3125,3.5234375,-2.6025390625,-0.8408203125
0.313,3.763671875,-2.001953125,-1.681640625
0.3135,3.6435546875,-1.4814453125,-2.08203125
0.314,3.6435546875,-0.9208984375,-2.72265625
0.3145,3.3232421875,-0.2001953125,-3.04296875
0.315,3.04296875,0.5205078125,-3.4833984375
0.3155,2.482421875,1.28125,-3.7236328125
0.316,1.921875,1.921875,-3.8837890625
0.3165,1.1611328125,2.40234375,-3.5634765625
0.317,0.6005859375,3.0029296875,-3.5634765625
0.3175,-0.2802734375,3.2431640625,-2.962890625
0.318,-0.9609375,3.603515625,-2.6826171875
0.3185,-1.8017578125,3.8037109375,-2.1220703125
0.319,-2.2021484375,3.68359375,-1.6015625
0.3195,-2.642578125,3.5234375,-1.041015625
0.32,-3.0830078125,3.1630859375,-0.3203125
0.3205,-3.36328125,2.642578125,0.5205078125
0.321,-3.603515625,2.0419921875,1.28125
0.3215,-3.8037109375,1.521484375,2.0419921875
0.322,-3.5234375,0.80078125,2.40234375
0.3225,-3.5634765625,0.3203125,3.0029296875
0.323,-2.962890625,-0.5205078125,3.283203125
0.3235,-2.6025390625,-1.201171875,3.6435546875
0.324,-1.9619140625,-2.001953125,3.8037109375
0.3245,-1.28125,-2.5224609375,3.68359375
0.325,-0.5205078125,-2.962890625,3.36328125
0.3255,0.080078125,-3.4033203125,3.203125
0.326,1.0009765625,-3.603515625,2.5625
0.3265,1.6416015625,-3.8837890625,2.2021484375
0.327,2.40234375,-4.00390625,1.6015625
0.3275,2.6826171875,-3.68359375,1.0009765625
0.328,3.1630859375,-3.603515625,0.48046875
0.3285,3.4833984375,-2.962890625,-0.3603515625
0.329,3.763671875,-2.5625,-1.1611328125
0.3295,3.8837890625,-1.921875,-1.921875
0.33,3.8837890625,-1.361328125,-2.5224609375
0.3305,3.5634765625,-0.640625,-2.8828125
0.331,3.5234375,-0.1201171875,-3.36328125
0.3315,2.9228515625,0.7607421875,-3.603515625
0.332,2.5625,1.361328125,-3.8837890625
0.3325,1.8818359375,2.2021484375,-4.00390625
0.333,1.12109375,2.6025390625,-3.7236328125
0.3335,0.48046875,3.123046875,-3.5634765625
0.334,-0.3203125,3.4033203125,-3.1630859375
0.3345,-1.0810546875,3.6435546875,-2.6025390625
0.335,-1.7216796875,3.84375,-2.2021484375
0.3355,-2.322265625,3.8837890625,-1.6416015625
0.336,-2.642578125,3.5234375,-1.0009765625
0.3365,-3.203125,3.4833984375,-0.48046875
0.337,-3.36328125,2.6826171875,0.48046875
0.3375,-3.68359375,2.2822265625,1.12109375
0.338,-3.84375,1.5615234375,1.9619140625
0.3385,-3.7236328125,1.0810546875,2.4423828125
0.339,-3.4833984375,0.400390625,2.8828125
0.3395,-3.283203125,-0.2001953125,3.3232421875
0.34,-2.72265625,-1.041015625,3.5634765625
0.3405,-2.2421875,-1.681640625,3.763671875
0.341,-1.6015625,-2.4423828125,3.8837890625
0.3415,-0.7607421875,-2.8427734375,3.4833984375
0.342,-0.16015625,-3.36328125,3.4833984375
0.3425,0.720703125,-3.603515625,2.802734375
0.343,1.4013671875,-3.8837890625,2.40234375
0.3435,2.1220703125,-4.00390625,1.8818359375
0.344,2.642578125,-3.923828125,1.3212890625
0.3445,2.962890625,-3.5634765625,0.640625
0.345,3.4833984375,-3.4833984375,0.0400390625
0.3455,3.68359375,-2.642578125,-0.9208984375
0.346,3.8837890625,-2.2822265625,-1.6015625
0.3465,4.00390625,-1.5615234375,-2.3623046875
0.347,3.8037109375,-0.9208984375,-2.72265625
0.3475,3.6435546875,-0.3203125,-3.203125
0.348,3.203125,0.4404296875,-3.5634765625
0.3485,2.6826171875,1.2412109375,-3.84375
0.349,2.162109375,1.921875,-4.00390625
0.3495,1.4814453125,2.5224609375,-4.00390625
0.35,0.640625,2.8828125,-3.5634765625
0.3505,0.0400390625,3.443359375,-3.5234375
0.351,-0.9609375,3.603515625,-2.72265625
0.3515,-1.521484375,3.84375,-2.40234375
0.352,-2.2021484375,3.84375,-1.8017578125
0.3525,-2.6025390625,3.7236328125,-1.2412109375
0.353,-2.962890625,3.4033203125,-0.6005859375
0.3535,-3.36328125,3.04296875,0.1201171875
0.354,-3.603515625,2.2421875,1.041015625
0.3545,-3.8037109375,1.921875,1.7216796875
0.355,-3.84375,1.2412109375,2.40234375
0.3555,-3.5634765625,0.560546875,2.72265625
0.356,-3.4833984375,0.0,3.283203125
0.3565,-2.8427734375,-0.9208984375,3.5634765625
0.357,-2.40234375,-1.6015625,3.84375
0.3575,-1.681640625,-2.2822265625,3.84375
0.358,-1.041015625,-2.8427734375,3.763671875
0.3585,-0.240234375,-3.203125,3.3232421875
0.359,0.4404296875,-3.68359375,3.1630859375
0.3595,1.4013671875,-3.84375,2.3623046875
0.36,1.9619140625,-4.0439453125,2.08203125
0.3605,2.642578125,-4.0439453125,1.44140625
0.361,3.0029296875,-3.8037109375,0.80078125
0.3615,3.443359375,-3.5634765625,0.16015625
0.362,3.7236328125,-2.962890625,-0.720703125
0.3625,3.9638671875,-2.2822265625,-1.5615234375
0.363,4.083984375,-1.7216796875,-2.2021484375
0.3635,4.0439453125,-1.0810546875,-2.8427734375
0.364,3.6435546875,-0.3603515625,-3.1630859375
0.3645,3.5234375,0.240234375,-3.68359375
0.365,2.802734375,1.2412109375,-3.923828125
0.3655,2.3623046875,1.841796875,-4.1240234375
0.366,1.5615234375,2.5224609375,-4.0439453125
0.3665,0.80078125,3.04296875,-3.84375
0.367,0.0,3.4033203125,-3.4833984375
0.3675,-0.7607421875,3.8037109375,-3.0830078125
0.368,-1.681640625,3.9638671875,-2.322265625
0.3685,-2.2021484375,4.00390625,-1.9619140625
0.369,-2.8427734375,3.9638671875,-1.28125
0.3695,-3.1630859375,3.5234375,-0.6005859375
0.37,-3.603515625,3.283203125,0.0
0.3705,-3.84375,2.482421875,1.12109375
0.371,-4.00390625,1.921875,1.8818359375
0.3715,-3.923828125,1.2412109375,2.5224609375
0.372,-3.84375,0.6005859375,3.04296875
0.3725,-3.4033203125,-0.1201171875,3.36328125
0.373,-3.1630859375,-0.80078125,3.8037109375
0.3735,-2.322265625,-1.841796875,4.00390625
0.374,-1.8017578125,-2.40234375,4.083984375
0.3745,-1.0009765625,-3.0830078125,3.923828125
0.375,-0.2001953125,-3.443359375,3.5634765625
0.3755,0.560546875,-3.84375,3.203125
0.376,1.44140625,-4.0439453125,2.5625
0.3765,2.2822265625,-4.2041015625,1.921875
0.377,2.6826171875,-4.1240234375,1.4013671875
0.3775,3.283203125,-4.0439453125,0.80078125
0.378,3.4833984375,-3.5234375,0.0
0.3785,3.9638671875,-3.203125,-0.640625
0.379,4.083984375,-2.2421875,-1.681640625
0.3795,4.2041015625,-1.8017578125,-2.322265625
0.38,4.00390625,-1.0009765625,-2.8828125
0.3805,3.84375,-0.3603515625,-3.36328125
0.381,3.443359375,0.3203125,-3.68359375
0.3815,3.04296875,1.041015625,-4.00390625
0.382,2.2822265625,1.9619140625,-4.2041015625
0.3825,1.7216796875,2.4423828125,-4.1240234375
0.383,0.9208984375,3.0830078125,-4.00390625
0.3835,0.1201171875,3.36328125,-3.5234375
0.384,-0.5205078125,3.8037109375,-3.283203125
0.3845,-1.521484375,3.8837890625,-2.482421875
0.385,-2.162109375,4.0439453125,-2.08203125
0.3855,-2.5625,3.84375,-1.44140625
0.386,-3.0830078125,3.763671875,-0.9208984375
0.3865,-3.3232421875,3.2431640625,-0.1201171875
0.387,-3.7236328125,2.9228515625,0.6005859375
0.3875,-3.8837890625,2.0419921875,1.5615234375
0.388,-3.9638671875,1.6015625,2.162109375
0.3885,-3.84375,0.8408203125,2.7626953125
0.389,-3.5634765625,0.240234375,3.123046875
0.3895,-3.283203125,-0.4404296875,3.5234375
0.39,-2.72265625,-1.28125,3.8037109375
0.3905,-2.1220703125,-2.001953125,4.00390625
0.391,-1.44140625,-2.5224609375,3.84375
0.3915,-0.7607421875,-3.123046875,3.763671875
0.392,0.0400390625,-3.4033203125,3.2431640625
0.3925,0.720703125,-3.8837890625,3.04296875
0.393,1.7216796875,-4.00390625,2.2021484375
0.3935,2.2421875,-4.1640625,1.921875
0.394,2.72265625,-3.9638671875,1.201171875
0.3945,3.1630859375,-3.763671875,0.640625
0.395,3.4833984375,-3.283203125,-0.080078125
0.3955,3.84375,-2.8427734375,-0.880859375
0.396,4.00390625,-2.1220703125,-1.8017578125
0.3965,4.00390625,-1.6416015625,-2.2822265625
0.397,3.9638671875,-0.9208984375,-2.9228515625
0.3975,3.603515625,-0.2001953125,-3.2431640625
0.398,3.36328125,0.4404296875,-3.7236328125
0.3985,2.6826171875,1.3212890625,-3.923828125
0.399,2.2421875,1.9619140625,-4.1640625
0.3995,1.4013671875,2.482421875,-3.8837890625
0.4,0.7607421875,3.04296875,-3.84375
0.4005,-0.080078125,3.36328125,-3.283203125
0.401,-0.80078125,3.763671875,-3.0830078125
0.4015,-1.681640625,3.8837890625,-2.2822265625
0.402,-2.2021484375,3.8837890625,-1.9619140625
0.4025,-2.72265625,3.84375,-1.2412109375
0.403,-3.0830078125,3.4833984375,-0.6005859375
0.4035,-3.4833984375,3.123046875,0.16015625
0.404,-3.7236328125,2.4423828125,1.0810546875
0.4045,-3.9638671875,1.8818359375,1.8818359375
0.405,-3.763671875,1.2412109375,2.322265625
0.4055,-3.8037109375,0.6005859375,2.9228515625
0.406,-3.283203125,-0.16015625,3.2431640625
0.4065,-3.0830078125,-0.80078125,3.68359375
0.407,-2.2822265625,-1.76171875,3.84375
0.4075,-1.76171875,-2.2822265625,3.923828125
0.408,-0.9609375,-2.8427734375,3.6435546875
0.4085,-0.2802734375,-3.283203125,3.4833984375
0.409,0.48046875,-3.6435546875,3.0029296875
0.4095,1.28125,-3.8837890625,2.5224609375
0.41,2.08203125,-4.1240234375,1.921875
0.4105,2.4423828125,-3.8837890625,1.4814453125
0.411,3.0029296875,-3.84375,0.880859375
0.4115,3.2431640625,-3.36328125,0.16015625
0.412,3.68359375,-3.0830078125,-0.5205078125
0.4125,3.84375,-2.2822265625,-1.44140625
0.413,4.083984375,-1.841796875,-2.08203125
0.4135,3.8037109375,-1.12109375,-2.5625
0.414,3.8037109375,-0.6005859375,-3.0830078125
0.4145,3.3232421875,0.16015625,-3.36328125
0.415,3.0029296875,0.8408203125,-3.8037109375
0.4155,2.3623046875,1.7216796875,-4.00390625
0.416,1.76171875,2.162109375,-3.8837890625
0.4165,1.0009765625,2.802734375,-3.84375
0.417,0.2802734375,3.1630859375,-3.4833984375
0.4175,-0.400390625,3.5234375,-3.203125
0.418,-1.28125,3.68359375,-2.5625
0.4185,-1.9619140625,4.00390625,-2.1220703125
0.419,-2.322265625,3.68359375,-1.521484375
0.4195,-2.8828125,3.763671875,-1.0009765625
0.42,-3.1630859375,3.1630859375,-0.16015625
0.4205,-3.603515625,2.8427734375,0.560546875
0.421,-3.8037109375,2.0419921875,1.5615234375
0.4215,-3.8837890625,1.6015625,2.08203125
0.422,-3.7236328125,0.8408203125,2.642578125
0.4225,-3.5634765625,0.2802734375,3.0830078125
0.423,-3.1630859375,-0.5205078125,3.4833984375
0.4235,-2.6025390625,-1.28125,3.763671875
0.424,-2.0419921875,-2.08203125,3.9638671875
0.4245,-1.28125,-2.5224609375,3.68359375
0.425,-0.640625,-3.203125,3.68359375
0.4255,0.240234375,-3.5234375,3.1630859375
0.426,0.9208984375,-3.8837890625,2.8427734375
0.4265,1.841796875,-4.00390625,2.1220703125
0.427,2.4423828125,-4.1240234375,1.6416015625
0.4275,2.802734375,-3.763671875,1.0009765625
0.428,3.3232421875,-3.7236328125,0.48046875
0.4285,3.5234375,-3.0830078125,-0.3603515625
0.429,3.8837890625,-2.642578125,-1.1611328125
0.4295,4.083984375,-1.8818359375,-2.1220703125
0.43,3.9638671875,-1.28125,-2.5224609375
0.4305,3.84375,-0.640625,-3.0830078125
0.431,3.4833984375,0.0400390625,-3.443359375
0.4315,3.123046875,0.7607421875,-3.8037109375
0.432,2.482421875,1.5615234375,-3.9638671875
0.4325,1.921875,2.2822265625,-4.1640625
0.433,1.0009765625,2.642578125,-3.7236328125
0.4335,0.400390625,3.2431640625,-3.7236328125
0.434,-0.48046875,3.443359375,-3.0830078125
0.4345,-1.12109375,3.8037109375,-2.7626953125
0.435,-2.001953125,3.9638671875,-2.08203125
0.4355,-2.40234375,3.84375,-1.5615234375
0.436,-2.8828125,3.6435546875,-0.9609375
0.4365,-3.203125,3.36328125,-0.3203125
0.437,-3.5234375,2.802734375,0.48046875
0.4375,-3.7236328125,2.2421875,1.28125
0.438,-4.00390625,1.6416015625,2.162109375
0.4385,-3.6435546875,0.9609375,2.482421875
0.439,-3.7236328125,0.400390625,3.0830078125
0.4395,-3.1630859375,-0.3603515625,3.3232421875
0.44,-2.8427734375,-1.0009765625,3.68359375
0.4405,-2.1220703125,-1.8818359375,3.84375
0.441,-1.5615234375,-2.4423828125,3.84375
0.4415,-0.720703125,-2.8828125,3.4833984375
0.442,-0.16015625,-3.443359375,3.4033203125
0.4425,0.6806640625,-3.603515625,2.8427734375
0.443,1.4013671875,-3.8837890625,2.4423828125
0.4435,2.2021484375,-4.0439453125,1.8818359375
0.444,2.5224609375,-3.8037109375,1.3212890625
0.4445,3.04296875,-3.763671875,0.7607421875
0.445,3.3232421875,-3.2431640625,0.0
0.4455,3.68359375,-2.8427734375,-0.720703125
0.446,3.84375,-2.2021484375,-1.5615234375
0.4465,4.00390625,-1.681640625,-2.2021484375
0.447,3.68359375,-1.0009765625,-2.6025390625
0.4475,3.763671875,-0.48046875,-3.1630859375
0.448,3.1630859375,0.3203125,-3.443359375
0.4485,2.8828125,0.9609375,-3.8037109375
0.449,2.2421875,1.8017578125,-4.00390625
0.4495,1.6015625,2.2421875,-3.84375
0.45,0.8408203125,2.802734375,-3.7236328125
0.4505,0.1201171875,3.203125,-3.4033203125
0.451,-0.6005859375,3.5234375,-2.962890625
0.4515,-1.3212890625,3.7236328125,-2.482421875
0.452,-2.001953125,3.8837890625,-2.001953125
0.4525,-2.2822265625,3.5634765625,-1.361328125
0.453,-2.8828125,3.6435546875,-0.9208984375
0.4535,-3.1630859375,2.962890625,0.0
0.454,-3.5234375,2.642578125,0.6806640625
0.4545,-3.7236328125,1.921875,1.5615234375
0.455,-3.7236328125,1.4814453125,2.0419921875
0.4555,-3.4833984375,0.7607421875,2.5224609375
0.456,-3.4033203125,0.240234375,3.0029296875
0.4565,-2.9228515625,-0.5205078125,3.3232421875
0.457,-2.5224609375,-1.2412109375,3.5634765625
0.4575,-1.9619140625,-2.001953125,3.763671875
0.458,-1.28125,-2.4423828125,3.4833984375
0.4585,-0.640625,-2.962890625,3.5234375
0.459,0.16015625,-3.2431640625,3.04296875
0.4595,0.8408203125,-3.603515625,2.6826171875
0.46,1.6015625,-3.8037109375,2.162109375
0.4605,2.08203125,-3.8837890625,1.76171875
0.461,2.5224609375,-3.603515625,1.12109375
0.4615,2.962890625,-3.5634765625,0.640625
0.462,3.2431640625,-2.9228515625,-0.2001953125
0.4625,3.603515625,-2.6025390625,-0.880859375
0.463,3.8037109375,-1.9619140625,-1.7216796875
0.4635,3.68359375,-1.4814453125,-2.08203125
0.464,3.68359375,-0.9208984375,-2.642578125
0.4645,3.36328125,-0.240234375,-3.04296875
0.465,3.04296875,0.4404296875,-3.443359375
0.4655,2.5625,1.12109375,-3.7236328125
0.466,2.0419921875,1.76171875,-3.84375
0.4665,1.28125,2.2421875,-3.5234375
0.467,0.7607421875,2.8427734375,-3.603515625
0.4675,-0.0400390625,3.0830078125,-3.04296875
0.468,-0.640625,3.443359375,-2.8427734375
0.4685,-1.4013671875,3.6435546875,-2.2822265625
0.469,-1.8017578125,3.5634765625,-1.9619140625
0.4695,-2.2822265625,3.5234375,-1.3212890625
0.47,-2.6826171875,3.2431640625,-0.720703125
0.4705,-3.04296875,2.802734375,0.0400390625
0.471,-3.36328125,2.3623046875,0.7607421875
0.4715,-3.5634765625,1.921875,1.4814453125
0.472,-3.4033203125,1.361328125,1.8818359375
0.4725,-3.5234375,0.8408203125,2.482421875
0.473,-3.0830078125,0.0400390625,2.8427734375
0.4735,-2.8828125,-0.560546875,3.2431640625
0.474,-2.322265625,-1.361328125,3.443359375
0.4745,-1.841796875,-1.8017578125,3.4833984375
0.475,-1.12109375,-2.322265625,3.3232421875
0.4755,-0.6005859375,-2.8427734375,3.283203125
0.476,0.240234375,-3.1630859375,2.8427734375
0.4765,0.8408203125,-3.5234375,2.5625
0.477,1.521484375,-3.7236328125,2.162109375
0.4775,1.841796875,-3.5634765625,1.76171875
0.478,2.482421875,-3.6435546875,1.201171875
0.4785,2.802734375,-3.203125,0.400390625
0.479,3.2431640625,-2.8828125,-0.240234375
0.4795,3.5234375,-2.40234375,-1.0009765625
0.48,3.68359375,-2.0419921875,-1.5615234375
0.4805,3.5234375,-1.361328125,-2.0419921875
0.481,3.603515625,-0.9208984375,-2.6025390625
0.4815,3.1630859375,-0.0400390625,-3.0830078125
0.482,2.9228515625,0.5205078125,-3.4833984375
0.4825,2.40234375,1.3212890625,-3.68359375
0.483,1.8017578125,1.76171875,-3.5634765625
0.4835,1.1611328125,2.40234375,-3.5634765625
0.484,0.4404296875,2.802734375,-3.283203125
0.4845,-0.2802734375,3.1630859375,-2.9228515625
0.485,-0.9609375,3.4833984375,-2.6025390625
0.4855,-1.521484375,3.6435546875,-2.2421875
0.486,-1.921875,3.443359375,-1.6416015625
0.4865,-2.482421875,3.4833984375,-1.1611328125
0.487,-2.8427734375,2.8828125,-0.240234375
0.4875,-3.203125,2.6025390625,0.400390625
0.488,-3.4833984375,2.0419921875,1.2412109375
0.4885,-3.4833984375,1.6015625,1.6416015625
0.489,-3.36328125,0.9609375,2.2021484375
0.4895,-3.2431640625,0.3203125,2.6826171875
0.49,-2.8828125,-0.400390625,3.04296875
0.4905,-2.482421875,-1.041015625,3.36328125
0.491,-1.9619140625,-1.681640625,3.5234375
0.4915,-1.28125,-2.1220703125,3.283203125
0.492,-0.6806640625,-2.7626953125,3.3232421875
0.4925,0.1201171875,-3.04296875,2.8427734375
0.493,0.6806640625,-3.4033203125,2.6025390625
0.4935,1.4013671875,-3.603515625,2.162109375
0.494,1.841796875,-3.6435546875,1.8017578125
0.4945,2.2822265625,-3.4833984375,1.201171875
0.495,2.7626953125,-3.36328125,0.640625
0.4955,3.04296875,-2.7626953125,-0.16015625
0.496,3.443359375,-2.5224609375,-0.8408203125
0.4965,3.6435546875,-1.9619140625,-1.5615234375
0.497,3.5234375,-1.521484375,-1.9619140625
0.4975,3.5634765625,-0.9609375,-2.5625
0.498,3.203125,-0.240234375,-2.962890625
0.4985,2.9228515625,0.4404296875,-3.3232421875
0.499,2.482421875,1.1611328125,-3.603515625
0.4995,1.921875,1.681640625,-3.603515625
0.5,1.2412109375,2.2421875,-3.4033203125
0.5005,0.640625,2.802734375,-3.443359375
0.501,-0.16015625,3.04296875,-2.8828125
0.5015,-0.720703125,3.4033203125,-2.72265625
0.502,-1.44140625,3.5634765625,-2.2421875
0.5025,-1.8017578125,3.5234375,-1.8017578125
0.503,-2.322265625,3.4033203125,-1.2412109375
0.5035,-2.72265625,3.04296875,-0.48046875
0.504,-3.0830078125,2.6025390625,0.2802734375
0.5045,-3.4033203125,2.2021484375,1.0009765625
0.505,-3.5634765625,1.7216796875,1.5615234375
0.5055,-3.36328125,1.12109375,2.0419921875
0.506,-3.443359375,0.560546875,2.5625
0.5065,-2.9228515625,-0.2001953125,2.962890625
0.507,-2.642578125,-0.80078125,3.3232421875
0.5075,-2.08203125,-1.5615234375,3.4833984375
0.508,-1.4814453125,-2.001953125,3.4033203125
0.5085,-0.80078125,-2.5625,3.2431640625
0.509,-0.16015625,-3.0029296875,3.0830078125
0.5095,0.6005859375,-3.2431640625,2.6025390625
0.51,1.2412109375,-3.603515625,2.3623046875
0.5105,1.8017578125,-3.7236328125,1.921875
0.511,2.162109375,-3.5634765625,1.361328125
0.5115,2.72265625,-3.5234375,0.80078125
0.512,3.04296875,-2.9228515625,0.0
0.5125,3.36328125,-2.6025390625,-0.6806640625
0.513,3.5634765625,-2.08203125,-1.44140625
0.5135,3.6435546875,-1.6416015625,-1.921875
0.514,3.443359375,-1.041015625,-2.40234375
0.5145,3.4033203125,-0.400390625,-2.8828125
0.515,2.9228515625,0.3603515625,-3.2431640625
0.5155,2.6025390625,1.0009765625,-3.5634765625
0.516,2.0419921875,1.681640625,-3.68359375
0.5165,1.361328125,2.1220703125,-3.5234375
0.517,0.720703125,2.6826171875,-3.4833984375
0.5175,0.0,3.04296875,-3.0830078125
0.518,-0.6806640625,3.3232421875,-2.72265625
0.5185,-1.3212890625,3.5634765625,-2.322265625
0.519,-1.8017578125,3.603515625,-1.8818359375
0.5195,-2.2021484375,3.36328125,-1.28125
0.52,-2.7626953125,3.283203125,-0.6806640625
0.5205,-3.04296875,2.6025390625,0.240234375
0.521,-3.4033203125,2.2822265625,0.8408203125
0.5215,-3.5634765625,1.7216796875,1.6416015625
0.522,-3.4833984375,1.201171875,2.001953125
0.5225,-3.36328125,0.6005859375,2.5625
0.523,-3.0830078125,-0.0400390625,3.0029296875
0.5235,-2.642578125,-0.80078125,3.3232421875
0.524,-2.2021484375,-1.4814453125,3.5234375
0.5245,-1.6015625,-2.08203125,3.5634765625
0.525,-0.8408203125,-2.5224609375,3.283203125
0.5255,-0.2802734375,-3.0830078125,3.283203125
0.526,0.6005859375,-3.3232421875,2.642578125
0.5265,1.2412109375,-3.68359375,2.40234375
0.527,1.8818359375,-3.763671875,1.8818359375
0.5275,2.322265625,-3.7236328125,1.4013671875
0.528,2.72265625,-3.443359375,0.7607421875
0.5285,3.1630859375,-3.203125,0.0400390625
0.529,3.4833984375,-2.5625,-0.8408203125
0.5295,3.763671875,-2.2421875,-1.4814453125
0.53,3.763671875,-1.6015625,-2.2021484375
0.5305,3.603515625,-0.9609375,-2.5625
0.531,3.5234375,-0.3203125,-3.0830078125
0.5315,3.04296875,0.48046875,-3.443359375
0.532,2.6025390625,1.201171875,-3.763671875
0.5325,2.001953125,1.8818359375,-3.84375
0.533,1.3212890625,2.482421875,-3.8037109375
0.5335,0.560546875,2.8427734375,-3.4033203125
0.534,-0.080078125,3.36328125,-3.283203125
0.5345,-1.041015625,3.5234375,-2.5625
0.535,-1.6416015625,3.8037109375,-2.2421875
0.5355,-2.2421875,3.763671875,-1.6416015625
0.536,-2.642578125,3.5634765625,-1.041015625
0.5365,-3.04296875,3.3232421875,-0.400390625
0.537,-3.4033203125,2.72265625,0.4404296875
0.5375,-3.6435546875,2.08203125,1.28125
0.538,-3.8037109375,1.5615234375,1.921875
0.5385,-3.7236328125,0.9609375,2.5224609375
0.539,-3.36328125,0.2802734375,2.8828125
0.5395,-3.2431640625,-0.3203125,3.4033203125
0.54,-2.5224609375,-1.28125,3.6435546875
0.5405,-2.08203125,-1.8818359375,3.84375
0.541,-1.3212890625,-2.5224609375,3.68359375
0.5415,-0.640625,-3.0029296875,3.5634765625
0.542,0.1201171875,-3.3232421875,3.1630859375
0.5425,0.8408203125,-3.7236328125,2.8427734375
0.543,1.76171875,-3.84375,2.08203125
0.5435,2.2421875,-3.923828125,1.7216796875
0.544,2.8427734375,-3.84375,1.12109375
0.5445,3.04296875,-3.5234375,0.48046875
0.545,3.5234375,-3.283203125,-0.16015625
0.5455,3.7236328125,-2.5625,-1.12109375
0.546,3.8837890625,-2.0419921875,-1.8818359375
0.5465,3.84375,-1.4013671875,-2.40234375
0.547,3.8037109375,-0.8408203125,-2.8828125
0.5475,3.4033203125,-0.1201171875,-3.203125
0.548,3.203125,0.48046875,-3.6435546875
0.5485,2.5224609375,1.4013671875,-3.84375
0.549,2.0419921875,1.921875,-4.00390625
0.5495,1.28125,2.5625,-3.84375
0.55,0.6005859375,2.962890625,-3.5634765625
0.5505,-0.080078125,3.36328125,-3.283203125
0.551,-0.9208984375,3.6435546875,-2.7626953125
0.5515,-1.6416015625,3.84375,-2.2822265625
0.552,-2.1220703125,3.8037109375,-1.8017578125
0.5525,-2.642578125,3.763671875,-1.2412109375
0.553,-2.9228515625,3.3232421875,-0.5205078125
0.5535,-3.443359375,3.123046875,0.1201171875
0.554,-3.6435546875,2.2421875,1.12109375
0.5545,-3.84375,1.8818359375,1.76171875
0.555,-3.7236328125,1.201171875,2.322265625
0.5555,-3.6435546875,0.6005859375,2.802734375
0.556,-3.283203125,-0.080078125,3.203125
0.5565,-2.9228515625,-0.80078125,3.5634765625
0.557,-2.322265625,-1.6416015625,3.8037109375
0.5575,-1.7216796875,-2.2021484375,3.8037109375
0.558,-1.0009765625,-2.8427734375,3.763671875
0.5585,-0.2001953125,-3.203125,3.3232421875
0.559,0.4404296875,-3.68359375,3.1630859375
0.5595,1.4013671875,-3.84375,2.40234375
0.56,2.0419921875,-4.0439453125,1.9619140625
0.5605,2.5224609375,-3.8837890625,1.4013671875
0.561,3.0029296875,-3.8837890625,0.8408203125
0.5615,3.283203125,-3.36328125,0.080078125
0.562,3.7236328125,-3.0830078125,-0.640625
0.5625,3.84375,-2.162109375,-1.6015625
0.563,4.0439453125,-1.7216796875,-2.2021484375
0.5635,3.8837890625,-1.0009765625,-2.7626953125
0.564,3.68359375,-0.400390625,-3.203125
0.5645,3.3232421875,0.2802734375,-3.5634765625
0.565,2.802734375,1.12109375,-3.84375
0.5655,2.2421875,1.921875,-4.1240234375
0.566,1.521484375,2.3623046875,-3.8837890625
0.5665,0.8408203125,3.0029296875,-3.84375
0.567,0.0,3.283203125,-3.283203125
0.5675,-0.640625,3.68359375,-3.0830078125
0.568,-1.6015625,3.8037109375,-2.2822265625
0.5685,-2.162109375,3.9638671875,-1.921875
0.569,-2.5625,3.68359375,-1.28125
0.5695,-3.04296875,3.5634765625,-0.6806640625
0.57,-3.203125,3.123046875,0.0
0.5705,-3.6435546875,2.5625,0.880859375
0.571,-3.84375,1.8818359375,1.76171875
0.5715,-3.8037109375,1.3212890625,2.2421875
0.572,-3.7236328125,0.640625,2.8427734375
0.5725,-3.36328125,0.0,3.1630859375
0.573,-3.123046875,-0.640625,3.5634765625
0.5735,-2.40234375,-1.521484375,3.763671875
0.574,-1.921875,-2.2021484375,3.9638671875
0.5745,-1.0810546875,-2.6826171875,3.6435546875
0.575,-0.48046875,-3.2431640625,3.6435546875
0.5755,0.3603515625,-3.5234375,3.04296875
0.576,1.0810546875,-3.8837890625,2.7626953125
0.5765,2.001953125,-4.00390625,2.0419921875
0.577,2.5224609375,-4.00390625,1.5615234375
0.5775,2.962890625,-3.8837890625,0.9609375
0.578,3.283203125,-3.4833984375,0.400390625
0.5785,3.68359375,-3.123046875,-0.4404296875
0.579,3.8837890625,-2.4423828125,-1.3212890625
0.5795,4.1240234375,-1.8818359375,-2.1220703125
0.58,3.8837890625,-1.2412109375,-2.6025390625
0.5805,3.923828125,-0.640625,-3.203125
0.581,3.4033203125,0.1201171875,-3.4833984375
0.5815,3.1630859375,0.80078125,-3.8837890625
0.582,2.40234375,1.76171875,-4.083984375
0.5825,1.841796875,2.322265625,-4.1640625
0.583,1.0009765625,2.8427734375,-3.84375
0.5835,0.2802734375,3.36328125,-3.68359375
0.584,-0.5205078125,3.6435546875,-3.1630859375
0.5845,-1.28125,3.8837890625,-2.642578125
0.585,-2.2021484375,4.1240234375,-1.9619140625
0.5855,-2.5625,3.84375,-1.44140625
0.586,-3.123046875,3.8037109375,-1.0009765625
0.5865,-3.36328125,3.2431640625,-0.080078125
0.587,-3.8037109375,2.8427734375,0.6806640625
0.5875,-3.923828125,2.0419921875,1.6416015625
0.588,-4.1240234375,1.521484375,2.40234375
0.5885,-3.7236328125,0.6806640625,2.8427734375
0.589,-3.7236328125,0.1201171875,3.36328125
0.5895,-3.123046875,-0.640625,3.603515625
0.59,-2.72265625,-1.4013671875,3.9638671875
0.5905,-1.9619140625,-2.322265625,4.1240234375
0.591,-1.2412109375,-2.8427734375,3.923828125
0.5915,-0.400390625,-3.36328125,3.7236328125
0.592,0.3203125,-3.7236328125,3.3232421875
0.5925,1.12109375,-4.00390625,2.802734375
0.593,1.841796875,-4.2041015625,2.2021484375
0.5935,2.7626953125,-4.3642578125,1.5615234375
0.594,3.04296875,-3.8837890625,0.880859375
0.5945,3.5634765625,-3.84375,0.3603515625
0.595,3.7236328125,-3.0830078125,-0.5205078125
0.5955,4.083984375,-2.72265625,-1.2412109375
0.596,4.1640625,-1.841796875,-2.2421875
0.5965,4.1640625,-1.28125,-2.802734375
0.597,3.84375,-0.5205078125,-3.203125
0.5975,3.6435546875,0.080078125,-3.6435546875
0.598,3.123046875,0.880859375,-3.8837890625
0.5985,2.5625,1.5615234375,-4.1240234375
0.599,1.921875,2.482421875,-4.3642578125
0.5995,1.0810546875,2.802734375,-3.8837890625
0.6,0.400390625,3.443359375,-3.84375
0.6005,-0.400390625,3.6435546875,-3.203125
0.601,-1.041015625,3.923828125,-2.8828125
0.6015,-1.9619140625,3.9638671875,-2.1220703125
0.602,-2.6025390625,4.0439453125,-1.6015625
0.6025,-2.8828125,3.6435546875,-0.9208984375
0.603,-3.36328125,3.603515625,-0.400390625
0.6035,-3.5634765625,2.8427734375,0.48046875
0.604,-3.8837890625,2.4423828125,1.2412109375
0.6045,-4.00390625,1.6015625,2.162109375
0.605,-3.84375,1.0810546875,2.5625
0.6055,-3.7236328125,0.400390625,3.123046875
0.606,-3.36328125,-0.240234375,3.443359375
0.6065,-2.9228515625,-1.0009765625,3.763671875
0.607,-2.2822265625,-1.76171875,3.8837890625
0.6075,-1.6416015625,-2.482421875,4.00390625
0.608,-0.80078125,-2.8828125,3.603515625
0.6085,-0.2001953125,-3.4833984375,3.603515625
0.609,0.6005859375,-3.603515625,2.9228515625
0.6095,1.28125,-4.00390625,2.6025390625
0.61,2.162109375,-4.1240234375,1.921875
0.6105,2.6025390625,-4.00390625,1.4013671875
0.611,3.0029296875,-3.763671875,0.7607421875
0.6115,3.4033203125,-3.5234375,0.16015625
0.612,3.68359375,-2.8828125,-0.640625
0.6125,3.923828125,-2.40234375,-1.4013671875
0.613,4.1240234375,-1.76171875,-2.2822265625
0.6135,3.8037109375,-1.12109375,-2.6025390625
0.614,3.84375,-0.5205078125,-3.203125
0.6145,3.3232421875,0.240234375,-3.4833984375
0.615,3.0029296875,0.9208984375,-3.84375
0.6155,2.322265625,1.76171875,-4.00390625
0.616,1.76171875,2.2822265625,-4.0439453125
0.6165,0.9208984375,2.7626953125,-3.68359375
0.617,0.2802734375,3.3232421875,-3.6435546875
0.6175,-0.6005859375,3.5234375,-3.0029296875
0.618,-1.2412109375,3.8037109375,-2.6826171875
0.6185,-2.0419921875,3.9638671875,-2.0419921875
0.619,-2.4423828125,3.763671875,-1.44140625
0.6195,-2.9228515625,3.68359375,-0.9208984375
0.62,-3.2431640625,3.1630859375,-0.080078125
0.6205,-3.5634765625,2.6826171875,0.6806640625
0.621,-3.8037109375,2.08203125,1.521484375
0.6215,-3.923828125,1.5615234375,2.2021484375
0.622,-3.5634765625,0.80078125,2.5625
0.6225,-3.6435546875,0.2802734375,3.1630859375
0.623,-3.0029296875,-0.6005859375,3.443359375
0.6235,-2.642578125,-1.28125,3.763671875
0.624,-1.9619140625,-2.1220703125,3.8837890625
0.6245,-1.28125,-2.6025390625,3.7236328125
0.625,-0.5205078125,-3.0830078125,3.5234375
0.6255,0.16015625,-3.5634765625,3.2431640625
0.626,1.041015625,-3.8037109375,2.6025390625
0.6265,1.681640625,-3.923828125,2.2421875
0.627,2.40234375,-4.083984375,1.6416015625
0.6275,2.72265625,-3.7236328125,1.0009765625
0.628,3.283203125,-3.7236328125,0.48046875
0.6285,3.5234375,-3.0029296875,-0.400390625
0.629,3.84375,-2.6025390625,-1.12109375
0.6295,3.9638671875,-1.921875,-1.9619140625
0.63,3.9638671875,-1.361328125,-2.482421875
0.6305,3.6435546875,-0.640625,-2.8828125
0.631,3.5634765625,-0.080078125,-3.4033203125
0.6315,3.0029296875,0.7607421875,-3.68359375
0.632,2.5625,1.4013671875,-3.9638671875
0.6325,1.921875,2.2421875,-4.083984375
0.633,1.12109375,2.6025390625,-3.7236328125
0.6335,0.48046875,3.1630859375,-3.68359375
0.634,-0.3603515625,3.4833984375,-3.1630859375
0.6345,-1.1611328125,3.8037109375,-2.72265625
0.635,-1.8017578125,3.8837890625,-2.2021484375
0.6355,-2.4423828125,3.9638671875,-1.6416015625
0.636,-2.72265625,3.5634765625,-1.0009765625
0.6365,-3.283203125,3.5234375,-0.400390625
0.637,-3.5234375,2.6826171875,0.6005859375
0.6375,-3.84375,2.322265625,1.28125
0.638,-3.923828125,1.5615234375,2.1220703125
0.6385,-3.8037109375,0.9609375,2.5625
0.639,-3.5634765625,0.2802734375,3.04296875
0.6395,-3.2431640625,-0.3603515625,3.443359375
0.64,-2.6826171875,-1.2412109375,3.763671875
0.6405,-2.1220703125,-1.921875,3.8837890625
0.641,-1.44140625,-2.6025390625,3.9638671875
0.6415,-0.640625,-3.0830078125,3.5234375
0.642,0.0,-3.603515625,3.4833984375
0.6425,0.9609375,-3.7236328125,2.72265625
0.643,1.6015625,-4.00390625,2.3623046875
0.6435,2.3623046875,-4.0439453125,1.7216796875
0.644,2.8427734375,-3.9638671875,1.201171875
0.6445,3.1630859375,-3.5634765625,0.48046875
0.645,3.603515625,-3.36328125,-0.16015625
0.6455,3.8037109375,-2.5224609375,-1.12109375
0.646,4.00390625,-2.1220703125,-1.76171875
0.6465,4.083984375,-1.44140625,-2.5224609375
0.647,3.763671875,-0.7607421875,-2.8828125
0.6475,3.68359375,-0.16015625,-3.4033203125
0.648,3.123046875,0.640625,-3.7236328125
0.6485,2.642578125,1.4013671875,-3.9638671875
0.649,2.001953125,2.08203125,-4.0439453125
0.6495,1.3212890625,2.6025390625,-4.00390625
0.65,0.5205078125,2.962890625,-3.5634765625
0.6505,-0.080078125,3.5234375,-3.4833984375
0.651,-1.0810546875,3.68359375,-2.642578125
0.6515,-1.6416015625,3.923828125,-2.3623046875
0.652,-2.322265625,3.8837890625,-1.7216796875
0.6525,-2.72265625,3.68359375,-1.1611328125
0.653,-3.1630859375,3.443359375,-0.5205078125
0.6535,-3.4833984375,2.962890625,0.2802734375
0.654,-3.7236328125,2.2822265625,1.1611328125
0.6545,-3.84375,1.841796875,1.841796875
0.655,-3.8837890625,1.201171875,2.482421875
0.6555,-3.4833984375,0.48046875,2.802734375
0.656,-3.4833984375,-0.0400390625,3.36328125
0.6565,-2.7626953125,-1.0009765625,3.5634765625
0.657,-2.3623046875,-1.6015625,3.84375
0.6575,-1.6015625,-2.322265625,3.8037109375
0.658,-1.0009765625,-2.8427734375,3.68359375
0.6585,-0.2001953125,-3.203125,3.3232421875
0.659,0.4404296875,-3.6435546875,3.123046875
0.6595,1.4013671875,-3.8037109375,2.3623046875
0.66,1.921875,-4.00390625,2.0419921875
0.6605,2.5224609375,-3.9638671875,1.44140625
0.661,2.8427734375,-3.68359375,0.8408203125
0.6615,3.36328125,-3.5234375,0.240234375
0.662,3.603515625,-2.8427734375,-0.640625
0.6625,3.84375,-2.3623046875,-1.361328125
0.663,3.9638671875,-1.8017578125,-2.0419921875
0.6635,3.923828125,-1.2412109375,-2.5625
0.664,3.5634765625,-0.5205078125,-2.962890625
0.6645,3.4833984375,0.080078125,-3.4833984375
0.665,2.802734375,0.9609375,-3.7236328125
0.6655,2.4423828125,1.5615234375,-3.9638671875
0.666,1.7216796875,2.2421875,-3.923828125
0.6665,0.9609375,2.6826171875,-3.7236328125
0.667,0.2802734375,3.1630859375,-3.4833984375
0.6675,-0.5205078125,3.5234375,-3.04296875
0.668,-1.28125,3.7236328125,-2.5224609375
0.6685,-1.8017578125,3.84375,-2.08203125
0.669,-2.3623046875,3.8037109375,-1.5615234375
0.6695,-2.642578125,3.443359375,-0.9208984375
0.67,-3.203125,3.3232421875,-0.2802734375
0.6705,-3.36328125,2.5224609375,0.640625
0.671,-3.7236328125,2.2021484375,1.28125
0.6715,-3.7236328125,1.521484375,1.9619140625
0.672,-3.603515625,1.0009765625,2.40234375
0.6725,-3.36328125,0.2802734375,2.8427734375
0.673,-3.123046875,-0.3203125,3.283203125
0.6735,-2.5625,-1.1611328125,3.5234375
0.674,-2.08203125,-1.76171875,3.68359375
0.6745,-1.44140625,-2.40234375,3.6435546875
0.675,-0.6806640625,-2.7626953125,3.3232421875
0.6755,-0.0400390625,-3.283203125,3.2431640625
0.676,0.80078125,-3.4833984375,2.6025390625
0.6765,1.4013671875,-3.8037109375,2.3623046875
0.677,1.921875,-3.8037109375,1.841796875
0.6775,2.40234375,-3.763671875,1.4013671875
0.678,2.7626953125,-3.4033203125,0.6806640625
0.6785,3.2431640625,-3.2431640625,0.0400390625
0.679,3.443359375,-2.5625,-0.80078125
0.6795,3.763671875,-2.2822265625,-1.361328125
0.68,3.763671875,-1.6015625,-2.0419921875
0.6805,3.5634765625,-1.0810546875,-2.4423828125
0.681,3.4833984375,-0.400390625,-2.962890625
0.6815,3.0830078125,0.240234375,-3.283203125
0.682,2.72265625,0.9208984375,-3.603515625
0.6825,2.162109375,1.521484375,-3.7236328125
0.683,1.6015625,2.1220703125,-3.7236328125
0.6835,0.80078125,2.5625,-3.36328125
0.684,0.240234375,3.0830078125,-3.36328125
0.6845,-0.6005859375,3.2431640625,-2.72265625
0.685,-1.12109375,3.603515625,-2.5625
0.6855,-1.6416015625,3.5634765625,-2.001953125
0.686,-2.08203125,3.5234375,-1.6015625
0.6865,-2.5625,3.3232421875,-0.9208984375
0.687,-2.9228515625,2.9228515625,-0.16015625
0.6875,-3.2431640625,2.482421875,0.6005859375
0.688,-3.4833984375,2.08203125,1.201171875
0.6885,-3.5634765625,1.5615234375,1.76171875
0.689,-3.36328125,0.9609375,2.2021484375
0.6895,-3.36328125,0.3203125,2.7626953125
0.69,-2.8427734375,-0.400390625,3.04296875
0.6905,-2.6025390625,-1.041015625,3.4033203125
0.691,-1.9619140625,-1.6015625,3.443359375
0.6915,-1.44140625,-2.1220703125,3.443359375
0.692,-0.640625,-2.642578125,3.203125
0.6925,0.0,-3.0830078125,3.04296875
0.693,0.720703125,-3.36328125,2.5625
0.6935,1.28125,-3.6435546875,2.3623046875
0.694,1.841796875,-3.7236328125,1.8818359375
0.6945,2.2021484375,-3.5234375,1.3212890625
0.695,2.802734375,-3.443359375,0.6806640625
0.6955,3.0830078125,-2.8828125,-0.1201171875
0.696,3.4833984375,-2.6025390625,-0.80078125
0.6965,3.603515625,-2.08203125,-1.4013671875
0.697,3.68359375,-1.6416015625,-1.921875
0.6975,3.4833984375,-0.9609375,-2.4423828125
0.698,3.443359375,-0.3603515625,-3.0029296875
0.6985,2.8828125,0.4404296875,-3.36328125
0.699,2.6025390625,1.0810546875,-3.603515625
0.6995,1.9619140625,1.681640625,-3.603515625
0.7,1.28125,2.2421875,-3.5234375
0.7005,0.6005859375,2.802734375,-3.4033203125
0.701,-0.1201171875,3.123046875,-2.962890625
0.7015,-0.80078125,3.443359375,-2.6826171875
0.702,-1.3212890625,3.5234375,-2.2822265625
0.7025,-1.8818359375,3.6435546875,-1.8818359375
0.703,-2.2822265625,3.3232421875,-1.1611328125
0.7035,-2.8427734375,3.203125,-0.5205078125
0.704,-3.0830078125,2.5224609375,0.3603515625
0.7045,-3.4833984375,2.2822265625,0.9609375
0.705,-3.443359375,1.6416015625,1.5615234375
0.7055,-3.443359375,1.201171875,2.0419921875
0.706,-3.2431640625,0.48046875,2.5625
0.7065,-3.04296875,-0.2001953125,2.962890625
0.707,-2.5625,-0.9208984375,3.3232421875
0.7075,-2.08203125,-1.4814453125,3.4033203125
0.708,-1.521484375,-2.08203125,3.4833984375
0.7085,-0.720703125,-2.5224609375,3.1630859375
0.709,-0.16015625,-3.04296875,3.123046875
0.7095,0.640625,-3.2431640625,2.5224609375
0.71,1.2412109375,-3.603515625,2.3623046875
0.7105,1.7216796875,-3.5634765625,1.841796875
0.711,2.2021484375,-3.5634765625,1.44140625
0.7115,2.6025390625,-3.2431640625,0.720703125
0.712,3.04296875,-3.04296875,0.0400390625
0.7125,3.3232421875,-2.4423828125,-0.720703125
0.713,3.5634765625,-2.2021484375,-1.28125
0.7135,3.603515625,-1.6416015625,-1.921875
0.714,3.4833984375,-1.12109375,-2.322265625
0.7145,3.36328125,-0.48046875,-2.8828125
0.715,2.962890625,0.3203125,-3.203125
0.7155,2.6826171875,0.9609375,-3.5634765625
0.716,2.0419921875,1.5615234375,-3.5634765625
0.7165,1.4814453125,2.1220703125,-3.603515625
0.717,0.720703125,2.5625,-3.283203125
0.7175,0.080078125,3.04296875,-3.203125
0.718,-0.6806640625,3.3232421875,-2.642578125
0.7185,-1.2412109375,3.5634765625,-2.4423828125
0.719,-1.76171875,3.5234375,-1.921875
0.7195,-2.162109375,3.443359375,-1.361328125
0.72,-2.642578125,3.1630859375,-0.640625
0.7205,-3.0029296875,2.6826171875,0.1201171875
0.721,-3.36328125,2.2822265625,0.880859375
0.7215,-3.443359375,1.841796875,1.4013671875
0.722,-3.5634765625,1.3212890625,1.921875
0.7225,-3.283203125,0.6005859375,2.40234375
0.723,-3.203125,0.0,2.9228515625
0.7235,-2.6025390625,-0.7607421875,3.203125
0.724,-2.2822265625,-1.361328125,3.4833984375
0.7245,-1.6015625,-1.921875,3.36328125
0.725,-1.0009765625,-2.4423828125,3.3232421875
0.7255,-0.2802734375,-2.8828125,3.04296875
0.726,0.400390625,-3.203125,2.7626953125
0.7265,1.1611328125,-3.5634765625,2.322265625
0.727,1.5615234375,-3.603515625,2.001953125
0.7275,2.162109375,-3.68359375,1.5615234375
0.728,2.482421875,-3.36328125,0.880859375
0.7285,3.04296875,-3.203125,0.240234375
0.729,3.2431640625,-2.5625,-0.6005859375
0.7295,3.603515625,-2.2822265625,-1.2412109375
0.73,3.5234375,-1.681640625,-1.8017578125
0.7305,3.603515625,-1.28125,-2.2822265625
0.731,3.3232421875,-0.5205078125,-2.72265625
0.7315,3.1630859375,0.080078125,-3.203125
0.732,2.6826171875,0.9208984375,-3.4833984375
0.7325,2.2421875,1.4013671875,-3.603515625
0.733,1.5615234375,2.0419921875,-3.603515625
0.7335,0.8408203125,2.5224609375,-3.4033203125
0.734,0.2001953125,3.0029296875,-3.203125
0.7345,-0.6005859375,3.2431640625,-2.72265625
0.735,-1.2412109375,3.5634765625,-2.4423828125
0.7355,-1.6416015625,3.5234375,-1.9619140625
0.736,-2.2021484375,3.603515625,-1.5615234375
0.7365,-2.5625,3.1630859375,-0.7607421875
0.737,-3.0830078125,2.962890625,-0.0400390625
0.7375,-3.283203125,2.2421875,0.80078125
0.738,-3.5634765625,1.9619140625,1.4013671875
0.7385,-3.5234375,1.28125,1.921875
0.739,-3.443359375,0.80078125,2.4423828125
0.7395,-3.203125,0.0400390625,2.8828125
0.74,-2.7626953125,-0.640625,3.2431640625
0.7405,-2.322265625,-1.44140625,3.603515625
0.741,-1.681640625,-1.921875,3.4833984375
0.7415,-1.0810546875,-2.5625,3.5234375
0.742,-0.2802734375,-2.9228515625,3.1630859375
0.7425,0.3203125,-3.4033203125,2.962890625
0.743,1.2412109375,-3.5634765625,2.2822265625
0.7435,1.76171875,-3.84375,2.0419921875
0.744,2.2421875,-3.6435546875,1.4013671875
0.7445,2.72265625,-3.603515625,0.9609375
0.745,3.0830078125,-3.1630859375,0.1201171875
0.7455,3.443359375,-2.8427734375,-0.6005859375
0.746,3.7236328125,-2.2021484375,-1.44140625
0.7465,3.7236328125,-1.7216796875,-2.001953125
0.747,3.7236328125,-1.041015625,-2.5625
0.7475,3.443359375,-0.400390625,-2.9228515625
0.748,3.203125,0.2802734375,-3.443359375
0.7485,2.6025390625,1.12109375,-3.68359375
0.749,2.162109375,1.8017578125,-3.923828125
0.7495,1.4013671875,2.2822265625,-3.68359375
0.75,0.7607421875,2.8828125,-3.68359375
0.7505,-0.0400390625,3.1630859375,-3.1630859375
0.751,-0.720703125,3.5234375,-2.8828125
0.7515,-1.6015625,3.763671875,-2.2021484375
0.752,-2.08203125,3.763671875,-1.8017578125
0.7525,-2.5625,3.6435546875,-1.201171875
0.753,-2.9228515625,3.36328125,-0.6005859375
0.7535,-3.283203125,2.8427734375,0.2001953125
0.754,-3.5634765625,2.2421875,1.041015625
0.7545,-3.84375,1.681640625,1.8818359375
0.755,-3.603515625,1.0810546875,2.2822265625
0.7555,-3.6435546875,0.560546875,2.8828125
0.756,-3.1630859375,-0.2001953125,3.1630859375
0.7565,-2.8427734375,-0.880859375,3.5634765625
0.757,-2.1220703125,-1.76171875,3.763671875
0.7575,-1.6015625,-2.322265625,3.8037109375
0.758,-0.80078125,-2.802734375,3.4833984375
0.7585,-0.16015625,-3.283203125,3.36328125
0.759,0.640625,-3.5634765625,2.8427734375
0.7595,1.4013671875,-3.8037109375,2.40234375
0.76,2.2021484375,-4.00390625,1.8017578125
0.7605,2.5224609375,-3.8037109375,1.28125
0.761,3.04296875,-3.7236328125,0.7607421875
0.7615,3.3232421875,-3.2431640625,0.0
0.762,3.68359375,-2.8828125,-0.6806640625
0.7625,3.8037109375,-2.2021484375,-1.6015625
0.763,4.0439453125,-1.6416015625,-2.2822265625
0.7635,3.68359375,-0.9208984375,-2.642578125
0.764,3.7236328125,-0.48046875,-3.203125
0.7645,3.1630859375,0.3203125,-3.443359375
0.765,2.8427734375,1.0009765625,-3.8037109375
0.7655,2.2021484375,1.921875,-4.00390625
0.766,1.5615234375,2.322265625,-3.84375
0.7665,0.7607421875,2.8828125,-3.7236328125
0.767,0.0400390625,3.2431640625,-3.36328125
0.7675,-0.640625,3.5634765625,-2.962890625
0.768,-1.44140625,3.763671875,-2.40234375
0.7685,-2.162109375,3.9638671875,-1.921875
0.769,-2.482421875,3.6435546875,-1.28125
0.7695,-3.0029296875,3.68359375,-0.80078125
0.77,-3.203125,3.0029296875,0.0
0.7705,-3.68359375,2.6025390625,0.7607421875
0.771,-3.8037109375,1.8818359375,1.7216796875
0.7715,-3.84375,1.4013671875,2.2421875
0.772,-3.603515625,0.640625,2.72265625
0.7725,-3.5234375,0.1201171875,3.1630859375
0.773,-2.962890625,-0.6806640625,3.4833984375
0.7735,-2.5224609375,-1.4013671875,3.763671875
0.774,-1.8818359375,-2.2421875,3.9638671875
0.7745,-1.0810546875,-2.642578125,3.603515625
0.775,-0.400390625,-3.283203125,3.603515625
0.7755,0.400390625,-3.5234375,3.04296875
0.776,1.12109375,-3.84375,2.6826171875
0.7765,1.921875,-3.9638671875,2.0419921875
0.777,2.5224609375,-4.0439453125,1.5615234375
0.7775,2.8427734375,-3.7236328125,0.880859375
0.778,3.36328125,-3.68359375,0.3603515625
0.7785,3.5234375,-2.9228515625,-0.560546875
0.779,3.8837890625,-2.5224609375,-1.2412109375
0.7795,4.083984375,-1.76171875,-2.2021484375
0.78,3.8837890625,-1.1611328125,-2.5625
0.7805,3.763671875,-0.5205078125,-3.0830078125
0.781,3.4033203125,0.1201171875,-3.443359375
0.7815,2.962890625,0.880859375,-3.763671875
0.782,2.40234375,1.6015625,-3.923828125
0.7825,1.76171875,2.322265625,-4.083984375
0.783,0.9609375,2.6826171875,-3.603515625
0.7835,0.3603515625,3.283203125,-3.68359375
0.784,-0.5205078125,3.4833984375,-2.962890625
0.7845,-1.1611328125,3.8037109375,-2.642578125
0.785,-2.001953125,3.8837890625,-2.001953125
0.7855,-2.4423828125,3.8037109375,-1.4814453125
0.786,-2.8828125,3.5634765625,-0.9208984375
0.7865,-3.2431640625,3.283203125,-0.2802734375
0.787,-3.5234375,2.6826171875,0.6005859375
0.7875,-3.763671875,2.2021484375,1.361328125
0.788,-3.923828125,1.5615234375,2.2021484375
0.7885,-3.6435546875,0.880859375,2.5224609375
0.789,-3.68359375,0.3203125,3.123046875
0.7895,-3.0830078125,-0.48046875,3.36328125
0.79,-2.72265625,-1.201171875,3.763671875
0.7905,-2.0419921875,-1.9619140625,3.8837890625
0.791,-1.44140625,-2.5625,3.84375
0.7915,-0.6005859375,-3.0029296875,3.5234375
0.792,0.0,-3.5634765625,3.443359375
0.7925,0.9609375,-3.7236328125,2.72265625
0.793,1.6015625,-4.00390625,2.3623046875
0.7935,2.40234375,-4.1640625,1.7216796875
0.794,2.802734375,-3.923828125,1.12109375
0.7945,3.2431640625,-3.8037109375,0.48046875
0.795,3.603515625,-3.203125,-0.3203125
0.7955,3.8837890625,-2.642578125,-1.1611328125
0.796,4.083984375,-2.0419921875,-1.921875
0.7965,4.1640625,-1.44140625,-2.6025390625
0.797,3.763671875,-0.640625,-2.962890625
0.7975,3.8037109375,-0.080078125,-3.5634765625
0.798,3.0830078125,0.80078125,-3.8037109375
0.7985,2.642578125,1.4814453125,-4.083984375
0.799,1.921875,2.322265625,-4.2041015625
0.7995,1.1611328125,2.802734375,-3.923828125
0.8,0.3603515625,3.2431640625,-3.68359375
0.8005,-0.3603515625,3.68359375,-3.36328125
0.801,-1.3212890625,3.84375,-2.6025390625
0.8015,-1.921875,3.9638671875,-2.2421875
0.802,-2.642578125,4.083984375,-1.6015625
0.8025,-3.0029296875,3.6435546875,-0.8408203125
0.803,-3.4833984375,3.5634765625,-0.2802734375
0.8035,-3.7236328125,2.7626953125,0.720703125
0.804,-3.9638671875,2.2421875,1.521484375
0.8045,-4.0439453125,1.5615234375,2.2822265625
0.805,-3.9638671875,0.9208984375,2.8427734375
0.8055,-3.5634765625,0.1201171875,3.203125
0.806,-3.443359375,-0.48046875,3.68359375
0.8065,-2.6025390625,-1.44140625,3.8837890625
0.807,-2.1220703125,-2.0419921875,4.083984375
0.8075,-1.3212890625,-2.8828125,4.083984375
0.808,-0.5205078125,-3.2431640625,3.68359375
0.8085,0.16015625,-3.7236328125,3.4833984375
0.809,1.0810546875,-4.00390625,2.8427734375
0.8095,1.921875,-4.1640625,2.2021484375
0.81,2.5224609375,-4.2041015625,1.6416015625
0.8105,3.0830078125,-4.2041015625,1.0810546875
0.811,3.3232421875,-3.603515625,0.3603515625
0.8115,3.84375,-3.5234375,-0.2001953125
0.812,3.9638671875,-2.5625,-1.28125
0.8125,4.1640625,-2.1220703125,-1.921875
0.813,4.1240234375,-1.361328125,-2.642578125
0.8135,3.9638671875,-0.720703125,-3.0830078125
0.814,3.6435546875,-0.0400390625,-3.5234375
0.8145,3.3232421875,0.640625,-3.84375
0.815,2.6025390625,1.5615234375,-4.083984375
0.8155,2.08203125,2.08203125,-4.1640625
0.816,1.361328125,2.802734375,-4.1640625
0.8165,0.5205078125,3.1630859375,-3.68359375
0.817,-0.1201171875,3.6435546875,-3.5634765625
0.8175,-1.0810546875,3.8037109375,-2.802734375
0.818,-1.7216796875,4.00390625,-2.3623046875
0.8185,-2.3623046875,3.9638671875,-1.8017578125
0.819,-2.8427734375,3.84375,-1.2412109375
0.8195,-3.0830078125,3.443359375,-0.5205078125
0.82,-3.5634765625,3.203125,0.1201171875
0.8205,-3.7236328125,2.3623046875,1.1611328125
0.821,-3.9638671875,1.9619140625,1.76171875
0.8215,-3.9638671875,1.28125,2.482421875
0.822,-3.6435546875,0.6005859375,2.8427734375
0.8225,-3.5234375,0.0,3.3232421875
0.823,-2.962890625,-0.80078125,3.6435546875
0.8235,-2.4423828125,-1.6015625,3.84375
0.824,-1.8017578125,-2.2021484375,3.8837890625
0.8245,-1.1611328125,-2.8427734375,3.84375
0.825,-0.3203125,-3.203125,3.4033203125
0.8255,0.2802734375,-3.7236328125,3.36328125
0.826,1.28125,-3.84375,2.482421875
0.8265,1.841796875,-4.1640625,2.2021484375
0.827,2.5224609375,-4.00390625,1.5615234375
0.8275,2.8828125,-3.84375,1.0009765625
0.828,3.3232421875,-3.5234375,0.2802734375
0.8285,3.68359375,-3.123046875,-0.48046875
0.829,3.8837890625,-2.40234375,-1.361328125
0.8295,4.0439453125,-1.9619140625,-1.9619140625
0.83,4.0439453125,-1.28125,-2.6025390625
0.8305,3.68359375,-0.6005859375,-3.0029296875
0.831,3.603515625,0.0,-3.5634765625
0.8315,2.962890625,0.9208984375,-3.8037109375
0.832,2.5224609375,1.5615234375,-4.0439453125
0.8325,1.841796875,2.2421875,-4.00390625
0.833,1.12109375,2.802734375,-3.8837890625
0.8335,0.2802734375,3.1630859375,-3.5234375
0.834,-0.400390625,3.6435546875,-3.283203125
0.8345,-1.361328125,3.763671875,-2.5224609375
0.835,-1.8818359375,3.9638671875,-2.2021484375
0.8355,-2.5224609375,3.8837890625,-1.5615234375
0.836,-2.8828125,3.6435546875,-0.9208984375
0.8365,-3.36328125,3.36328125,-0.240234375
0.837,-3.603515625,2.72265625,0.6806640625
0.8375,-3.84375,2.162109375,1.4814453125
0.838,-3.8837890625,1.5615234375,2.08203125
0.8385,-3.84375,0.9609375,2.6826171875
0.839,-3.443359375,0.16015625,3.04296875
0.8395,-3.283203125,-0.400390625,3.5234375
0.84,-2.5224609375,-1.361328125,3.763671875
0.8405,-2.08203125,-1.9619140625,3.923828125
0.841,-1.28125,-2.6025390625,3.8037109375
0.8415,-0.6005859375,-3.123046875,3.5634765625
0.842,0.1201171875,-3.5234375,3.203125
0.8425,0.9208984375,-3.84375,2.7626953125
0.843,1.76171875,-3.9638671875,2.162109375
0.8435,2.2421875,-4.00390625,1.7216796875
0.844,2.8427734375,-3.923828125,1.1611328125
0.8445,3.123046875,-3.4833984375,0.48046875
0.845,3.5634765625,-3.283203125,-0.16015625
0.8455,3.763671875,-2.482421875,-1.1611328125
0.846,4.00390625,-2.08203125,-1.8017578125
0.8465,3.8837890625,-1.4013671875,-2.40234375
0.847,3.84375,-0.8408203125,-2.8828125
0.8475,3.4833984375,-0.080078125,-3.2431640625
0.848,3.203125,0.560546875,-3.7236328125
0.8485,2.5625,1.4013671875,-3.923828125
0.849,2.08203125,1.9619140625,-4.00390625
0.8495,1.3212890625,2.5625,-3.923828125
0.85,0.560546875,2.962890625,-3.603515625
0.8505,-0.1201171875,3.443359375,-3.4033203125
0.851,-1.0009765625,3.68359375,-2.7626953125
0.8515,-1.7216796875,3.9638671875,-2.2822265625
0.852,-2.2021484375,3.84375,-1.8017578125
0.8525,-2.72265625,3.8037109375,-1.2412109375
0.853,-3.04296875,3.3232421875,-0.48046875
0.8535,-3.5634765625,3.123046875,0.240234375
0.854,-3.7236328125,2.2421875,1.2412109375
0.8545,-3.923828125,1.8818359375,1.841796875
0.855,-3.8037109375,1.12109375,2.4423828125
0.8555,-3.603515625,0.560546875,2.8828125
0.856,-3.3232421875,-0.2001953125,3.3232421875
0.8565,-2.8828125,-1.0009765625,3.68359375
0.857,-2.2822265625,-1.8017578125,3.923828125
0.8575,-1.6015625,-2.322265625,3.8037109375
0.858,-0.9208984375,-3.0029296875,3.763671875
0.8585,-0.080078125,-3.36328125,3.2431640625
0.859,0.6005859375,-3.763671875,3.123046875
0.8595,1.5615234375,-3.8837890625,2.2822265625
0.86,2.162109375,-4.1240234375,1.921875
0.8605,2.642578125,-3.8837890625,1.28125
0.861,3.123046875,-3.84375,0.7607421875
0.8615,3.4033203125,-3.2431640625,0.0
0.862,3.8037109375,-2.9228515625,-0.80078125
0.8625,3.9638671875,-2.08203125,-1.76171875
0.863,4.0439453125,-1.6416015625,-2.2421875
0.8635,3.8837890625,-0.9208984375,-2.8828125
0.864,3.603515625,-0.2802734375,-3.203125
0.8645,3.3232421875,0.400390625,-3.6435546875
0.865,2.6826171875,1.2412109375,-3.8837890625
0.8655,2.2421875,1.921875,-4.1240234375
0.866,1.44140625,2.40234375,-3.84375
0.8665,0.7607421875,3.0029296875,-3.84375
0.867,-0.0400390625,3.3232421875,-3.2431640625
0.8675,-0.6806640625,3.7236328125,-3.0830078125
0.868,-1.6416015625,3.84375,-2.2822265625
0.8685,-2.1220703125,3.923828125,-1.921875
0.869,-2.6025390625,3.7236328125,-1.2412109375
0.8695,-3.0029296875,3.5234375,-0.6806640625
0.87,-3.36328125,3.0830078125,0.080078125
0.8705,-3.6435546875,2.5224609375,0.9208984375
0.871,-3.8837890625,1.921875,1.76171875
0.8715,-3.7236328125,1.3212890625,2.2021484375
0.872,-3.7236328125,0.720703125,2.802734375
0.8725,-3.3232421875,0.0,3.123046875
0.873,-3.0830078125,-0.640625,3.5634765625
0.8735,-2.40234375,-1.5615234375,3.763671875
0.874,-1.921875,-2.162109375,3.84375
0.8745,-1.12109375,-2.642578125,3.5634765625
0.875,-0.5205078125,-3.1630859375,3.5234375
0.8755,0.2802734375,-3.443359375,3.04296875
0.876,1.0009765625,-3.763671875,2.6826171875
0.8765,1.8818359375,-3.9638671875,2.0419921875
0.877,2.2421875,-3.8837890625,1.681640625
0.8775,2.802734375,-3.84375,1.0810546875
0.878,3.123046875,-3.4033203125,0.400390625
0.8785,3.5634765625,-3.1630859375,-0.3203125
0.879,3.7236328125,-2.4423828125,-1.1611328125
0.8795,4.00390625,-2.001953125,-1.8818359375
0.88,3.8037109375,-1.3212890625,-2.2822265625
0.8805,3.84375,-0.8408203125,-2.8828125
0.881,3.3232421875,0.0,-3.203125
0.8815,3.1630859375,0.6005859375,-3.6435546875
0.882,2.482421875,1.4013671875,-3.8837890625
0.8825,1.9619140625,1.921875,-3.8837890625
0.883,1.201171875,2.5224609375,-3.7236328125
0.8835,0.5205078125,2.962890625,-3.5234375
0.884,-0.2001953125,3.36328125,-3.203125
0.8845,-0.9609375,3.603515625,-2.6826171875
0.885,-1.681640625,3.84375,-2.2822265625
0.8855,-2.001953125,3.6435546875,-1.76171875
0.886,-2.6025390625,3.68359375,-1.28125
0.8865,-2.8828125,3.1630859375,-0.48046875
0.887,-3.36328125,2.9228515625,0.2001953125
0.8875,-3.5234375,2.2021484375,1.12109375
0.888,-3.7236328125,1.8818359375,1.681640625
0.8885,-3.5634765625,1.12109375,2.2421875
0.889,-3.5634765625,0.640625,2.6826171875
0.8895,-3.123046875,-0.16015625,3.0830078125
0.89,-2.7626953125,-0.8408203125,3.4033203125
0.8905,-2.2822265625,-1.6416015625,3.68359375
0.891,-1.6416015625,-2.0419921875,3.5234375
0.8915,-1.0009765625,-2.72265625,3.5234375
0.892,-0.240234375,-3.04296875,3.1630859375
0.8925,0.4404296875,-3.4833984375,2.962890625
0.893,1.2412109375,-3.603515625,2.3623046875
0.8935,1.76171875,-3.84375,2.08203125
0.894,2.162109375,-3.603515625,1.4814453125
0.8945,2.6826171875,-3.68359375,1.041015625
0.895,3.04296875,-3.1630859375,0.16015625
0.8955,3.443359375,-2.8828125,-0.48046875
0.896,3.6435546875,-2.2421875,-1.3212890625
0.8965,3.763671875,-1.8818359375,-1.76171875
0.897,3.68359375,-1.2412109375,-2.3623046875
0.8975,3.5234375,-0.640625,-2.7626953125
0.898,3.2431640625,0.0400390625,-3.2431640625
0.8985,2.7626953125,0.720703125,-3.5234375
0.899,2.40234375,1.4013671875,-3.8037109375
0.8995,1.681640625,1.921875,-3.5634765625
0.9,1.12109375,2.5224609375,-3.6435546875
0.9005,0.2802734375,2.8427734375,-3.203125
0.901,-0.2802734375,3.2431640625,-3.04296875
0.9015,-1.041015625,3.4833984375,-2.5224609375
0.902,-1.4814453125,3.603515625,-2.2421875
0.9025,-1.9619140625,3.5234375,-1.6416015625
0.903,-2.40234375,3.4033203125,-1.1611328125
0.9035,-2.8828125,3.04296875,-0.3203125
0.904,-3.1630859375,2.6025390625,0.3603515625
0.9045,-3.5234375,2.2021484375,1.12109375
0.905,-3.4033203125,1.7216796875,1.521484375
0.9055,-3.5634765625,1.201171875,2.162109375
0.906,-3.203125,0.4404296875,2.5625
0.9065,-3.123046875,-0.16015625,3.04296875
0.907,-2.5625,-0.9609375,3.3232421875
0.9075,-2.2021484375,-1.4814453125,3.5234375
0.908,-1.4814453125,-2.001953125,3.3232421875
0.9085,-0.9208984375,-2.5625,3.36328125
0.909,-0.1201171875,-2.962890625,3.0029296875
0.9095,0.5205078125,-3.3232421875,2.72265625
0.91,1.2412109375,-3.6435546875,2.3623046875
0.9105,1.5615234375,-3.6435546875,2.0419921875
0.911,2.2421875,-3.7236328125,1.521484375
0.9115,2.6025390625,-3.36328125,0.80078125
0.912,3.0830078125,-3.123046875,0.1201171875
0.9125,3.3232421875,-2.5625,-0.6806640625
0.913,3.68359375,-2.2822265625,-1.28125
0.9135,3.5234375,-1.681640625,-1.76171875
0.914,3.68359375,-1.28125,-2.322265625
0.9145,3.2431640625,-0.4404296875,-2.8828125
0.915,3.123046875,0.240234375,-3.2431640625
0.9155,2.6025390625,1.0009765625,-3.603515625
0.916,2.08203125,1.4814453125,-3.603515625
0.9165,1.44140625,2.162109375,-3.5634765625
0.917,0.7607421875,2.6025390625,-3.36328125
0.9175,0.0400390625,3.04296875,-3.1630859375
0.918,-0.640625,3.3232421875,-2.72265625
0.9185,-1.28125,3.603515625,-2.40234375
0.919,-1.6416015625,3.4833984375,-1.8818359375
0.9195,-2.2822265625,3.5634765625,-1.44140625
0.92,-2.6025390625,3.04296875,-0.6005859375
0.9205,-3.0830078125,2.802734375,0.0400390625
0.921,-3.36328125,2.2021484375,0.9609375
0.9215,-3.5234375,1.8818359375,1.4013671875
0.922,-3.36328125,1.201171875,1.9619140625
0.9225,-3.36328125,0.640625,2.40234375
0.923,-3.04296875,-0.0400390625,2.8828125
0.9235,-2.642578125,-0.720703125,3.203125
0.924,-2.2021484375,-1.44140625,3.4833984375
0.9245,-1.5615234375,-1.8818359375,3.3232421875
0.925,-1.0009765625,-2.5224609375,3.4033203125
0.9255,-0.2001953125,-2.8828125,3.0029296875
0.926,0.400390625,-3.2431640625,2.802734375
0.9265,1.201171875,-3.5234375,2.2822265625
0.927,1.6416015625,-3.68359375,2.001953125
0.9275,2.08203125,-3.5234375,1.44140625
0.928,2.5625,-3.5234375,0.9609375
0.9285,2.9228515625,-2.962890625,0.1201171875
0.929,3.3232421875,-2.6826171875,-0.5205078125
0.9295,3.5634765625,-2.2021484375,-1.3212890625
0.93,3.5234375,-1.8017578125,-1.7216796875
0.9305,3.5634765625,-1.2412109375,-2.322265625
0.931,3.3232421875,-0.5205078125,-2.72265625
0.9315,3.123046875,0.1201171875,-3.203125
0.932,2.642578125,0.9208984375,-3.4833984375
0.9325,2.2421875,1.4814453125,-3.68359375
0.933,1.521484375,1.9619140625,-3.4833984375
0.9335,0.9609375,2.5625,-3.5234375
0.934,0.1201171875,2.9228515625,-3.0830078125
0.9345,-0.48046875,3.283203125,-2.8427734375
0.935,-1.28125,3.5634765625,-2.40234375
0.9355,-1.6015625,3.5234375,-2.001953125
0.936,-2.162109375,3.5234375,-1.4814453125
0.9365,-2.5625,3.2431640625,-0.80078125
0.937,-2.962890625,2.8427734375,0.0
0.9375,-3.283203125,2.322265625,0.6806640625
0.938,-3.5634765625,1.921875,1.4013671875
0.9385,-3.4033203125,1.3212890625,1.8017578125
0.939,-3.5634765625,0.880859375,2.40234375
0.9395,-3.0830078125,0.080078125,2.802734375
0.94,-2.8427734375,-0.5205078125,3.203125
0.9405,-2.2822265625,-1.3212890625,3.4833984375
0.941,-1.8017578125,-1.841796875,3.4833984375
0.9415,-1.041015625,-2.40234375,3.3232421875
0.942,-0.4404296875,-2.8828125,3.203125
0.9425,0.2802734375,-3.203125,2.802734375
0.943,0.9609375,-3.4833984375,2.482421875
0.9435,1.6416015625,-3.763671875,2.0419921875
0.944,2.001953125,-3.5634765625,1.5615234375
0.9445,2.5625,-3.603515625,1.0810546875
0.945,2.8828125,-3.0830078125,0.2802734375
0.9455,3.3232421875,-2.8427734375,-0.400390625
0.946,3.5234375,-2.2822265625,-1.2412109375
0.9465,3.68359375,-1.921875,-1.76171875
0.947,3.5234375,-1.1611328125,-2.2421875
0.9475,3.5234375,-0.6806640625,-2.72265625
0.948,3.123046875,0.1201171875,-3.1630859375
0.9485,2.802734375,0.720703125,-3.4833984375
0.949,2.2421875,1.521484375,-3.7236328125
0.9495,1.6015625,1.921875,-3.5634765625
0.95,0.9609375,2.5625,-3.5634765625
0.9505,0.240234375,2.9228515625,-3.203125
0.951,-0.4404296875,3.283203125,-2.8828125
0.9515,-1.1611328125,3.5234375,-2.4423828125
0.952,-1.7216796875,3.68359375,-2.0419921875
0.9525,-2.08203125,3.443359375,-1.44140625
0.953,-2.642578125,3.443359375,-0.9609375
0.9535,-2.9228515625,2.8427734375,-0.0400390625
0.954,-3.3232421875,2.5224609375,0.6005859375
0.9545,-3.603515625,1.8818359375,1.44140625
0.955,-3.5634765625,1.44140625,1.8818359375
0.9555,-3.4033203125,0.80078125,2.40234375
0.956,-3.2431640625,0.2001953125,2.8427734375
0.9565,-2.8427734375,-0.560546875,3.203125
0.957,-2.3623046875,-1.28125,3.4833984375
0.9575,-1.841796875,-1.9619140625,3.6435546875
0.958,-1.0810546875,-2.40234375,3.3232421875
0.9585,-0.5205078125,-2.962890625,3.443359375
0.959,0.3203125,-3.2431640625,2.8427734375
0.9595,0.9609375,-3.5634765625,2.5224609375
0.96,1.76171875,-3.8037109375,2.001953125
0.9605,2.2021484375,-3.763671875,1.5615234375
0.961,2.642578125,-3.5634765625,0.9609375
0.9615,3.0830078125,-3.4033203125,0.3603515625
0.962,3.36328125,-2.802734375,-0.5205078125
0.9625,3.6435546875,-2.4423828125,-1.2412109375
0.963,3.8837890625,-1.76171875,-2.001953125
0.9635,3.68359375,-1.1611328125,-2.40234375
0.964,3.6435546875,-0.6005859375,-2.962890625
0.9645,3.203125,0.16015625,-3.283203125
0.965,2.8427734375,0.9208984375,-3.68359375
0.9655,2.2421875,1.6416015625,-3.8837890625
0.966,1.6416015625,2.2421875,-3.8837890625
0.9665,0.80078125,2.6826171875,-3.5634765625
0.967,0.240234375,3.2431640625,-3.5234375
0.9675,-0.720703125,3.4833984375,-2.7626953125
0.968,-1.3212890625,3.763671875,-2.482421875
0.9685,-2.1220703125,3.84375,-1.8818359375
0.969,-2.5224609375,3.6435546875,-1.28125
0.9695,-2.9228515625,3.4833984375,-0.720703125
0.97,-3.283203125,3.0029296875,0.080078125
0.9705,-3.5634765625,2.3623046875,0.9208984375
0.971,-3.8037109375,1.8818359375,1.681640625
0.9715,-3.84375,1.28125,2.3623046875
0.972,-3.4833984375,0.6005859375,2.6826171875
0.9725,-3.4833984375,0.0,3.2431640625
0.973,-2.802734375,-0.9208984375,3.5234375
0.9735,-2.3623046875,-1.5615234375,3.763671875
0.974,-1.6416015625,-2.2822265625,3.84375
0.9745,-1.0009765625,-2.802734375,3.6435546875
0.975,-0.2001953125,-3.203125,3.3232421875
0.9755,0.48046875,-3.603515625,3.04296875
0.976,1.4013671875,-3.763671875,2.322265625
0.9765,1.9619140625,-3.923828125,1.9619140625
0.977,2.6025390625,-4.00390625,1.361328125
0.9775,2.9228515625,-3.6435546875,0.7607421875
0.978,3.36328125,-3.5634765625,0.16015625
0.9785,3.603515625,-2.8427734375,-0.720703125
0.979,3.84375,-2.2822265625,-1.44140625
0.9795,3.9638671875,-1.6416015625,-2.2021484375
0.98,3.8837890625,-1.12109375,-2.642578125
0.9805,3.5234375,-0.400390625,-3.0029296875
0.981,3.443359375,0.1201171875,-3.4833984375
0.9815,2.7626953125,1.041015625,-3.7236328125
0.982,2.3623046875,1.6015625,-3.923828125
0.9825,1.6416015625,2.3623046875,-3.9638671875
0.983,0.9208984375,2.7626953125,-3.68359375
0.9835,0.240234375,3.2431640625,-3.4833984375
0.984,-0.6005859375,3.5234375,-3.0029296875
0.9845,-1.3212890625,3.763671875,-2.4423828125
0.985,-1.921875,3.84375,-2.0419921875
0.9855,-2.482421875,3.8037109375,-1.4814453125
0.986,-2.7626953125,3.443359375,-0.880859375
0.9865,-3.283203125,3.3232421875,-0.2802734375
0.987,-3.5234375,2.5224609375,0.7607421875
0.9875,-3.8037109375,2.162109375,1.4013671875
0.988,-3.84375,1.4814453125,2.1220703125
0.9885,-3.7236328125,0.9208984375,2.5625
0.989,-3.443359375,0.240234375,3.04296875
0.9895,-3.203125,-0.4404296875,3.443359375
0.99,-2.5224609375,-1.3212890625,3.68359375
0.9905,-2.0419921875,-1.9619140625,3.84375
0.991,-1.3212890625,-2.6025390625,3.84375
0.9915,-0.560546875,-3.0029296875,3.4833984375
0.992,0.080078125,-3.5234375,3.36328125
0.9925,1.0009765625,-3.7236328125,2.642578125
0.993,1.7216796875,-3.9638671875,2.2421875
0.9935,2.2822265625,-4.0439453125,1.6416015625
0.994,2.802734375,-4.00390625,1.12109375
0.9945,3.1630859375,-3.5634765625,0.3603515625
0.995,3.5634765625,-3.283203125,-0.240234375
0.9955,3.763671875,-2.4423828125,-1.2412109375
0.996,4.00390625,-2.0419921875,-1.841796875
0.9965,3.9638671875,-1.3212890625,-2.5625
0.997,3.763671875,-0.6806640625,-2.9228515625
0.9975,3.5234375,-0.0400390625,-3.36328125
0.998,3.04296875,0.720703125,-3.7236328125
0.9985,2.5224609375,1.521484375,-3.9638671875
0.999,1.921875,2.08203125,-4.00390625
0.9995,1.201171875,2.72265625,-3.8837890625
