wavelength,x,y,z
0.0,-4.6295166015625,3.9788818359375,0.2152099609375
0.0005,-4.6295166015625,3.1380615234375,1.0960693359375
0.001,-4.8297119140625,2.6175537109375,1.7366943359375
0.0015,-4.9097900390625,1.6966552734375,2.6976318359375
0.002,-4.8297119140625,1.0159912109375,3.3782958984375
0.0025,-4.1890869140625,0.0150146484375,3.7786865234375
0.003,-3.9888916015625,-0.7857666015625,4.2191162109375
0.0035,-3.0279541015625,-1.8267822265625,4.2591552734375
0.004,-2.5474853515625,-2.5074462890625,4.4993896484375
0.0045,-1.5865478515625,-3.6285400390625,4.5794677734375
0.005,-0.7857666015625,-3.9888916015625,4.1390380859375
0.0055,-0.1051025390625,-4.4693603515625,3.9388427734375
0.006,0.8558349609375,-4.7496337890625,3.2581787109375
0.0065,1.7366943359375,-4.9097900390625,2.6175537109375
0.007,2.6175537109375,-5.1099853515625,1.8968505859375
0.0075,3.5784912109375,-5.1900634765625,1.0560302734375
0.008,3.8187255859375,-4.5093994140625,0.1751708984375
0.0085,4.3392333984375,-4.5093994140625,-0.3453369140625
0.009,4.3392333984375,-3.5484619140625,-1.3463134765625
0.0095,4.4993896484375,-3.1881103515625,-1.9869384765625
0.01,4.6195068359375,-2.1070556640625,-3.0279541015625
0.0105,4.4593505859375,-1.3062744140625,-3.5484619140625
0.011,3.8587646484375,-0.2652587890625,-4.0289306640625
0.0115,3.4984130859375,0.5755615234375,-4.4693603515625
0.012,2.5374755859375,1.6165771484375,-4.5093994140625
0.0125,2.0570068359375,2.3372802734375,-4.7095947265625
0.013,1.0960693359375,3.4583740234375,-4.8297119140625
0.0135,0.0950927734375,3.7786865234375,-4.1490478515625
0.014,-0.5855712890625,4.2991943359375,-3.9888916015625
0.0145,-1.7867431640625,4.4993896484375,-3.0679931640625
0.015,-2.5875244140625,4.6595458984375,-2.4273681640625
0.0155,-3.5484619140625,4.7796630859375,-1.5465087890625
0.016,-4.3492431640625,4.7396240234375,-0.7056884765625
0.0165,-4.5093994140625,3.9388427734375,0.1751708984375
0.017,-4.9498291015625,3.7786865234375,0.7357177734375
0.0175,-4.9898681640625,2.6175537109375,1.8568115234375
0.018,-5.0299072265625,2.2171630859375,2.3773193359375
0.0185,-5.1099853515625,1.2562255859375,3.4183349609375
0.019,-4.6295166015625,0.3353271484375,3.8187255859375
0.0195,-4.1490478515625,-0.6256103515625,4.2591552734375
0.02,-3.5084228515625,-1.5865478515625,4.4993896484375
0.0205,-2.5875244140625,-2.5875244140625,4.6195068359375
0.021,-1.9869384765625,-3.2281494140625,4.6195068359375
0.0215,-1.0660400390625,-4.1490478515625,4.6195068359375
0.022,-0.1451416015625,-4.3492431640625,3.8587646484375
0.0225,0.4954833984375,-4.8697509765625,3.7786865234375
0.023,1.7767333984375,-5.0299072265625,2.6575927734375
0.0235,2.4173583984375,-5.1900634765625,2.1771240234375
0.024,3.3782958984375,-5.1900634765625,1.2562255859375
0.0245,3.9388427734375,-5.0299072265625,0.4954833984375
0.025,4.1390380859375,-4.3892822265625,-0.3453369140625
0.0255,4.4993896484375,-4.1490478515625,-0.9859619140625
0.026,4.5394287109375,-3.0279541015625,-2.0670166015625
0.0265,4.5794677734375,-2.5474853515625,-2.5474853515625
0.027,4.6595458984375,-1.5865478515625,-3.5484619140625
0.0275,4.0189208984375,-0.6256103515625,-3.8687744140625
0.028,3.6986083984375,0.2952880859375,-4.3892822265625
0.0285,2.8577880859375,1.2962646484375,-4.5494384765625
0.029,2.1771240234375,2.2572021484375,-4.7496337890625
0.0295,1.4564208984375,2.8978271484375,-4.6695556640625
0.03,0.5755615234375,3.7786865234375,-4.6295166015625
0.0305,-0.4654541015625,3.9788818359375,-3.8287353515625
0.031,-1.1461181640625,4.5394287109375,-3.7086181640625
0.0315,-2.5474853515625,4.6595458984375,-2.4674072265625
0.032,-3.1480712890625,4.8197021484375,-1.9869384765625
0.0325,-4.0289306640625,4.6595458984375,-1.0260009765625
0.033,-4.5093994140625,4.3392333984375,-0.2652587890625
0.0335,-4.7496337890625,3.6986083984375,0.5755615234375
0.034,-4.9898681640625,3.2581787109375,1.2962646484375
0.0345,-5.1099853515625,2.2972412109375,2.3773193359375
0.035,-4.9498291015625,1.6566162109375,2.8577880859375
0.0355,-4.9898681640625,0.7757568359375,3.7386474609375
0.036,-4.1490478515625,-0.3052978515625,3.9788818359375
0.0365,-3.8687744140625,-1.1060791015625,4.4193115234375
0.037,-2.8677978515625,-2.2672119140625,4.4993896484375
0.0375,-2.2672119140625,-3.0279541015625,4.6995849609375
0.038,-1.3863525390625,-3.6685791015625,4.4593505859375
0.0385,-0.6256103515625,-4.3492431640625,4.2991943359375
0.039,0.2952880859375,-4.4693603515625,3.5384521484375
0.0395,1.0159912109375,-4.9498291015625,3.2982177734375
0.04,2.2972412109375,-5.0299072265625,2.1771240234375
0.0405,2.7777099609375,-5.1099853515625,1.6966552734375
0.041,3.6185302734375,-5.0299072265625,0.7757568359375
0.0415,3.8988037109375,-4.5494384765625,0.0150146484375
0.042,4.1390380859375,-4.1090087890625,-0.6256103515625
0.0425,4.3392333984375,-3.3883056640625,-1.4664306640625
0.043,4.4993896484375,-2.6676025390625,-2.3072509765625
0.0435,4.3392333984375,-1.9468994140625,-2.8277587890625
0.044,4.3792724609375,-1.2261962890625,-3.6685791015625
0.0445,3.4984130859375,-0.1051025390625,-3.8287353515625
0.045,3.3382568359375,0.6156005859375,-4.3092041015625
0.0455,2.2572021484375,1.7767333984375,-4.3892822265625
0.046,1.9368896484375,2.4173583984375,-4.6295166015625
0.0465,0.9759521484375,3.0980224609375,-4.3492431640625
0.047,0.2152099609375,3.6585693359375,-4.1490478515625
0.0475,-0.6656494140625,3.8988037109375,-3.5484619140625
0.048,-1.5465087890625,4.4193115234375,-3.0679931640625
0.0485,-2.7076416015625,4.4993896484375,-2.1470947265625
0.049,-3.1881103515625,4.4193115234375,-1.6265869140625
0.0495,-3.9888916015625,4.4193115234375,-0.7857666015625
0.05,-4.2291259765625,3.8187255859375,0.0550537109375
0.0505,-4.5894775390625,3.5384521484375,0.6556396484375
0.051,-4.6695556640625,2.6575927734375,1.6165771484375
0.0515,-4.9097900390625,2.1370849609375,2.3372802734375
0.052,-4.6295166015625,1.2962646484375,2.8577880859375
0.0525,-4.6295166015625,0.5755615234375,3.5784912109375
0.053,-3.7086181640625,-0.6256103515625,3.7786865234375
0.0535,-3.5484619140625,-1.2261962890625,4.2191162109375
0.054,-2.4273681640625,-2.4273681640625,4.2991943359375
0.0545,-2.0670166015625,-2.9478759765625,4.4193115234375
0.055,-1.1461181640625,-3.6285400390625,4.1390380859375
0.0555,-0.3853759765625,-4.0289306640625,3.8587646484375
0.056,0.4554443359375,-4.3092041015625,3.3782958984375
0.0565,1.2962646484375,-4.6695556640625,2.6976318359375
0.057,2.2972412109375,-4.9498291015625,1.9368896484375
0.0575,2.7376708984375,-4.6695556640625,1.3763427734375
0.058,3.4583740234375,-4.6695556640625,0.6956787109375
0.0585,3.5384521484375,-3.9888916015625,-0.1051025390625
0.059,3.9788818359375,-3.8287353515625,-0.6256103515625
0.0595,4.0189208984375,-2.9078369140625,-1.6265869140625
0.06,4.2191162109375,-2.5074462890625,-2.2271728515625
0.0605,3.9788818359375,-1.6265869140625,-2.8677978515625
0.061,3.8587646484375,-0.9058837890625,-3.3883056640625
0.0615,3.1380615234375,0.1351318359375,-3.6685791015625
0.062,2.8577880859375,0.7757568359375,-4.0289306640625
0.0625,2.0169677734375,1.8968505859375,-4.2291259765625
0.063,1.5765380859375,2.2572021484375,-4.1890869140625
0.0635,0.7757568359375,3.0179443359375,-4.1090087890625
0.064,0.0150146484375,3.2982177734375,-3.6285400390625
0.0645,-0.7857666015625,3.6986083984375,-3.3082275390625
0.065,-1.7867431640625,3.9388427734375,-2.5474853515625
0.0655,-2.5875244140625,4.2191162109375,-1.9869384765625
0.066,-3.1080322265625,3.9788818359375,-1.2662353515625
0.0665,-3.7086181640625,3.9788818359375,-0.6656494140625
0.067,-3.8687744140625,3.3382568359375,0.1351318359375
0.0675,-4.1890869140625,3.1380615234375,0.6556396484375
0.068,-4.3492431640625,2.3372802734375,1.6165771484375
0.0685,-4.4693603515625,1.9368896484375,2.0570068359375
0.069,-4.3092041015625,1.0560302734375,2.7777099609375
0.0695,-3.9888916015625,0.2952880859375,3.1781005859375
0.07,-3.4683837890625,-0.6256103515625,3.5784912109375
0.0705,-2.9879150390625,-1.3863525390625,3.8587646484375
0.071,-2.3873291015625,-2.3072509765625,4.1390380859375
0.0715,-1.7867431640625,-2.7076416015625,3.8988037109375
0.072,-1.1461181640625,-3.5084228515625,3.8988037109375
0.0725,-0.3052978515625,-3.7086181640625,3.3382568359375
0.073,0.3753662109375,-4.1890869140625,3.1781005859375
0.0735,1.4564208984375,-4.3492431640625,2.2972412109375
0.074,2.0570068359375,-4.5494384765625,1.9368896484375
0.0745,2.6175537109375,-4.3092041015625,1.1761474609375
0.075,3.0579833984375,-4.2691650390625,0.6556396484375
0.0755,3.2982177734375,-3.7086181640625,-0.1451416015625
0.076,3.5784912109375,-3.4283447265625,-0.6656494140625
0.0765,3.8587646484375,-2.7476806640625,-1.6265869140625
0.077,3.8187255859375,-2.2672119140625,-2.0670166015625
0.0775,3.8187255859375,-1.4263916015625,-2.8277587890625
0.078,3.2581787109375,-0.6256103515625,-3.1080322265625
0.0785,3.0179443359375,0.1751708984375,-3.5885009765625
0.079,2.3773193359375,1.0159912109375,-3.7886962890625
0.0795,1.9769287109375,1.7767333984375,-4.1090087890625
0.08,1.2562255859375,2.2171630859375,-3.8287353515625
0.0805,0.6156005859375,2.8577880859375,-3.8687744140625
0.081,-0.3052978515625,3.0980224609375,-3.2281494140625
0.0815,-0.9859619140625,3.6185302734375,-2.9879150390625
0.082,-2.0670166015625,3.8587646484375,-2.1470947265625
0.0825,-2.5875244140625,3.8988037109375,-1.7066650390625
0.083,-3.1881103515625,3.7786865234375,-0.9859619140625
0.0835,-3.4683837890625,3.4984130859375,-0.4654541015625
0.084,-3.7886962890625,3.1380615234375,0.2552490234375
0.0845,-3.9488525390625,2.6175537109375,0.9359130859375
0.085,-4.3092041015625,2.1771240234375,1.7366943359375
0.0855,-4.0289306640625,1.4564208984375,2.1370849609375
0.086,-4.1090087890625,0.7757568359375,2.8577880859375
0.0865,-3.3883056640625,-0.1851806640625,3.1380615234375
0.087,-3.2681884765625,-0.8258056640625,3.5784912109375
0.0875,-2.5074462890625,-1.7867431640625,3.7786865234375
0.088,-2.1871337890625,-2.3873291015625,3.9388427734375
0.0885,-1.3863525390625,-2.9078369140625,3.6585693359375
0.089,-0.8258056640625,-3.4683837890625,3.6185302734375
0.0895,0.0550537109375,-3.7486572265625,3.0980224609375
0.09,0.7757568359375,-4.1490478515625,2.7376708984375
0.0905,1.8568115234375,-4.4293212890625,2.0570068359375
0.091,2.2171630859375,-4.3092041015625,1.5364990234375
0.0915,2.8577880859375,-4.3492431640625,0.9359130859375
0.092,3.0980224609375,-3.8687744140625,0.2552490234375
0.0925,3.4984130859375,-3.5885009765625,-0.4254150390625
0.093,3.6585693359375,-2.9078369140625,-1.2261962890625
0.0935,3.9788818359375,-2.5474853515625,-1.9468994140625
0.094,3.6185302734375,-1.6265869140625,-2.4273681640625
0.0945,3.6585693359375,-0.9859619140625,-3.0679931640625
0.095,2.8577880859375,0.0150146484375,-3.2681884765625
0.0955,2.7376708984375,0.6156005859375,-3.7886962890625
0.096,1.9368896484375,1.6165771484375,-3.9888916015625
0.0965,1.4564208984375,2.0970458984375,-3.9888916015625
0.097,0.6956787109375,2.8177490234375,-3.7086181640625
0.0975,0.0150146484375,3.1781005859375,-3.5084228515625
0.098,-0.8258056640625,3.4984130859375,-2.9879150390625
0.0985,-1.7467041015625,3.8187255859375,-2.4273681640625
0.099,-2.7076416015625,4.0989990234375,-1.7467041015625
0.0995,-3.0679931640625,3.6986083984375,-1.0260009765625
0.1,-3.6285400390625,3.7786865234375,-0.5054931640625
0.1005,-3.7486572265625,3.0980224609375,0.2552490234375
0.101,-4.0289306640625,2.8177490234375,0.8157958984375
0.1015,-4.1890869140625,2.0570068359375,1.7366943359375
0.102,-4.2691650390625,1.5765380859375,2.2572021484375
0.1025,-3.8687744140625,0.6556396484375,2.7777099609375
0.103,-3.7486572265625,0.0150146484375,3.2581787109375
0.1035,-3.0679931640625,-0.9459228515625,3.4583740234375
0.104,-2.7076416015625,-1.5865478515625,3.7786865234375
0.1045,-2.0269775390625,-2.5474853515625,3.9788818359375
0.105,-1.3863525390625,-2.9078369140625,3.6585693359375
0.1055,-0.8258056640625,-3.4683837890625,3.6986083984375
0.106,0.0150146484375,-3.7086181640625,3.1781005859375
0.1065,0.6956787109375,-4.1490478515625,2.8177490234375
0.107,1.6566162109375,-4.3892822265625,2.1771240234375
0.1075,2.4573974609375,-4.5494384765625,1.5765380859375
0.108,2.8177490234375,-4.1490478515625,0.8157958984375
0.1085,3.3382568359375,-4.2291259765625,0.3753662109375
0.109,3.4984130859375,-3.5484619140625,-0.5054931640625
0.1095,3.8187255859375,-3.2281494140625,-1.0660400390625
0.11,4.0189208984375,-2.4674072265625,-2.0670166015625
0.1105,3.8988037109375,-1.8668212890625,-2.5474853515625
0.111,3.6585693359375,-0.9459228515625,-3.1881103515625
0.1115,3.2581787109375,-0.1451416015625,-3.5484619140625
0.112,2.6976318359375,0.6956787109375,-3.8287353515625
0.1125,2.2171630859375,1.4964599609375,-4.1090087890625
0.113,1.4564208984375,2.4173583984375,-4.3492431640625
0.1135,0.6556396484375,2.8177490234375,-3.8287353515625
0.114,0.0950927734375,3.4583740234375,-3.8687744140625
0.1145,-0.9859619140625,3.6585693359375,-3.0279541015625
0.115,-1.7467041015625,4.0189208984375,-2.6275634765625
0.1155,-2.8277587890625,4.2191162109375,-1.7867431640625
0.116,-3.4683837890625,4.1390380859375,-1.1461181640625
0.1165,-3.7886962890625,3.6986083984375,-0.3453369140625
0.117,-4.1890869140625,3.5384521484375,0.2552490234375
0.1175,-4.2691650390625,2.7376708984375,1.1361083984375
0.118,-4.4293212890625,2.2972412109375,1.6966552734375
0.1185,-4.6295166015625,1.5364990234375,2.6976318359375
0.119,-4.1890869140625,0.6556396484375,3.0579833984375
0.1195,-3.9888916015625,-0.1451416015625,3.6185302734375
0.12,-3.2681884765625,-1.0660400390625,3.7786865234375
0.1205,-2.7076416015625,-1.8668212890625,3.9788818359375
0.121,-2.0670166015625,-2.6676025390625,4.0989990234375
0.1215,-1.3863525390625,-3.3883056640625,4.1390380859375
0.122,-0.5855712890625,-3.6685791015625,3.6185302734375
0.1225,0.0150146484375,-4.1890869140625,3.5784912109375
0.123,1.0960693359375,-4.3492431640625,2.6175537109375
0.1235,1.7366943359375,-4.6295166015625,2.2972412109375
0.124,2.7777099609375,-4.7496337890625,1.4163818359375
0.1245,3.1781005859375,-4.5093994140625,0.7757568359375
0.125,3.5384521484375,-4.1890869140625,0.1351318359375
0.1255,3.8187255859375,-3.8287353515625,-0.5054931640625
0.126,3.9788818359375,-3.1480712890625,-1.3463134765625
0.1265,4.1390380859375,-2.5875244140625,-2.0269775390625
0.127,4.3392333984375,-1.8668212890625,-2.9478759765625
0.1275,3.7786865234375,-0.9058837890625,-3.3482666015625
0.128,3.6585693359375,-0.1851806640625,-3.9088134765625
0.1285,2.7777099609375,0.8157958984375,-4.0689697265625
0.129,2.3372802734375,1.5765380859375,-4.4293212890625
0.1295,1.5765380859375,2.5374755859375,-4.4693603515625
0.13,0.7757568359375,3.2581787109375,-4.3492431640625
0.1305,-0.1051025390625,3.5784912109375,-3.7886962890625
0.131,-0.8258056640625,4.1390380859375,-3.6285400390625
0.1315,-2.1470947265625,4.3392333984375,-2.5074462890625
0.132,-2.7877197265625,4.4993896484375,-2.0670166015625
0.1325,-3.8287353515625,4.5394287109375,-1.1461181640625
0.133,-4.1490478515625,4.1390380859375,-0.3052978515625
0.1335,-4.5093994140625,3.7786865234375,0.3753662109375
0.134,-4.7095947265625,3.0980224609375,1.2562255859375
0.1345,-4.8297119140625,2.2972412109375,2.0970458984375
0.135,-4.7496337890625,1.5765380859375,2.6976318359375
0.1355,-4.8297119140625,0.8157958984375,3.5384521484375
0.136,-3.9888916015625,-0.3052978515625,3.7786865234375
0.1365,-3.8287353515625,-1.0260009765625,4.2991943359375
0.137,-2.6676025390625,-2.3072509765625,4.3392333984375
0.1375,-2.2271728515625,-2.8677978515625,4.4993896484375
0.138,-1.3062744140625,-3.6685791015625,4.3392333984375
0.1385,-0.5054931640625,-4.1890869140625,4.1390380859375
0.139,0.3353271484375,-4.4293212890625,3.4984130859375
0.1395,1.1361083984375,-4.8297119140625,3.0980224609375
0.14,2.2972412109375,-4.9498291015625,2.0570068359375
0.1405,2.8177490234375,-4.9097900390625,1.5364990234375
0.141,3.6986083984375,-4.9498291015625,0.6956787109375
0.1415,3.8587646484375,-4.3092041015625,-0.0650634765625
0.142,4.1390380859375,-4.0689697265625,-0.6256103515625
0.1425,4.2991943359375,-3.1881103515625,-1.6265869140625
0.143,4.4593505859375,-2.6275634765625,-2.3472900390625
0.1435,4.2991943359375,-1.7867431640625,-2.9478759765625
0.144,4.3392333984375,-1.0660400390625,-3.7086181640625
0.1445,3.4583740234375,0.0150146484375,-3.9488525390625
0.145,3.2982177734375,0.6556396484375,-4.4293212890625
0.1455,2.1370849609375,1.9769287109375,-4.5093994140625
0.146,1.7767333984375,2.5374755859375,-4.6695556640625
0.1465,0.8157958984375,3.3782958984375,-4.5093994140625
0.147,-0.0650634765625,3.8587646484375,-4.1490478515625
0.1475,-0.9058837890625,4.1790771484375,-3.6285400390625
0.148,-1.9068603515625,4.5794677734375,-3.0279541015625
0.1485,-3.0679931640625,4.7796630859375,-2.0269775390625
0.149,-3.6285400390625,4.6195068359375,-1.3463134765625
0.1495,-4.4693603515625,4.6195068359375,-0.5054931640625
0.15,-4.6295166015625,3.8587646484375,0.4154052734375
0.1505,-4.9498291015625,3.5384521484375,0.9759521484375
0.151,-5.0699462890625,2.4974365234375,2.1370849609375
0.1515,-5.1500244140625,1.9368896484375,2.8177490234375
0.152,-4.8297119140625,0.9359130859375,3.4183349609375
0.1525,-4.7095947265625,0.0950927734375,4.1390380859375
0.153,-3.7486572265625,-1.1060791015625,4.2191162109375
0.1535,-3.3883056640625,-1.7867431640625,4.6195068359375
0.154,-2.2271728515625,-3.1080322265625,4.6995849609375
0.1545,-1.6265869140625,-3.5484619140625,4.6195068359375
0.155,-0.6656494140625,-4.3092041015625,4.3792724609375
0.1555,0.1751708984375,-4.6695556640625,3.8587646484375
0.156,0.9759521484375,-4.8697509765625,3.3382568359375
0.1565,2.0570068359375,-5.1099853515625,2.5374755859375
0.157,3.0579833984375,-5.3101806640625,1.6165771484375
0.1575,3.5384521484375,-4.9498291015625,0.8958740234375
0.158,4.1790771484375,-4.8697509765625,0.1351318359375
0.1585,4.2191162109375,-4.0289306640625,-0.7056884765625
0.159,4.4993896484375,-3.7486572265625,-1.2662353515625
0.1595,4.5794677734375,-2.6275634765625,-2.4273681640625
0.16,4.6195068359375,-2.1470947265625,-2.9879150390625
0.1605,4.2991943359375,-1.1461181640625,-3.6285400390625
0.161,3.9788818359375,-0.3052978515625,-4.1890869140625
0.1615,3.1380615234375,0.7757568359375,-4.3092041015625
0.162,2.7376708984375,1.4964599609375,-4.5894775390625
0.1625,1.6966552734375,2.7376708984375,-4.7896728515625
0.163,1.1361083984375,3.1380615234375,-4.5494384765625
0.1635,0.1751708984375,3.8988037109375,-4.3892822265625
0.164,-0.7056884765625,4.1390380859375,-3.7486572265625
0.1645,-1.5064697265625,4.4993896484375,-3.3482666015625
0.165,-2.7076416015625,4.7396240234375,-2.3472900390625
0.1655,-3.7086181640625,4.8597412109375,-1.5865478515625
0.166,-4.1090087890625,4.4593505859375,-0.7056884765625
0.1665,-4.7896728515625,4.3392333984375,0.0150146484375
0.167,-4.8297119140625,3.4984130859375,0.9359130859375
0.1675,-5.0699462890625,3.1380615234375,1.5364990234375
0.168,-5.2301025390625,2.0169677734375,2.7376708984375
0.1685,-5.0699462890625,1.3363037109375,3.2581787109375
0.169,-4.7496337890625,0.2952880859375,3.8587646484375
0.1695,-4.2691650390625,-0.6256103515625,4.3392333984375
0.17,-3.4683837890625,-1.5865478515625,4.4993896484375
0.1705,-2.8677978515625,-2.4273681640625,4.6995849609375
0.171,-1.8668212890625,-3.5885009765625,4.8197021484375
0.1715,-1.0660400390625,-3.9088134765625,4.3792724609375
0.172,-0.2652587890625,-4.6295166015625,4.2591552734375
0.1725,0.6556396484375,-4.7496337890625,3.4984130859375
0.173,1.4163818359375,-5.0299072265625,3.0179443359375
0.1735,2.6175537109375,-5.1900634765625,1.9769287109375
0.174,3.4583740234375,-5.2301025390625,1.2562255859375
0.1745,3.8187255859375,-4.7095947265625,0.3353271484375
0.175,4.2991943359375,-4.5494384765625,-0.3052978515625
0.1755,4.2991943359375,-3.7086181640625,-1.1461181640625
0.176,4.4593505859375,-3.2681884765625,-1.7467041015625
0.1765,4.6195068359375,-2.3072509765625,-2.8677978515625
0.177,4.3392333984375,-1.6265869140625,-3.2281494140625
0.1775,4.1390380859375,-0.6256103515625,-3.9088134765625
0.178,3.4583740234375,0.2952880859375,-4.1490478515625
0.1785,2.8577880859375,1.1361083984375,-4.3892822265625
0.179,2.1771240234375,2.0169677734375,-4.5093994140625
0.1795,1.4163818359375,2.9779052734375,-4.7496337890625
0.18,0.5755615234375,3.2982177734375,-4.1490478515625
0.1805,-0.1451416015625,3.9788818359375,-4.1490478515625
0.181,-1.1461181640625,4.0989990234375,-3.2681884765625
0.1815,-1.8668212890625,4.4593505859375,-2.9078369140625
0.182,-3.1080322265625,4.6195068359375,-1.8668212890625
0.1825,-3.7086181640625,4.5394287109375,-1.2261962890625
0.183,-4.1490478515625,4.1390380859375,-0.3052978515625
0.1835,-4.5494384765625,3.8988037109375,0.2952880859375
0.184,-4.6695556640625,3.1380615234375,1.1361083984375
0.1845,-4.8297119140625,2.5374755859375,1.8167724609375
0.185,-5.1099853515625,1.7366943359375,2.8177490234375
0.1855,-4.5494384765625,0.9359130859375,3.1781005859375
0.186,-4.5093994140625,0.0950927734375,3.8988037109375
0.1865,-3.6685791015625,-0.9859619140625,4.0989990234375
0.187,-3.2281494140625,-1.7066650390625,4.3792724609375
0.1875,-2.3873291015625,-2.7076416015625,4.4993896484375
0.188,-1.6666259765625,-3.4683837890625,4.5394287109375
0.1885,-0.7457275390625,-3.8287353515625,3.9788818359375
0.189,-0.1451416015625,-4.4293212890625,3.9388427734375
0.1895,0.8558349609375,-4.5093994140625,3.0579833984375
0.19,1.5765380859375,-4.8297119140625,2.6976318359375
0.1905,2.7777099609375,-5.0299072265625,1.6966552734375
0.191,3.1781005859375,-4.7496337890625,1.0159912109375
0.1915,3.6986083984375,-4.5093994140625,0.2552490234375
0.192,3.8988037109375,-4.1090087890625,-0.3853759765625
0.1925,4.0589599609375,-3.5084228515625,-1.1461181640625
0.193,4.1390380859375,-2.8677978515625,-1.9068603515625
0.1935,4.4193115234375,-2.1070556640625,-2.7476806640625
0.194,3.8587646484375,-1.2662353515625,-3.0679931640625
0.1945,3.8587646484375,-0.5054931640625,-3.7486572265625
0.195,2.8978271484375,0.4954833984375,-3.8287353515625
0.1955,2.6976318359375,1.1761474609375,-4.1890869140625
0.196,1.8167724609375,2.1771240234375,-4.3492431640625
0.1965,1.2562255859375,2.7376708984375,-4.3092041015625
0.197,0.3353271484375,3.1781005859375,-3.8687744140625
0.1975,-0.3052978515625,3.6986083984375,-3.7086181640625
0.198,-1.2662353515625,3.8587646484375,-2.9478759765625
0.1985,-2.0269775390625,4.1790771484375,-2.5074462890625
0.199,-3.1480712890625,4.4193115234375,-1.6265869140625
0.1995,-3.4683837890625,3.9788818359375,-0.9459228515625
0.2,-3.9888916015625,3.8988037109375,-0.3052978515625
0.2005,-4.1490478515625,3.2581787109375,0.4554443359375
0.201,-4.3892822265625,2.8577880859375,1.0159912109375
0.2015,-4.5093994140625,2.1771240234375,1.9368896484375
0.202,-4.6295166015625,1.5765380859375,2.6175537109375
0.2025,-4.1090087890625,0.6156005859375,3.0179443359375
0.203,-4.0289306640625,-0.0650634765625,3.6185302734375
0.2035,-3.1480712890625,-1.1060791015625,3.6986083984375
0.204,-2.9078369140625,-1.7066650390625,4.0989990234375
0.2045,-2.0670166015625,-2.7076416015625,4.1790771484375
0.205,-1.4263916015625,-3.1480712890625,3.9788818359375
0.2055,-0.7056884765625,-3.6685791015625,3.7786865234375
0.206,0.0150146484375,-3.9888916015625,3.3782958984375
0.2065,0.8958740234375,-4.2291259765625,2.8177490234375
0.207,1.6566162109375,-4.5093994140625,2.2572021484375
0.2075,2.5374755859375,-4.7095947265625,1.5765380859375
0.208,2.8577880859375,-4.2691650390625,0.8157958984375
0.2085,3.3782958984375,-4.3492431640625,0.3753662109375
0.209,3.4583740234375,-3.5885009765625,-0.4654541015625
0.2095,3.8187255859375,-3.2681884765625,-0.9859619140625
0.21,3.8988037109375,-2.5074462890625,-1.9068603515625
0.2105,3.9388427734375,-1.9869384765625,-2.4273681640625
0.211,3.5384521484375,-1.0260009765625,-2.9478759765625
0.2115,3.3382568359375,-0.3853759765625,-3.4283447265625
0.212,2.6575927734375,0.5755615234375,-3.5885009765625
0.2125,2.4173583984375,1.2161865234375,-3.9888916015625
0.213,1.6566162109375,2.0970458984375,-4.1490478515625
0.2135,0.9759521484375,2.4974365234375,-3.7886962890625
0.214,0.3753662109375,3.1380615234375,-3.7886962890625
0.2145,-0.5855712890625,3.3782958984375,-3.1480712890625
0.215,-1.3062744140625,3.7786865234375,-2.7877197265625
0.2155,-2.2672119140625,3.9788818359375,-2.0670166015625
0.216,-2.9478759765625,4.0589599609375,-1.5064697265625
0.2165,-3.2681884765625,3.6185302734375,-0.7457275390625
0.217,-3.8287353515625,3.6185302734375,-0.3052978515625
0.2175,-3.8687744140625,2.8978271484375,0.6156005859375
0.218,-4.1890869140625,2.6175537109375,1.1761474609375
0.2185,-4.3892822265625,1.8968505859375,2.0570068359375
0.219,-4.1490478515625,1.2161865234375,2.4974365234375
0.2195,-3.9088134765625,0.3353271484375,3.1380615234375
0.22,-3.4683837890625,-0.4654541015625,3.3782958984375
0.2205,-2.9478759765625,-1.2662353515625,3.6986083984375
0.221,-2.4273681640625,-1.9869384765625,3.8587646484375
0.2215,-1.8267822265625,-2.7476806640625,3.9788818359375
0.222,-1.0660400390625,-3.0679931640625,3.5384521484375
0.2225,-0.5855712890625,-3.6685791015625,3.6585693359375
0.223,0.4154052734375,-3.8287353515625,2.8177490234375
0.2235,1.0960693359375,-4.2291259765625,2.5775146484375
0.224,2.0570068359375,-4.4293212890625,1.8167724609375
0.2245,2.4974365234375,-4.3492431640625,1.2962646484375
0.225,2.8978271484375,-4.1090087890625,0.5755615234375
0.2255,3.2181396484375,-3.8687744140625,0.1351318359375
0.226,3.4583740234375,-3.2681884765625,-0.7056884765625
0.2265,3.6986083984375,-2.9078369140625,-1.3062744140625
0.227,3.9388427734375,-2.2672119140625,-2.1871337890625
0.2275,3.5384521484375,-1.4664306640625,-2.5474853515625
0.228,3.4984130859375,-0.7457275390625,-3.1881103515625
0.2285,2.8577880859375,0.1351318359375,-3.3482666015625
0.229,2.5775146484375,0.8958740234375,-3.8287353515625
0.2295,1.9368896484375,1.6966552734375,-3.9888916015625
0.23,1.3363037109375,2.3372802734375,-4.0289306640625
0.2305,0.5355224609375,2.7376708984375,-3.5885009765625
0.231,-0.1051025390625,3.2982177734375,-3.5484619140625
0.2315,-1.1861572265625,3.5384521484375,-2.7076416015625
0.232,-1.8668212890625,3.8988037109375,-2.4273681640625
0.2325,-2.8277587890625,4.0989990234375,-1.6265869140625
0.233,-3.1881103515625,3.7386474609375,-0.9859619140625
0.2335,-3.6685791015625,3.6185302734375,-0.3453369140625
0.234,-3.8687744140625,3.1380615234375,0.3353271484375
0.2345,-4.1490478515625,2.6175537109375,1.1361083984375
0.235,-4.2291259765625,2.0169677734375,1.8568115234375
0.2355,-4.4293212890625,1.4163818359375,2.5374755859375
0.236,-3.7886962890625,0.4154052734375,2.8978271484375
0.2365,-3.7886962890625,-0.2652587890625,3.4984130859375
0.237,-2.8677978515625,-1.2662353515625,3.5784912109375
0.2375,-2.5875244140625,-1.9068603515625,3.9388427734375
0.238,-1.8267822265625,-2.7076416015625,3.8988037109375
0.2385,-1.1861572265625,-3.1881103515625,3.7786865234375
0.239,-0.5054931640625,-3.5484619140625,3.4183349609375
0.2395,0.2552490234375,-3.9488525390625,3.1380615234375
0.24,1.2562255859375,-4.1890869140625,2.3773193359375
0.2405,1.8568115234375,-4.4293212890625,1.9368896484375
0.241,2.6175537109375,-4.5093994140625,1.2562255859375
0.2415,2.8577880859375,-3.9888916015625,0.6156005859375
0.242,3.2982177734375,-3.9888916015625,0.1351318359375
0.2425,3.4183349609375,-3.2681884765625,-0.6656494140625
0.243,3.7786865234375,-2.9078369140625,-1.3062744140625
0.2435,3.7786865234375,-2.2271728515625,-2.0670166015625
0.244,3.8587646484375,-1.6265869140625,-2.6676025390625
0.2445,3.2581787109375,-0.6656494140625,-3.0279541015625
0.245,3.2181396484375,-0.1051025390625,-3.5484619140625
0.2455,2.3773193359375,0.9759521484375,-3.7086181640625
0.246,2.1771240234375,1.5765380859375,-4.1090087890625
0.2465,1.3363037109375,2.4173583984375,-4.1090087890625
0.247,0.6156005859375,2.8577880859375,-3.8287353515625
0.2475,-0.1051025390625,3.3382568359375,-3.5885009765625
0.248,-1.0660400390625,3.6986083984375,-3.0279541015625
0.2485,-2.0670166015625,3.9788818359375,-2.3472900390625
0.249,-2.7476806640625,4.0989990234375,-1.7867431640625
0.2495,-3.4683837890625,4.1390380859375,-1.0260009765625
0.25,-3.7086181640625,3.6185302734375,-0.3052978515625
0.2505,-4.1890869140625,3.5384521484375,0.2552490234375
0.251,-4.3092041015625,2.5775146484375,1.3363037109375
0.2515,-4.5093994140625,2.2171630859375,1.9368896484375
0.252,-4.4693603515625,1.2962646484375,2.6976318359375
0.2525,-4.3092041015625,0.5755615234375,3.2181396484375
0.253,-3.6685791015625,-0.4254150390625,3.5384521484375
0.2535,-3.3482666015625,-1.1461181640625,3.9788818359375
0.254,-2.3873291015625,-2.2672119140625,4.0989990234375
0.2545,-1.9468994140625,-2.7877197265625,4.1390380859375
0.255,-1.1461181640625,-3.5484619140625,4.0989990234375
0.2555,-0.3453369140625,-3.8287353515625,3.5784912109375
0.256,0.3353271484375,-4.2691650390625,3.3382568359375
0.2565,1.4163818359375,-4.5093994140625,2.4173583984375
0.257,2.2572021484375,-4.7496337890625,1.8568115234375
0.2575,2.8177490234375,-4.5093994140625,1.1361083984375
0.258,3.3782958984375,-4.5093994140625,0.5755615234375
0.2585,3.4984130859375,-3.8287353515625,-0.2252197265625
0.259,3.8587646484375,-3.6685791015625,-0.7056884765625
0.2595,3.9388427734375,-2.6676025390625,-1.7867431640625
0.26,4.0589599609375,-2.2672119140625,-2.2672119140625
0.2605,3.9788818359375,-1.4263916015625,-2.9879150390625
0.261,3.5784912109375,-0.6256103515625,-3.3883056640625
0.2615,3.0980224609375,0.2552490234375,-3.7086181640625
0.262,2.6175537109375,1.0159912109375,-3.9888916015625
0.2625,1.9368896484375,2.0570068359375,-4.2691650390625
0.263,1.3363037109375,2.4974365234375,-4.1890869140625
0.2635,0.5755615234375,3.2581787109375,-4.1490478515625
0.264,-0.3052978515625,3.4984130859375,-3.5885009765625
0.2645,-0.9859619140625,3.9788818359375,-3.3883056640625
0.265,-2.2672119140625,4.1790771484375,-2.3873291015625
0.2655,-3.0679931640625,4.4993896484375,-1.7867431640625
0.266,-3.6685791015625,4.2191162109375,-0.9459228515625
0.2665,-4.2291259765625,4.1390380859375,-0.3052978515625
0.267,-4.3892822265625,3.4583740234375,0.5755615234375
0.2675,-4.6695556640625,3.0579833984375,1.2161865234375
0.268,-4.8697509765625,2.0970458984375,2.3372802734375
0.2685,-4.7496337890625,1.4964599609375,2.8177490234375
0.269,-4.6295166015625,0.5755615234375,3.5784912109375
0.2695,-3.9888916015625,-0.4254150390625,3.9388427734375
0.27,-3.4683837890625,-1.3062744140625,4.2591552734375
0.2705,-2.7076416015625,-2.3072509765625,4.4193115234375
0.271,-1.9068603515625,-3.3082275390625,4.6195068359375
0.2715,-1.1060791015625,-3.7086181640625,4.1790771484375
0.272,-0.3453369140625,-4.4293212890625,4.1390380859375
0.2725,0.5755615234375,-4.5093994140625,3.3382568359375
0.273,1.2962646484375,-4.9097900390625,2.9378662109375
0.2735,2.6175537109375,-5.0699462890625,1.8568115234375
0.274,3.2581787109375,-4.9898681640625,1.1761474609375
0.2745,3.7786865234375,-4.6295166015625,0.3353271484375
0.275,4.0989990234375,-4.3492431640625,-0.3052978515625
0.2755,4.1390380859375,-3.5885009765625,-1.0660400390625
0.276,4.3392333984375,-3.0679931640625,-1.7467041015625
0.2765,4.4993896484375,-2.1871337890625,-2.8677978515625
0.277,4.1390380859375,-1.4263916015625,-3.1881103515625
0.2775,4.0989990234375,-0.5855712890625,-3.8687744140625
0.278,3.2181396484375,0.3753662109375,-3.9888916015625
0.2785,2.8577880859375,1.1361083984375,-4.3492431640625
0.279,1.9368896484375,2.1771240234375,-4.4693603515625
0.2795,1.2962646484375,3.0179443359375,-4.6295166015625
0.28,0.4154052734375,3.3382568359375,-4.1490478515625
0.2805,-0.2652587890625,3.9788818359375,-4.0689697265625
0.281,-1.2662353515625,4.0589599609375,-3.2281494140625
0.2815,-1.9869384765625,4.4993896484375,-2.8277587890625
0.282,-3.3482666015625,4.7396240234375,-1.7467041015625
0.2825,-3.8687744140625,4.4993896484375,-1.0260009765625
0.283,-4.4293212890625,4.2191162109375,-0.1851806640625
0.2835,-4.7496337890625,3.8187255859375,0.5355224609375
0.284,-4.8697509765625,3.1781005859375,1.2962646484375
0.2845,-4.9898681640625,2.4573974609375,2.0970458984375
0.285,-5.2301025390625,1.6165771484375,3.1781005859375
0.2855,-4.6295166015625,0.6956787109375,3.4984130859375
0.286,-4.5894775390625,-0.1451416015625,4.2591552734375
0.2865,-3.5885009765625,-1.2662353515625,4.3392333984375
0.287,-3.1881103515625,-1.9869384765625,4.6595458984375
0.2875,-2.1470947265625,-3.1881103515625,4.7396240234375
0.288,-1.3863525390625,-3.9888916015625,4.7396240234375
0.2885,-0.3853759765625,-4.3492431640625,4.0989990234375
0.289,0.2952880859375,-4.8697509765625,3.9788818359375
0.2895,1.3363037109375,-4.9498291015625,3.0179443359375
0.29,2.0970458984375,-5.1900634765625,2.4974365234375
0.2905,3.4583740234375,-5.4302978515625,1.4163818359375
0.291,3.8187255859375,-4.9498291015625,0.6156005859375
0.2915,4.2591552734375,-4.6295166015625,-0.1851806640625
0.292,4.4193115234375,-4.0289306640625,-0.9459228515625
0.2925,4.4993896484375,-3.3482666015625,-1.6666259765625
0.293,4.5394287109375,-2.5474853515625,-2.5474853515625
0.2935,4.7796630859375,-1.7467041015625,-3.5084228515625
0.294,3.9788818359375,-0.6656494140625,-3.7486572265625
0.2945,3.8988037109375,0.0550537109375,-4.3492431640625
0.295,2.8577880859375,1.1361083984375,-4.3492431640625
0.2955,2.5775146484375,1.8568115234375,-4.6295166015625
0.296,1.4964599609375,2.9378662109375,-4.7896728515625
0.2965,0.6956787109375,3.4984130859375,-4.5494384765625
0.297,-0.1851806640625,3.9788818359375,-4.0289306640625
0.2975,-0.9459228515625,4.3792724609375,-3.7486572265625
0.298,-1.9869384765625,4.4993896484375,-2.8277587890625
0.2985,-2.7476806640625,4.6595458984375,-2.2672119140625
0.299,-3.9888916015625,4.8997802734375,-1.2662353515625
0.2995,-4.2691650390625,4.2591552734375,-0.3453369140625
0.3,-4.8297119140625,4.1390380859375,0.2952880859375
0.3005,-4.8697509765625,3.3382568359375,1.1761474609375
0.301,-5.0699462890625,2.8177490234375,1.8568115234375
0.3015,-5.1099853515625,1.8968505859375,2.8177490234375
0.302,-5.1900634765625,1.1361083984375,3.6185302734375
0.3025,-4.4293212890625,0.0150146484375,3.9388427734375
0.303,-4.3092041015625,-0.7857666015625,4.5394287109375
0.3035,-3.0679931640625,-1.9468994140625,4.4993896484375
0.304,-2.7076416015625,-2.6275634765625,4.7796630859375
0.3045,-1.6666259765625,-3.8287353515625,4.8197021484375
0.305,-0.7857666015625,-4.2291259765625,4.4593505859375
0.3055,0.0150146484375,-4.6695556640625,4.0189208984375
0.306,0.9359130859375,-5.0299072265625,3.5384521484375
0.3065,1.9368896484375,-5.1500244140625,2.5775146484375
0.307,2.6976318359375,-5.2701416015625,1.9368896484375
0.3075,3.8187255859375,-5.3902587890625,1.0159912109375
0.308,3.9788818359375,-4.6295166015625,0.0950927734375
0.3085,4.4593505859375,-4.5093994140625,-0.5054931640625
0.309,4.4993896484375,-3.5484619140625,-1.5064697265625
0.3095,4.5794677734375,-3.0279541015625,-2.1070556640625
0.31,4.6195068359375,-2.0670166015625,-3.0679931640625
0.3105,4.4993896484375,-1.2662353515625,-3.7086181640625
0.311,3.7786865234375,-0.1851806640625,-3.9888916015625
0.3115,3.5384521484375,0.4954833984375,-4.5093994140625
0.312,2.4173583984375,1.6165771484375,-4.5093994140625
0.3125,2.0169677734375,2.2572021484375,-4.6695556640625
0.313,1.0960693359375,3.3382568359375,-4.7095947265625
0.3135,0.1751708984375,3.6986083984375,-4.1490478515625
0.314,-0.5455322265625,4.1390380859375,-3.9088134765625
0.3145,-1.5865478515625,4.3792724609375,-3.1480712890625
0.315,-2.4674072265625,4.5394287109375,-2.4273681640625
0.3155,-3.2681884765625,4.6195068359375,-1.6666259765625
0.316,-4.1090087890625,4.6195068359375,-0.9058837890625
0.3165,-4.3092041015625,3.8988037109375,0.0150146484375
0.317,-4.7896728515625,3.8587646484375,0.5355224609375
0.3175,-4.7896728515625,2.7777099609375,1.5765380859375
0.318,-4.9498291015625,2.3773193359375,2.0970458984375
0.3185,-4.9898681640625,1.4163818359375,3.0980224609375
0.319,-4.6695556640625,0.6156005859375,3.5384521484375
0.3195,-4.1090087890625,-0.4654541015625,3.9788818359375
0.32,-3.6685791015625,-1.2662353515625,4.3392333984375
0.3205,-2.7476806640625,-2.3072509765625,4.4593505859375
0.321,-2.2672119140625,-2.9078369140625,4.4993896484375
0.3215,-1.3463134765625,-3.8287353515625,4.5394287109375
0.322,-0.4254150390625,-4.1090087890625,3.8988037109375
0.3225,0.2152099609375,-4.6295166015625,3.8587646484375
0.323,1.3363037109375,-4.7896728515625,2.8177490234375
0.3235,2.0970458984375,-4.9898681640625,2.3372802734375
0.324,2.9378662109375,-4.9898681640625,1.4564208984375
0.3245,3.5784912109375,-4.9097900390625,0.7757568359375
0.325,3.7786865234375,-4.2291259765625,0.0150146484375
0.3255,4.1390380859375,-4.1090087890625,-0.5855712890625
0.326,4.2191162109375,-3.0679931640625,-1.6265869140625
0.3265,4.3392333984375,-2.7076416015625,-2.1070556640625
0.327,4.4193115234375,-1.7867431640625,-3.0679931640625
0.3275,3.8988037109375,-0.9859619140625,-3.4683837890625
0.328,3.5384521484375,-0.0650634765625,-3.9088134765625
0.3285,2.8978271484375,0.7757568359375,-4.1490478515625
0.329,2.2572021484375,1.7767333984375,-4.3492431640625
0.3295,1.6566162109375,2.3773193359375,-4.3492431640625
0.33,0.8958740234375,3.1781005859375,-4.3492431640625
0.3305,0.0150146484375,3.4183349609375,-3.7086181640625
0.331,-0.6256103515625,3.9788818359375,-3.6685791015625
0.3315,-1.9068603515625,4.1390380859375,-2.5474853515625
0.332,-2.5074462890625,4.3792724609375,-2.1871337890625
0.3325,-3.3482666015625,4.3392333984375,-1.3062744140625
0.333,-3.8287353515625,4.0989990234375,-0.6256103515625
0.3335,-4.1090087890625,3.6585693359375,0.0950927734375
0.334,-4.3892822265625,3.2581787109375,0.6956787109375
0.3345,-4.5494384765625,2.4974365234375,1.6566162109375
0.335,-4.5494384765625,1.9368896484375,2.1771240234375
0.3355,-4.6695556640625,1.2161865234375,3.0179443359375
0.336,-4.0289306640625,0.1751708984375,3.3382568359375
0.3365,-3.8687744140625,-0.5855712890625,3.8587646484375
0.337,-2.9879150390625,-1.5465087890625,3.9788818359375
0.3375,-2.5474853515625,-2.2672119140625,4.2591552734375
0.338,-1.7867431640625,-2.9478759765625,4.1390380859375
0.3385,-1.1461181640625,-3.5484619140625,4.0989990234375
0.339,-0.3052978515625,-3.8287353515625,3.4984130859375
0.3395,0.3753662109375,-4.3492431640625,3.3382568359375
0.34,1.5364990234375,-4.4693603515625,2.3773193359375
0.3405,2.0570068359375,-4.6695556640625,2.0570068359375
0.341,2.8577880859375,-4.6295166015625,1.2562255859375
0.3415,3.1781005859375,-4.2691650390625,0.6156005859375
0.342,3.5384521484375,-4.0289306640625,0.0150146484375
0.3425,3.6585693359375,-3.4683837890625,-0.7457275390625
0.343,3.9788818359375,-2.9478759765625,-1.5064697265625
0.3435,3.8988037109375,-2.3472900390625,-2.0670166015625
0.344,4.0189208984375,-1.7066650390625,-2.8677978515625
0.3445,3.3382568359375,-0.6256103515625,-3.0679931640625
0.345,3.2982177734375,0.0150146484375,-3.7086181640625
0.3455,2.4173583984375,0.9759521484375,-3.7886962890625
0.346,2.2171630859375,1.5765380859375,-4.1490478515625
0.3465,1.3763427734375,2.2972412109375,-4.0289306640625
0.347,0.7357177734375,2.8577880859375,-3.8687744140625
0.3475,-0.0650634765625,3.1781005859375,-3.5084228515625
0.348,-0.8258056640625,3.6585693359375,-3.1480712890625
0.3485,-1.9068603515625,3.8988037109375,-2.3873291015625
0.349,-2.4674072265625,3.9788818359375,-1.9468994140625
0.3495,-3.1881103515625,4.0589599609375,-1.2261962890625
0.35,-3.4683837890625,3.5784912109375,-0.5054931640625
0.3505,-3.9088134765625,3.4984130859375,0.0550537109375
0.351,-4.0289306640625,2.7376708984375,0.9359130859375
0.3515,-4.3492431640625,2.4173583984375,1.5364990234375
0.352,-4.2291259765625,1.5765380859375,2.1771240234375
0.3525,-4.2691650390625,1.0159912109375,2.8177490234375
0.353,-3.6285400390625,0.0150146484375,3.1781005859375
0.3535,-3.5484619140625,-0.6656494140625,3.6986083984375
0.354,-2.6275634765625,-1.7467041015625,3.8587646484375
0.3545,-2.3472900390625,-2.2672119140625,4.0189208984375
0.355,-1.5465087890625,-2.9879150390625,3.8988037109375
0.3555,-0.8258056640625,-3.3482666015625,3.6185302734375
0.356,-0.1451416015625,-3.8287353515625,3.3382568359375
0.3565,0.7757568359375,-4.1090087890625,2.7376708984375
0.357,1.6165771484375,-4.4293212890625,2.2171630859375
0.3575,2.1771240234375,-4.3492431640625,1.5765380859375
0.358,2.7777099609375,-4.3892822265625,1.0560302734375
0.3585,2.9779052734375,-3.8287353515625,0.3353271484375
0.359,3.3782958984375,-3.7886962890625,-0.1451416015625
0.3595,3.5384521484375,-2.9879150390625,-1.0660400390625
0.36,3.8187255859375,-2.7476806640625,-1.5865478515625
0.3605,3.7386474609375,-1.9468994140625,-2.3072509765625
0.361,3.5384521484375,-1.2662353515625,-2.7476806640625
0.3615,3.0579833984375,-0.3453369140625,-3.1881103515625
0.362,2.8177490234375,0.2952880859375,-3.5484619140625
0.3625,2.1771240234375,1.2962646484375,-3.8287353515625
0.363,1.8167724609375,1.7767333984375,-3.9088134765625
0.3635,1.0960693359375,2.4974365234375,-3.9488525390625
0.364,0.3353271484375,2.8577880859375,-3.5084228515625
0.3645,-0.3453369140625,3.3782958984375,-3.3482666015625
0.365,-1.4263916015625,3.6585693359375,-2.5474853515625
0.3655,-2.1470947265625,3.9788818359375,-2.1871337890625
0.366,-2.7877197265625,3.8587646484375,-1.4263916015625
0.3665,-3.3482666015625,3.8587646484375,-0.9058837890625
0.367,-3.5885009765625,3.3782958984375,-0.1451416015625
0.3675,-3.9888916015625,3.1380615234375,0.4154052734375
0.368,-4.1890869140625,2.3773193359375,1.3363037109375
0.3685,-4.3092041015625,1.9368896484375,1.8968505859375
0.369,-4.2691650390625,1.1761474609375,2.6575927734375
0.3695,-3.8287353515625,0.3353271484375,3.0579833984375
0.37,-3.5084228515625,-0.5455322265625,3.4984130859375
0.3705,-2.9078369140625,-1.3863525390625,3.7386474609375
0.371,-2.3472900390625,-2.2672119140625,4.0589599609375
0.3715,-1.7066650390625,-2.7076416015625,3.8587646484375
0.372,-1.0660400390625,-3.3883056640625,3.8587646484375
0.3725,-0.2252197265625,-3.6285400390625,3.2581787109375
0.373,0.4554443359375,-4.1090087890625,3.0579833984375
0.3735,1.5765380859375,-4.3492431640625,2.1771240234375
0.374,2.2171630859375,-4.5093994140625,1.7366943359375
0.3745,2.7376708984375,-4.2691650390625,0.9759521484375
0.375,3.1380615234375,-4.1090087890625,0.4554443359375
0.3755,3.3382568359375,-3.6685791015625,-0.2652587890625
0.376,3.5384521484375,-3.2281494140625,-0.9058837890625
0.3765,3.8187255859375,-2.5875244140625,-1.7867431640625
0.377,3.6986083984375,-1.9869384765625,-2.1470947265625
0.3775,3.6986083984375,-1.2662353515625,-2.8677978515625
0.378,3.0579833984375,-0.3853759765625,-3.1080322265625
0.3785,2.8577880859375,0.2952880859375,-3.5484619140625
0.379,2.1370849609375,1.2562255859375,-3.7086181640625
0.3795,1.8167724609375,1.8968505859375,-4.0289306640625
0.38,1.0560302734375,2.3773193359375,-3.7486572265625
0.3805,0.4954833984375,2.9779052734375,-3.7886962890625
0.381,-0.3853759765625,3.2181396484375,-3.1881103515625
0.3815,-1.1461181640625,3.6986083984375,-2.9078369140625
0.382,-2.2672119140625,3.9788818359375,-2.0670166015625
0.3825,-2.7877197265625,3.9788818359375,-1.5865478515625
0.383,-3.4283447265625,3.8988037109375,-0.8658447265625
0.3835,-3.7086181640625,3.5384521484375,-0.2252197265625
0.384,-4.0689697265625,3.1781005859375,0.4554443359375
0.3845,-4.2691650390625,2.5374755859375,1.2562255859375
0.385,-4.5894775390625,2.0570068359375,2.0970458984375
0.3855,-4.2291259765625,1.2161865234375,2.5775146484375
0.386,-4.3092041015625,0.4954833984375,3.3382568359375
0.3865,-3.4683837890625,-0.5855712890625,3.5384521484375
0.387,-3.2681884765625,-1.2662353515625,3.9788818359375
0.3875,-2.3072509765625,-2.3472900390625,4.1390380859375
0.388,-1.7867431640625,-2.9478759765625,4.1790771484375
0.3885,-0.9459228515625,-3.5084228515625,3.8587646484375
0.389,-0.3052978515625,-3.9888916015625,3.6986083984375
0.3895,0.6156005859375,-4.1890869140625,3.0179443359375
0.39,1.4163818359375,-4.5093994140625,2.5374755859375
0.3905,2.5374755859375,-4.8297119140625,1.6566162109375
0.391,2.9378662109375,-4.4693603515625,0.9759521484375
0.3915,3.4984130859375,-4.4293212890625,0.3353271484375
0.392,3.6585693359375,-3.8287353515625,-0.3853759765625
0.3925,3.8587646484375,-3.4683837890625,-1.0260009765625
0.393,3.9788818359375,-2.5875244140625,-1.9068603515625
0.3935,4.1390380859375,-2.0269775390625,-2.6275634765625
0.394,3.6585693359375,-1.1060791015625,-3.0679931640625
0.3945,3.5784912109375,-0.4254150390625,-3.5885009765625
0.395,2.7376708984375,0.5355224609375,-3.6685791015625
0.3955,2.4974365234375,1.1361083984375,-4.0289306640625
0.396,1.6165771484375,2.2572021484375,-4.2291259765625
0.3965,0.9759521484375,2.6976318359375,-4.0289306640625
0.397,0.2952880859375,3.2181396484375,-3.8287353515625
0.3975,-0.5054931640625,3.6185302734375,-3.4683837890625
0.398,-1.3062744140625,3.8587646484375,-2.8677978515625
0.3985,-2.2672119140625,4.1390380859375,-2.2271728515625
0.399,-3.2681884765625,4.4193115234375,-1.4664306640625
0.3995,-3.5484619140625,3.8587646484375,-0.7056884765625
0.4,-4.1890869140625,3.8988037109375,-0.1851806640625
0.4005,-4.2691650390625,3.1380615234375,0.6556396484375
0.401,-4.5093994140625,2.8577880859375,1.2962646484375
0.4015,-4.7095947265625,1.9769287109375,2.2572021484375
0.402,-4.7496337890625,1.3363037109375,2.9378662109375
0.4025,-4.2291259765625,0.2952880859375,3.4583740234375
0.403,-4.0289306640625,-0.4654541015625,3.9788818359375
0.4035,-3.1881103515625,-1.4664306640625,4.0989990234375
0.404,-2.7476806640625,-2.1871337890625,4.3792724609375
0.4045,-1.7867431640625,-3.3482666015625,4.5394287109375
0.405,-0.9859619140625,-3.7086181640625,4.1390380859375
0.4055,-0.3052978515625,-4.3092041015625,3.9788818359375
0.406,0.6556396484375,-4.5494384765625,3.3382568359375
0.4065,1.5364990234375,-4.7896728515625,2.6976318359375
0.407,2.5374755859375,-4.9898681640625,1.9368896484375
0.4075,3.4583740234375,-5.1500244140625,1.0960693359375
0.408,3.6585693359375,-4.5093994140625,0.2552490234375
0.4085,4.1390380859375,-4.4693603515625,-0.3052978515625
0.409,4.1790771484375,-3.3883056640625,-1.2662353515625
0.4095,4.3392333984375,-2.9478759765625,-1.9068603515625
0.41,4.4993896484375,-2.0269775390625,-2.9078369140625
0.4105,4.1790771484375,-1.2662353515625,-3.4683837890625
0.411,3.6986083984375,-0.2652587890625,-3.8687744140625
0.4115,3.2581787109375,0.5355224609375,-4.1890869140625
0.412,2.4173583984375,1.5364990234375,-4.3092041015625
0.4125,1.9368896484375,2.2171630859375,-4.4693603515625
0.413,1.0159912109375,3.2581787109375,-4.5894775390625
0.4135,0.1351318359375,3.5384521484375,-3.9488525390625
0.414,-0.5054931640625,4.0589599609375,-3.8687744140625
0.4145,-1.6265869140625,4.2191162109375,-2.9078369140625
0.415,-2.4273681640625,4.4593505859375,-2.3873291015625
0.4155,-3.3883056640625,4.4993896484375,-1.5465087890625
0.416,-4.1090087890625,4.4593505859375,-0.7857666015625
0.4165,-4.3092041015625,3.7786865234375,0.0550537109375
0.417,-4.7095947265625,3.7386474609375,0.6156005859375
0.4175,-4.7896728515625,2.6976318359375,1.6566162109375
0.418,-4.8697509765625,2.2572021484375,2.1771240234375
0.4185,-5.0299072265625,1.3363037109375,3.2181396484375
0.419,-4.5494384765625,0.4954833984375,3.6185302734375
0.4195,-4.1890869140625,-0.5054931640625,4.1390380859375
0.42,-3.5484619140625,-1.4263916015625,4.4193115234375
0.4205,-2.7076416015625,-2.4273681640625,4.5394287109375
0.421,-2.0670166015625,-3.1080322265625,4.6195068359375
0.4215,-1.1861572265625,-4.0689697265625,4.6595458984375
0.422,-0.2652587890625,-4.3092041015625,3.9388427734375
0.4225,0.3753662109375,-4.8297119140625,3.8587646484375
0.423,1.6966552734375,-5.0299072265625,2.7376708984375
0.4235,2.3773193359375,-5.2701416015625,2.2572021484375
0.424,3.3782958984375,-5.2701416015625,1.2562255859375
0.4245,3.9388427734375,-5.0699462890625,0.4954833984375
0.425,4.1390380859375,-4.3492431640625,-0.3052978515625
0.4255,4.4993896484375,-4.0289306640625,-0.9859619140625
0.426,4.5394287109375,-2.9478759765625,-2.1070556640625
0.4265,4.5394287109375,-2.4674072265625,-2.5875244140625
0.427,4.6595458984375,-1.5465087890625,-3.6285400390625
0.4275,3.9788818359375,-0.5054931640625,-3.9088134765625
0.428,3.6585693359375,0.3353271484375,-4.3492431640625
0.4285,2.7376708984375,1.4163818359375,-4.5093994140625
0.429,2.0570068359375,2.3372802734375,-4.6695556640625
0.4295,1.2962646484375,3.0179443359375,-4.6295166015625
0.43,0.4554443359375,3.8187255859375,-4.5494384765625
0.4305,-0.5054931640625,3.9788818359375,-3.7886962890625
0.431,-1.2261962890625,4.4993896484375,-3.5885009765625
0.4315,-2.5875244140625,4.5394287109375,-2.3873291015625
0.432,-3.1881103515625,4.6595458984375,-1.9068603515625
0.4325,-4.1490478515625,4.6195068359375,-0.9859619140625
0.433,-4.5093994140625,4.2591552734375,-0.1451416015625
0.4335,-4.7095947265625,3.7386474609375,0.6156005859375
0.434,-4.9898681640625,3.1781005859375,1.3763427734375
0.4345,-5.1099853515625,2.2572021484375,2.4173583984375
0.435,-4.9498291015625,1.6165771484375,2.8577880859375
0.4355,-5.0299072265625,0.7757568359375,3.8187255859375
0.436,-4.1490478515625,-0.3453369140625,4.0189208984375
0.4365,-3.9488525390625,-1.1060791015625,4.4993896484375
0.437,-2.8677978515625,-2.3472900390625,4.6195068359375
0.4375,-2.2672119140625,-3.1080322265625,4.7796630859375
0.438,-1.3463134765625,-3.7886962890625,4.4993896484375
0.4385,-0.5455322265625,-4.4693603515625,4.4193115234375
0.439,0.4154052734375,-4.6295166015625,3.6185302734375
0.4395,1.1361083984375,-5.1500244140625,3.3382568359375
0.44,2.4974365234375,-5.2701416015625,2.0970458984375
0.4405,2.9779052734375,-5.3101806640625,1.6165771484375
0.441,3.8587646484375,-5.1500244140625,0.7357177734375
0.4415,4.1390380859375,-4.6295166015625,-0.0650634765625
0.442,4.4593505859375,-4.1490478515625,-0.7857666015625
0.4425,4.5794677734375,-3.3883056640625,-1.6666259765625
0.443,4.7396240234375,-2.5875244140625,-2.6275634765625
0.4435,4.4993896484375,-1.8267822265625,-3.1480712890625
0.444,4.4993896484375,-0.9859619140625,-3.9888916015625
0.4445,3.5384521484375,0.1751708984375,-4.1490478515625
0.445,3.3382568359375,0.8558349609375,-4.5494384765625
0.4455,2.1771240234375,2.1771240234375,-4.6295166015625
0.446,1.6966552734375,2.7777099609375,-4.8297119140625
0.4465,0.7357177734375,3.4583740234375,-4.5093994140625
0.447,-0.1451416015625,4.0189208984375,-4.2291259765625
0.4475,-1.0260009765625,4.1390380859375,-3.4683837890625
0.448,-1.9068603515625,4.5394287109375,-3.0679931640625
0.4485,-3.1881103515625,4.7396240234375,-1.9468994140625
0.449,-3.6285400390625,4.5794677734375,-1.3062744140625
0.4495,-4.3892822265625,4.4993896484375,-0.5054931640625
0.45,-4.5494384765625,3.8587646484375,0.3753662109375
0.4505,-4.8297119140625,3.4984130859375,0.9759521484375
0.451,-4.9097900390625,2.5374755859375,1.9769287109375
0.4515,-5.1099853515625,1.9368896484375,2.7376708984375
0.452,-4.7095947265625,1.0159912109375,3.2181396484375
0.4525,-4.7095947265625,0.2552490234375,3.9388427734375
0.453,-3.7086181640625,-0.9459228515625,4.0989990234375
0.4535,-3.5084228515625,-1.5865478515625,4.4993896484375
0.454,-2.3072509765625,-2.8277587890625,4.5394287109375
0.4545,-1.8668212890625,-3.3482666015625,4.6195068359375
0.455,-0.9058837890625,-3.9888916015625,4.2991943359375
0.4555,-0.1051025390625,-4.5093994140625,3.8988037109375
0.456,0.7357177734375,-4.7095947265625,3.3382568359375
0.4565,1.6165771484375,-4.9898681640625,2.6976318359375
0.457,2.7376708984375,-5.1500244140625,1.8568115234375
0.4575,3.1380615234375,-4.8697509765625,1.2161865234375
0.458,3.8587646484375,-4.8697509765625,0.4554443359375
0.4585,3.9388427734375,-4.1090087890625,-0.3853759765625
0.459,4.2991943359375,-3.8687744140625,-0.9859619140625
0.4595,4.3392333984375,-2.8677978515625,-1.9869384765625
0.46,4.4993896484375,-2.3873291015625,-2.6275634765625
0.4605,4.1390380859375,-1.4263916015625,-3.1881103515625
0.461,4.0189208984375,-0.6256103515625,-3.8287353515625
0.4615,3.1380615234375,0.4554443359375,-3.9888916015625
0.462,2.8978271484375,1.0960693359375,-4.3492431640625
0.4625,1.9368896484375,2.2572021484375,-4.5093994140625
0.463,1.4163818359375,2.6976318359375,-4.4693603515625
0.4635,0.4954833984375,3.3782958984375,-4.2691650390625
0.464,-0.3453369140625,3.7386474609375,-3.7486572265625
0.4645,-1.1461181640625,4.0589599609375,-3.3482666015625
0.465,-2.1871337890625,4.3392333984375,-2.5074462890625
0.4655,-3.1480712890625,4.5794677734375,-1.7867431640625
0.466,-3.5484619140625,4.1790771484375,-0.9859619140625
0.4665,-4.1890869140625,4.1790771484375,-0.3453369140625
0.467,-4.2691650390625,3.4183349609375,0.4954833984375
0.4675,-4.5494384765625,3.1781005859375,1.0159912109375
0.468,-4.7095947265625,2.1771240234375,2.0970458984375
0.4685,-4.7496337890625,1.6966552734375,2.5775146484375
0.469,-4.4693603515625,0.7357177734375,3.2581787109375
0.4695,-4.1090087890625,-0.1051025390625,3.6986083984375
0.47,-3.4283447265625,-1.0660400390625,3.9388427734375
0.4705,-2.9478759765625,-1.7867431640625,4.1390380859375
0.471,-2.1070556640625,-2.8677978515625,4.4193115234375
0.4715,-1.5064697265625,-3.1881103515625,4.0989990234375
0.472,-0.7857666015625,-3.9488525390625,4.0189208984375
0.4725,0.0950927734375,-4.1490478515625,3.3782958984375
0.473,0.7757568359375,-4.5093994140625,3.1380615234375
0.4735,1.8968505859375,-4.6295166015625,2.2171630859375
0.474,2.5775146484375,-4.8297119140625,1.6566162109375
0.4745,3.0579833984375,-4.4693603515625,0.8958740234375
0.475,3.4984130859375,-4.3492431640625,0.3353271484375
0.4755,3.6585693359375,-3.7086181640625,-0.5054931640625
0.476,3.8587646484375,-3.3482666015625,-1.0260009765625
0.4765,4.0989990234375,-2.5875244140625,-1.9869384765625
0.477,3.9788818359375,-2.0670166015625,-2.4273681640625
0.4775,3.8587646484375,-1.2261962890625,-3.1480712890625
0.478,3.3382568359375,-0.3453369140625,-3.3883056640625
0.4785,2.9378662109375,0.4554443359375,-3.7886962890625
0.479,2.3372802734375,1.2962646484375,-3.9888916015625
0.4795,1.8568115234375,2.0570068359375,-4.3092041015625
0.48,1.1361083984375,2.4573974609375,-3.9088134765625
0.4805,0.4554443359375,3.1380615234375,-3.9888916015625
0.481,-0.4654541015625,3.3782958984375,-3.2281494140625
0.4815,-1.1461181640625,3.8587646484375,-3.0279541015625
0.482,-2.2672119140625,4.0989990234375,-2.1470947265625
0.4825,-2.8277587890625,4.1390380859375,-1.6666259765625
0.483,-3.3482666015625,3.8587646484375,-0.9058837890625
0.4835,-3.7486572265625,3.6986083984375,-0.3052978515625
0.484,-3.9888916015625,3.1781005859375,0.4554443359375
0.4845,-4.1890869140625,2.6976318359375,1.0960693359375
0.485,-4.5093994140625,2.0970458984375,1.9769287109375
0.4855,-4.1890869140625,1.4163818359375,2.3372802734375
0.486,-4.2291259765625,0.6556396484375,3.1380615234375
0.4865,-3.5484619140625,-0.3453369140625,3.3382568359375
0.487,-3.3082275390625,-0.9859619140625,3.8187255859375
0.4875,-2.5474853515625,-1.9869384765625,3.8988037109375
0.488,-2.1070556640625,-2.6275634765625,4.0989990234375
0.4885,-1.2662353515625,-3.1480712890625,3.6986083984375
0.489,-0.6656494140625,-3.6685791015625,3.7786865234375
0.4895,0.2152099609375,-3.8687744140625,3.0579833984375
0.49,0.9359130859375,-4.2691650390625,2.7777099609375
0.4905,1.9769287109375,-4.5093994140625,1.9368896484375
0.491,2.4173583984375,-4.4293212890625,1.4163818359375
0.4915,3.0179443359375,-4.3492431640625,0.7757568359375
0.492,3.2181396484375,-3.8687744140625,0.1351318359375
0.4925,3.5384521484375,-3.5084228515625,-0.5855712890625
0.493,3.6585693359375,-2.9078369140625,-1.2662353515625
0.4935,3.9788818359375,-2.4273681640625,-2.0269775390625
0.494,3.5384521484375,-1.6265869140625,-2.4273681640625
0.4945,3.6185302734375,-0.9859619140625,-3.0679931640625
0.495,2.8577880859375,0.0150146484375,-3.2281494140625
0.4955,2.6976318359375,0.5755615234375,-3.7086181640625
0.496,1.9368896484375,1.5765380859375,-3.9088134765625
0.4965,1.5765380859375,2.0169677734375,-3.9888916015625
0.497,0.7757568359375,2.6175537109375,-3.7086181640625
0.4975,0.1351318359375,3.0579833984375,-3.5484619140625
0.498,-0.7056884765625,3.3782958984375,-2.9879150390625
0.4985,-1.5465087890625,3.7786865234375,-2.5474853515625
0.499,-2.5474853515625,4.0189208984375,-1.8668212890625
0.4995,-2.8677978515625,3.7386474609375,-1.2261962890625
0.5,-3.5084228515625,3.8187255859375,-0.7056884765625
0.5005,-3.6685791015625,3.2181396484375,0.0550537109375
0.501,-4.0289306640625,2.9779052734375,0.6156005859375
0.5015,-4.2291259765625,2.2572021484375,1.5364990234375
0.502,-4.3892822265625,1.8568115234375,2.0970458984375
0.5025,-3.9888916015625,0.8958740234375,2.6575927734375
0.503,-3.9488525390625,0.2552490234375,3.2181396484375
0.5035,-3.1881103515625,-0.7857666015625,3.4583740234375
0.504,-2.9478759765625,-1.4664306640625,3.8187255859375
0.5045,-2.1871337890625,-2.5074462890625,3.9788818359375
0.505,-1.5865478515625,-2.8277587890625,3.8587646484375
0.5055,-0.9058837890625,-3.4683837890625,3.7386474609375
0.506,-0.1451416015625,-3.7886962890625,3.2982177734375
0.5065,0.6956787109375,-4.1090087890625,2.8577880859375
0.507,1.5765380859375,-4.3892822265625,2.2572021484375
0.5075,2.4573974609375,-4.6295166015625,1.5765380859375
0.508,2.7376708984375,-4.1490478515625,0.8558349609375
0.5085,3.2982177734375,-4.1890869140625,0.3753662109375
0.509,3.3782958984375,-3.4683837890625,-0.4654541015625
0.5095,3.6986083984375,-3.1881103515625,-1.0260009765625
0.51,3.8587646484375,-2.4273681640625,-1.9869384765625
0.5105,3.8187255859375,-1.8668212890625,-2.4273681640625
0.511,3.4984130859375,-0.9459228515625,-2.9879150390625
0.5115,3.1781005859375,-0.2652587890625,-3.3883056640625
0.512,2.5775146484375,0.6156005859375,-3.5885009765625
0.5125,2.1771240234375,1.2962646484375,-3.9088134765625
0.513,1.5364990234375,2.2171630859375,-4.1090087890625
0.5135,0.7757568359375,2.5374755859375,-3.7086181640625
0.514,0.2552490234375,3.1380615234375,-3.7086181640625
0.5145,-0.7056884765625,3.3382568359375,-2.9879150390625
0.515,-1.4263916015625,3.7386474609375,-2.6275634765625
0.5155,-2.4273681640625,3.9388427734375,-1.9068603515625
0.516,-3.0679931640625,3.9788818359375,-1.3062744140625
0.5165,-3.3482666015625,3.5784912109375,-0.5855712890625
0.517,-3.8287353515625,3.5384521484375,-0.1451416015625
0.5175,-3.9488525390625,2.8577880859375,0.7357177734375
0.518,-4.1890869140625,2.5374755859375,1.2962646484375
0.5185,-4.5093994140625,1.8167724609375,2.2572021484375
0.519,-4.1490478515625,1.0560302734375,2.6575927734375
0.5195,-4.0289306640625,0.1751708984375,3.2982177734375
0.52,-3.4683837890625,-0.7056884765625,3.5384521484375
0.5205,-2.9879150390625,-1.5064697265625,3.8587646484375
0.521,-2.3472900390625,-2.2672119140625,4.0589599609375
0.5215,-1.7066650390625,-3.0679931640625,4.1790771484375
0.522,-0.8658447265625,-3.3883056640625,3.6986083984375
0.5225,-0.3052978515625,-4.0289306640625,3.7386474609375
0.523,0.7757568359375,-4.1890869140625,2.8177490234375
0.5235,1.4564208984375,-4.5494384765625,2.4974365234375
0.524,2.5374755859375,-4.7496337890625,1.6165771484375
0.5245,3.0179443359375,-4.5494384765625,0.9759521484375
0.525,3.3782958984375,-4.1890869140625,0.2552490234375
0.5255,3.6986083984375,-3.8687744140625,-0.3453369140625
0.526,3.8587646484375,-3.1480712890625,-1.2662353515625
0.5265,3.9788818359375,-2.6275634765625,-1.9068603515625
0.527,4.2191162109375,-1.9068603515625,-2.8277587890625
0.5275,3.6585693359375,-0.9859619140625,-3.1881103515625
0.528,3.5384521484375,-0.3052978515625,-3.7086181640625
0.5285,2.6575927734375,0.6956787109375,-3.8687744140625
0.529,2.2572021484375,1.5364990234375,-4.1490478515625
0.5295,1.5364990234375,2.2972412109375,-4.1890869140625
0.53,0.8157958984375,3.0179443359375,-4.1490478515625
0.5305,0.0150146484375,3.2982177734375,-3.5885009765625
0.531,-0.6656494140625,3.8187255859375,-3.4683837890625
0.5315,-1.8668212890625,3.9788818359375,-2.4273681640625
0.532,-2.4674072265625,4.1390380859375,-2.0670166015625
0.5325,-3.3883056640625,4.2591552734375,-1.2261962890625
0.533,-3.7086181640625,3.8587646484375,-0.5054931640625
0.5335,-4.1090087890625,3.6185302734375,0.1351318359375
0.534,-4.3092041015625,3.0179443359375,0.8958740234375
0.5345,-4.5093994140625,2.4173583984375,1.6566162109375
0.535,-4.5093994140625,1.7767333984375,2.2972412109375
0.5355,-4.6295166015625,1.0960693359375,3.0980224609375
0.536,-3.9088134765625,0.0150146484375,3.3782958984375
0.5365,-3.8687744140625,-0.6656494140625,3.8988037109375
0.537,-2.8277587890625,-1.7867431640625,4.0189208984375
0.5375,-2.5074462890625,-2.3873291015625,4.2991943359375
0.538,-1.5865478515625,-3.2281494140625,4.2191162109375
0.5385,-0.8258056640625,-3.8287353515625,4.0989990234375
0.539,-0.0650634765625,-4.1490478515625,3.5784912109375
0.5395,0.7757568359375,-4.5894775390625,3.2181396484375
0.54,1.8968505859375,-4.7896728515625,2.2572021484375
0.5405,2.4974365234375,-4.8697509765625,1.8167724609375
0.541,3.3782958984375,-4.9498291015625,0.9759521484375
0.5415,3.6585693359375,-4.3492431640625,0.2152099609375
0.542,4.0589599609375,-4.1490478515625,-0.4254150390625
0.5425,4.1390380859375,-3.2681884765625,-1.3863525390625
0.543,4.3392333984375,-2.8277587890625,-2.1871337890625
0.5435,4.2991943359375,-1.9468994140625,-2.8677978515625
0.544,4.2991943359375,-1.2261962890625,-3.5885009765625
0.5445,3.4183349609375,-0.0650634765625,-3.8287353515625
0.545,3.2581787109375,0.6156005859375,-4.3092041015625
0.5455,2.1370849609375,1.9368896484375,-4.3892822265625
0.546,1.7767333984375,2.4573974609375,-4.5494384765625
0.5465,0.7757568359375,3.2581787109375,-4.3492431640625
0.547,-0.0650634765625,3.7786865234375,-3.9888916015625
0.5475,-0.8258056640625,4.0189208984375,-3.5484619140625
0.548,-1.8668212890625,4.4193115234375,-2.8677978515625
0.5485,-2.9879150390625,4.5394287109375,-1.9468994140625
0.549,-3.5484619140625,4.4193115234375,-1.2662353515625
0.5495,-4.3092041015625,4.4193115234375,-0.5054931640625
0.55,-4.4293212890625,3.6986083984375,0.3753662109375
0.5505,-4.7095947265625,3.4583740234375,0.9359130859375
0.551,-4.9097900390625,2.2972412109375,2.0570068359375
0.5515,-4.9498291015625,1.8568115234375,2.6175537109375
0.552,-4.6695556640625,0.8958740234375,3.2581787109375
0.5525,-4.5093994140625,0.1351318359375,3.8988037109375
0.553,-3.6285400390625,-0.9859619140625,4.0589599609375
0.5535,-3.3482666015625,-1.6666259765625,4.4593505859375
0.554,-2.2271728515625,-2.8677978515625,4.4993896484375
0.5545,-1.7467041015625,-3.3482666015625,4.4993896484375
0.555,-0.7857666015625,-4.1090087890625,4.2991943359375
0.5555,0.0550537109375,-4.4693603515625,3.8187255859375
0.556,0.7757568359375,-4.7496337890625,3.3382568359375
0.5565,1.8968505859375,-5.0299072265625,2.5374755859375
0.557,2.8577880859375,-5.1900634765625,1.7767333984375
0.5575,3.3382568359375,-4.9097900390625,1.0159912109375
0.558,4.0989990234375,-4.8697509765625,0.2952880859375
0.5585,4.1390380859375,-4.0689697265625,-0.6256103515625
0.559,4.3792724609375,-3.8687744140625,-1.1461181640625
0.5595,4.5394287109375,-2.7476806640625,-2.3472900390625
0.56,4.6195068359375,-2.2672119140625,-2.8677978515625
0.5605,4.3392333984375,-1.2261962890625,-3.5484619140625
0.561,3.9788818359375,-0.3453369140625,-4.1490478515625
0.5615,3.1781005859375,0.6956787109375,-4.3092041015625
0.562,2.7376708984375,1.4564208984375,-4.6295166015625
0.5625,1.7366943359375,2.6976318359375,-4.7896728515625
0.563,1.1361083984375,3.1380615234375,-4.5494384765625
0.5635,0.1751708984375,3.8988037109375,-4.3892822265625
0.564,-0.7457275390625,4.1390380859375,-3.7486572265625
0.5645,-1.5064697265625,4.4993896484375,-3.2681884765625
0.565,-2.7476806640625,4.7396240234375,-2.2672119140625
0.5655,-3.7086181640625,4.8597412109375,-1.4664306640625
0.566,-4.1490478515625,4.3792724609375,-0.6256103515625
0.5665,-4.7896728515625,4.2991943359375,0.1351318359375
0.567,-4.7896728515625,3.3782958984375,0.9759521484375
0.5675,-4.9898681640625,3.0179443359375,1.5765380859375
0.568,-5.1500244140625,1.9368896484375,2.7777099609375
0.5685,-4.9898681640625,1.2962646484375,3.2581787109375
0.569,-4.6295166015625,0.2952880859375,3.8988037109375
0.5695,-4.1490478515625,-0.6256103515625,4.3392333984375
0.57,-3.3883056640625,-1.5865478515625,4.4993896484375
0.5705,-2.7476806640625,-2.5074462890625,4.6195068359375
0.571,-1.7867431640625,-3.5885009765625,4.8197021484375
0.5715,-0.9859619140625,-3.9088134765625,4.3392333984375
0.572,-0.2252197265625,-4.6295166015625,4.2191162109375
0.5725,0.6956787109375,-4.7496337890625,3.4583740234375
0.573,1.4163818359375,-5.0699462890625,3.0179443359375
0.5735,2.6976318359375,-5.2301025390625,1.9368896484375
0.574,3.4583740234375,-5.2701416015625,1.2562255859375
0.5745,3.8587646484375,-4.7496337890625,0.3353271484375
0.575,4.3392333984375,-4.6295166015625,-0.3052978515625
0.5755,4.3392333984375,-3.7886962890625,-1.1861572265625
0.576,4.4993896484375,-3.3082275390625,-1.8267822265625
0.5765,4.7396240234375,-2.2672119140625,-2.9879150390625
0.577,4.4593505859375,-1.5865478515625,-3.3482666015625
0.5775,4.2191162109375,-0.5855712890625,-4.0689697265625
0.578,3.5384521484375,0.3753662109375,-4.3092041015625
0.5785,2.8978271484375,1.2562255859375,-4.5093994140625
0.579,2.1771240234375,2.2171630859375,-4.6695556640625
0.5795,1.3363037109375,3.2181396484375,-4.9097900390625
0.58,0.4554443359375,3.5384521484375,-4.2691650390625
0.5805,-0.3052978515625,4.2191162109375,-4.2691650390625
0.581,-1.3062744140625,4.3392333984375,-3.3482666015625
0.5815,-2.0670166015625,4.6595458984375,-2.9078369140625
0.582,-3.3883056640625,4.8197021484375,-1.7867431640625
0.5825,-4.0689697265625,4.7396240234375,-1.0260009765625
0.583,-4.5093994140625,4.1790771484375,-0.1051025390625
0.5835,-4.8697509765625,3.9388427734375,0.5355224609375
0.584,-4.9097900390625,3.0980224609375,1.3763427734375
0.5845,-5.0699462890625,2.4974365234375,2.0970458984375
0.585,-5.2701416015625,1.5765380859375,3.2181396484375
0.5855,-4.6695556640625,0.6556396484375,3.5384521484375
0.586,-4.5093994140625,-0.2652587890625,4.2191162109375
0.5865,-3.6685791015625,-1.2662353515625,4.3792724609375
0.587,-3.1480712890625,-2.0269775390625,4.5794677734375
0.5875,-2.2271728515625,-3.0679931640625,4.6195068359375
0.588,-1.4263916015625,-3.9088134765625,4.6595458984375
0.5885,-0.5054931640625,-4.1490478515625,3.9788818359375
0.589,0.1751708984375,-4.7496337890625,3.9788818359375
0.5895,1.2161865234375,-4.7896728515625,2.9779052734375
0.59,1.8968505859375,-5.0699462890625,2.5775146484375
0.5905,3.1380615234375,-5.2301025390625,1.5364990234375
0.591,3.5384521484375,-4.9498291015625,0.7757568359375
0.5915,3.9788818359375,-4.5894775390625,0.0150146484375
0.592,4.2191162109375,-4.1490478515625,-0.6656494140625
0.5925,4.3392333984375,-3.3883056640625,-1.4263916015625
0.593,4.4193115234375,-2.7476806640625,-2.1871337890625
0.5935,4.6195068359375,-1.9869384765625,-3.1480712890625
0.594,3.9788818359375,-1.0260009765625,-3.3883056640625
0.5945,3.9388427734375,-0.3052978515625,-4.1090087890625
0.595,2.9779052734375,0.7757568359375,-4.1090087890625
0.5955,2.6575927734375,1.4564208984375,-4.4693603515625
0.596,1.7767333984375,2.5374755859375,-4.5494384765625
0.5965,1.0560302734375,3.1380615234375,-4.5093994140625
0.597,0.1351318359375,3.5384521484375,-3.9888916015625
0.5975,-0.5455322265625,4.0189208984375,-3.8287353515625
0.598,-1.5865478515625,4.1390380859375,-2.9078369140625
0.5985,-2.3072509765625,4.4993896484375,-2.5074462890625
0.599,-3.5084228515625,4.6195068359375,-1.5465087890625
0.5995,-3.8687744140625,4.1390380859375,-0.7056884765625
0.6,-4.4693603515625,3.8988037109375,-0.1451416015625
0.6005,-4.5494384765625,3.4583740234375,0.7357177734375
0.601,-4.7496337890625,2.8577880859375,1.4163818359375
0.6015,-4.8297119140625,2.0970458984375,2.2972412109375
0.602,-4.9898681640625,1.4163818359375,3.1380615234375
0.6025,-4.2691650390625,0.3353271484375,3.4583740234375
0.603,-4.2291259765625,-0.3853759765625,4.0989990234375
0.6035,-3.1881103515625,-1.4263916015625,4.0989990234375
0.604,-2.8677978515625,-2.1070556640625,4.4193115234375
0.6045,-1.9068603515625,-3.1881103515625,4.4993896484375
0.605,-1.1461181640625,-3.6285400390625,4.1790771484375
0.6055,-0.3453369140625,-4.0689697265625,3.8587646484375
0.606,0.4154052734375,-4.4293212890625,3.4583740234375
0.6065,1.3363037109375,-4.5494384765625,2.6575927734375
0.607,2.0570068359375,-4.8297119140625,2.1370849609375
0.6075,3.0579833984375,-4.9898681640625,1.2962646484375
0.608,3.2181396484375,-4.4293212890625,0.5755615234375
0.6085,3.7786865234375,-4.3492431640625,0.0150146484375
0.609,3.8187255859375,-3.5484619140625,-0.7857666015625
0.6095,4.0989990234375,-3.1881103515625,-1.4263916015625
0.61,4.1390380859375,-2.3072509765625,-2.2672119140625
0.6105,4.1390380859375,-1.7467041015625,-2.8677978515625
0.611,3.5784912109375,-0.7056884765625,-3.3082275390625
0.6115,3.4583740234375,-0.0650634765625,-3.7886962890625
0.612,2.5775146484375,0.9359130859375,-3.8687744140625
0.6125,2.2972412109375,1.5364990234375,-4.1890869140625
0.613,1.4964599609375,2.4974365234375,-4.3492431640625
0.6135,0.7357177734375,2.8577880859375,-3.9088134765625
0.614,0.0950927734375,3.3782958984375,-3.8287353515625
0.6145,-0.8258056640625,3.6585693359375,-3.1881103515625
0.615,-1.6265869140625,3.8988037109375,-2.7076416015625
0.6155,-2.5074462890625,4.0989990234375,-1.9869384765625
0.616,-3.2281494140625,4.2191162109375,-1.3863525390625
0.6165,-3.5484619140625,3.6986083984375,-0.5855712890625
0.617,-4.0289306640625,3.7786865234375,-0.1051025390625
0.6175,-4.1090087890625,2.8978271484375,0.8157958984375
0.618,-4.4293212890625,2.6175537109375,1.3763427734375
0.6185,-4.5093994140625,1.8568115234375,2.2572021484375
0.619,-4.3492431640625,1.1761474609375,2.7777099609375
0.6195,-3.9888916015625,0.2152099609375,3.2982177734375
0.62,-3.5885009765625,-0.5455322265625,3.6585693359375
0.6205,-2.9478759765625,-1.4664306640625,3.8587646484375
0.621,-2.5074462890625,-2.1470947265625,4.0989990234375
0.6215,-1.7867431640625,-2.9478759765625,4.1390380859375
0.622,-0.9859619140625,-3.2681884765625,3.6986083984375
0.6225,-0.4654541015625,-3.8687744140625,3.6986083984375
0.623,0.5755615234375,-4.1090087890625,2.8577880859375
0.6235,1.2962646484375,-4.4693603515625,2.5374755859375
0.624,2.1771240234375,-4.5494384765625,1.7767333984375
0.6245,2.6976318359375,-4.5093994140625,1.2562255859375
0.625,3.0179443359375,-4.0289306640625,0.4954833984375
0.6255,3.3782958984375,-3.9488525390625,0.0150146484375
0.626,3.5384521484375,-3.1881103515625,-0.8258056640625
0.6265,3.8187255859375,-2.8677978515625,-1.4263916015625
0.627,3.9788818359375,-2.1871337890625,-2.2672119140625
0.6275,3.6585693359375,-1.4263916015625,-2.7076416015625
0.628,3.4583740234375,-0.6256103515625,-3.2681884765625
0.6285,2.8577880859375,0.1751708984375,-3.4683837890625
0.629,2.4974365234375,0.9759521484375,-3.8287353515625
0.6295,1.9368896484375,1.7366943359375,-3.9888916015625
0.63,1.2962646484375,2.4173583984375,-4.0289306640625
0.6305,0.4954833984375,2.7376708984375,-3.5484619140625
0.631,-0.0650634765625,3.2982177734375,-3.5885009765625
0.6315,-1.1461181640625,3.4984130859375,-2.7076416015625
0.632,-1.8668212890625,3.8587646484375,-2.4674072265625
0.6325,-2.7076416015625,3.9788818359375,-1.6265869140625
0.633,-3.1080322265625,3.7786865234375,-1.0260009765625
0.6335,-3.5484619140625,3.5384521484375,-0.3853759765625
0.634,-3.7886962890625,3.1781005859375,0.1751708984375
0.6345,-4.0289306640625,2.6575927734375,1.0159912109375
0.635,-4.1890869140625,2.1370849609375,1.6165771484375
0.6355,-4.3892822265625,1.5765380859375,2.3773193359375
0.636,-3.8287353515625,0.6156005859375,2.7376708984375
0.6365,-3.8287353515625,0.0150146484375,3.3782958984375
0.637,-3.0279541015625,-0.9859619140625,3.4984130859375
0.6375,-2.7877197265625,-1.6666259765625,3.8988037109375
0.638,-1.9869384765625,-2.4273681640625,3.8988037109375
0.6385,-1.4263916015625,-3.0279541015625,3.8587646484375
0.639,-0.6656494140625,-3.4283447265625,3.4984130859375
0.6395,0.0150146484375,-3.9088134765625,3.2982177734375
0.64,1.0159912109375,-4.1490478515625,2.4974365234375
0.6405,1.6566162109375,-4.3892822265625,2.1771240234375
0.641,2.4974365234375,-4.5093994140625,1.4564208984375
0.6415,2.7777099609375,-4.1490478515625,0.8157958984375
0.642,3.2181396484375,-4.0289306640625,0.2552490234375
0.6425,3.4183349609375,-3.3883056640625,-0.5455322265625
0.643,3.7386474609375,-3.0279541015625,-1.2261962890625
0.6435,3.7786865234375,-2.3873291015625,-1.9468994140625
0.644,3.8988037109375,-1.7867431640625,-2.5875244140625
0.6445,3.2581787109375,-0.7857666015625,-2.9478759765625
0.645,3.2181396484375,-0.1851806640625,-3.5084228515625
0.6455,2.4173583984375,0.8958740234375,-3.6285400390625
0.646,2.1771240234375,1.4564208984375,-3.9888916015625
0.6465,1.3763427734375,2.2572021484375,-3.9888916015625
0.647,0.6956787109375,2.6976318359375,-3.7886962890625
0.6475,0.0150146484375,3.1380615234375,-3.5084228515625
0.648,-0.9459228515625,3.4984130859375,-3.0679931640625
0.6485,-1.9068603515625,3.8587646484375,-2.3072509765625
0.649,-2.5074462890625,3.8988037109375,-1.7867431640625
0.6495,-3.1881103515625,3.9788818359375,-1.1461181640625
0.65,-3.4683837890625,3.4984130859375,-0.3853759765625
0.6505,-3.9088134765625,3.3782958984375,0.1351318359375
0.651,-4.0289306640625,2.5374755859375,1.0159912109375
0.6515,-4.2691650390625,2.2572021484375,1.5765380859375
0.652,-4.1890869140625,1.4564208984375,2.2972412109375
0.6525,-4.1490478515625,0.8157958984375,2.8577880859375
0.653,-3.5484619140625,-0.1451416015625,3.1781005859375
0.6535,-3.3482666015625,-0.7857666015625,3.6185302734375
0.654,-2.5474853515625,-1.8267822265625,3.8187255859375
0.6545,-2.1871337890625,-2.3472900390625,3.9388427734375
0.655,-1.4263916015625,-3.1080322265625,3.8988037109375
0.6555,-0.7056884765625,-3.4683837890625,3.5384521484375
0.656,-0.0650634765625,-3.9488525390625,3.3382568359375
0.6565,0.9759521484375,-4.1890869140625,2.6175537109375
0.657,1.7767333984375,-4.5093994140625,2.1370849609375
0.6575,2.4173583984375,-4.4293212890625,1.4564208984375
0.658,3.0179443359375,-4.5093994140625,0.9359130859375
0.6585,3.1781005859375,-3.8687744140625,0.1751708984375
0.659,3.6585693359375,-3.7886962890625,-0.3453369140625
0.6595,3.8187255859375,-2.9078369140625,-1.3463134765625
0.66,3.9788818359375,-2.5474853515625,-1.9468994140625
0.6605,3.9388427734375,-1.7467041015625,-2.7076416015625
0.661,3.6986083984375,-0.9859619140625,-3.1881103515625
0.6615,3.1380615234375,0.0150146484375,-3.5484619140625
0.662,2.7376708984375,0.7757568359375,-3.8687744140625
0.6625,1.9769287109375,1.7767333984375,-4.1490478515625
0.663,1.4964599609375,2.2572021484375,-4.1090087890625
0.6635,0.6956787109375,3.0179443359375,-4.1090087890625
0.664,-0.1451416015625,3.2581787109375,-3.5484619140625
0.6645,-0.8258056640625,3.8187255859375,-3.2681884765625
0.665,-2.0670166015625,4.0189208984375,-2.3472900390625
0.6655,-2.8277587890625,4.2591552734375,-1.7867431640625
0.666,-3.3883056640625,4.0189208984375,-0.9859619140625
0.6665,-3.9088134765625,3.9388427734375,-0.3853759765625
0.667,-4.1090087890625,3.2982177734375,0.3753662109375
0.6675,-4.3492431640625,2.9378662109375,0.9759521484375
0.668,-4.5494384765625,2.0570068359375,2.0570068359375
0.6685,-4.4693603515625,1.5364990234375,2.5374755859375
0.669,-4.3892822265625,0.6956787109375,3.2181396484375
0.6695,-3.8287353515625,-0.2652587890625,3.5384521484375
0.67,-3.3482666015625,-1.0260009765625,3.8587646484375
0.6705,-2.6275634765625,-1.9468994140625,4.0589599609375
0.671,-1.9869384765625,-2.8677978515625,4.2191162109375
0.6715,-1.2662353515625,-3.2681884765625,3.8988037109375
0.672,-0.6256103515625,-3.9488525390625,3.8988037109375
0.6725,0.2552490234375,-4.0689697265625,3.2181396484375
0.673,0.8958740234375,-4.4693603515625,2.9779052734375
0.6735,2.0970458984375,-4.6695556640625,1.9769287109375
0.674,2.6976318359375,-4.7496337890625,1.4564208984375
0.6745,3.2581787109375,-4.4693603515625,0.6556396484375
0.675,3.6585693359375,-4.2291259765625,0.0950927734375
0.6755,3.8187255859375,-3.7086181640625,-0.6656494140625
0.676,4.0189208984375,-3.1881103515625,-1.3463134765625
0.6765,4.2991943359375,-2.4273681640625,-2.3873291015625
0.677,4.0189208984375,-1.7867431640625,-2.7476806640625
0.6775,4.0589599609375,-0.9859619140625,-3.5484619140625
0.678,3.2581787109375,0.0550537109375,-3.7486572265625
0.6785,2.9779052734375,0.7757568359375,-4.1490478515625
0.679,2.0970458984375,1.7767333984375,-4.3492431640625
0.6795,1.5765380859375,2.6175537109375,-4.5494384765625
0.68,0.6556396484375,3.0579833984375,-4.1090087890625
0.6805,0.0150146484375,3.7786865234375,-4.0689697265625
0.681,-0.9859619140625,3.9788818359375,-3.2281494140625
0.6815,-1.7867431640625,4.3392333984375,-2.8677978515625
0.682,-3.1480712890625,4.5794677734375,-1.8267822265625
0.6825,-3.7086181640625,4.4593505859375,-1.1060791015625
0.683,-4.2291259765625,4.1390380859375,-0.2652587890625
0.6835,-4.5494384765625,3.7386474609375,0.4554443359375
0.684,-4.6695556640625,3.0980224609375,1.2161865234375
0.6845,-4.8297119140625,2.3773193359375,1.9769287109375
0.685,-5.0699462890625,1.5765380859375,3.0179443359375
0.6855,-4.5093994140625,0.6556396484375,3.3782958984375
0.686,-4.4293212890625,-0.1851806640625,4.0989990234375
0.6865,-3.4683837890625,-1.2662353515625,4.1390380859375
0.687,-3.0679931640625,-1.9869384765625,4.4193115234375
0.6875,-2.0670166015625,-3.1480712890625,4.4993896484375
0.688,-1.3062744140625,-3.8287353515625,4.4593505859375
0.6885,-0.4254150390625,-4.1490478515625,3.9388427734375
0.689,0.2152099609375,-4.6295166015625,3.8187255859375
0.6895,1.2161865234375,-4.7095947265625,2.8978271484375
0.69,1.9368896484375,-4.9498291015625,2.4173583984375
0.6905,3.1781005859375,-5.1500244140625,1.4163818359375
0.691,3.5384521484375,-4.7095947265625,0.6556396484375
0.6915,4.0589599609375,-4.5093994140625,0.0150146484375
0.692,4.1390380859375,-3.9088134765625,-0.7857666015625
0.6925,4.3392333984375,-3.3482666015625,-1.4664306640625
0.693,4.4193115234375,-2.5474853515625,-2.3472900390625
0.6935,4.6195068359375,-1.8668212890625,-3.1881103515625
0.694,3.8988037109375,-0.8258056640625,-3.5484619140625
0.6945,3.8587646484375,-0.1451416015625,-4.1890869140625
0.695,2.8978271484375,0.9359130859375,-4.1890869140625
0.6955,2.5374755859375,1.5765380859375,-4.5093994140625
0.696,1.5765380859375,2.7376708984375,-4.7496337890625
0.6965,0.8558349609375,3.3382568359375,-4.5093994140625
0.697,-0.0650634765625,3.8187255859375,-4.1090087890625
0.6975,-0.7857666015625,4.2191162109375,-3.7886962890625
0.698,-1.8668212890625,4.4193115234375,-2.9078369140625
0.6985,-2.7076416015625,4.6595458984375,-2.3072509765625
0.699,-3.9088134765625,4.8997802734375,-1.3062744140625
0.6995,-4.2291259765625,4.2991943359375,-0.4254150390625
0.7,-4.7896728515625,4.1790771484375,0.2552490234375
0.7005,-4.8697509765625,3.3782958984375,1.1361083984375
0.701,-5.0699462890625,2.8177490234375,1.8568115234375
0.7015,-5.1099853515625,1.8968505859375,2.8177490234375
0.702,-5.1500244140625,1.1361083984375,3.6185302734375
0.7025,-4.3492431640625,0.0150146484375,3.9388427734375
0.703,-4.2291259765625,-0.8658447265625,4.4993896484375
0.7035,-3.0679931640625,-1.9869384765625,4.4993896484375
0.704,-2.6275634765625,-2.7076416015625,4.6595458984375
0.7045,-1.5865478515625,-3.8287353515625,4.7796630859375
0.705,-0.6656494140625,-4.2291259765625,4.3392333984375
0.7055,0.0950927734375,-4.6295166015625,3.9388427734375
0.706,0.9759521484375,-4.9898681640625,3.3782958984375
0.7065,2.0169677734375,-5.0699462890625,2.4974365234375
0.707,2.7777099609375,-5.1500244140625,1.8167724609375
0.7075,3.8187255859375,-5.2701416015625,0.9359130859375
0.708,3.9388427734375,-4.5093994140625,0.0550537109375
0.7085,4.4193115234375,-4.4293212890625,-0.5054931640625
0.709,4.4193115234375,-3.4683837890625,-1.4664306640625
0.7095,4.4993896484375,-2.9478759765625,-2.0670166015625
0.71,4.5394287109375,-2.0269775390625,-3.0679931640625
0.7105,4.4593505859375,-1.2662353515625,-3.6685791015625
0.711,3.7786865234375,-0.1851806640625,-3.9888916015625
0.7115,3.4984130859375,0.5355224609375,-4.4293212890625
0.712,2.4173583984375,1.5765380859375,-4.5093994140625
0.7125,2.0169677734375,2.2972412109375,-4.6295166015625
0.713,1.0960693359375,3.3382568359375,-4.7496337890625
0.7135,0.1351318359375,3.6986083984375,-4.1490478515625
0.714,-0.5855712890625,4.2191162109375,-3.9488525390625
0.7145,-1.6265869140625,4.4993896484375,-3.1881103515625
0.715,-2.5474853515625,4.6595458984375,-2.4674072265625
0.7155,-3.3883056640625,4.7396240234375,-1.6666259765625
0.716,-4.2691650390625,4.7796630859375,-0.8658447265625
0.7165,-4.4693603515625,3.9788818359375,0.0550537109375
0.717,-4.9498291015625,3.9388427734375,0.6156005859375
0.7175,-4.9898681640625,2.8577880859375,1.7767333984375
0.718,-5.1099853515625,2.3773193359375,2.2972412109375
0.7185,-5.1500244140625,1.3763427734375,3.3382568359375
0.719,-4.8297119140625,0.4954833984375,3.8587646484375
0.7195,-4.1490478515625,-0.6256103515625,4.2191162109375
0.72,-3.7086181640625,-1.4664306640625,4.5394287109375
0.7205,-2.6275634765625,-2.5875244140625,4.6595458984375
0.721,-2.1070556640625,-3.1881103515625,4.6995849609375
0.7215,-1.1461181640625,-4.1490478515625,4.6595458984375
0.722,-0.1851806640625,-4.4293212890625,3.9788818359375
0.7225,0.4954833984375,-4.8697509765625,3.7786865234375
0.723,1.7366943359375,-5.0699462890625,2.7376708984375
0.7235,2.4974365234375,-5.1900634765625,2.0570068359375
0.724,3.2982177734375,-5.1099853515625,1.2562255859375
0.7245,3.8988037109375,-4.9898681640625,0.5355224609375
0.725,4.0189208984375,-4.1890869140625,-0.3453369140625
0.7255,4.3792724609375,-4.0289306640625,-0.9058837890625
0.726,4.4193115234375,-2.9078369140625,-1.9869384765625
0.7265,4.4593505859375,-2.5074462890625,-2.4273681640625
0.727,4.4993896484375,-1.6265869140625,-3.3482666015625
0.7275,3.9788818359375,-0.7056884765625,-3.7486572265625
0.728,3.4984130859375,0.1751708984375,-4.1490478515625
0.7285,2.8577880859375,1.0960693359375,-4.3092041015625
0.729,2.0970458984375,2.0570068359375,-4.5093994140625
0.7295,1.5364990234375,2.6175537109375,-4.4693603515625
0.73,0.6956787109375,3.4984130859375,-4.4693603515625
0.7305,-0.2652587890625,3.6986083984375,-3.7486572265625
0.731,-0.8658447265625,4.1790771484375,-3.6685791015625
0.7315,-2.1470947265625,4.3392333984375,-2.5474853515625
0.732,-2.7877197265625,4.5794677734375,-2.1070556640625
0.7325,-3.6285400390625,4.4993896484375,-1.2261962890625
0.733,-4.1090087890625,4.2991943359375,-0.5054931640625
0.7335,-4.3892822265625,3.7386474609375,0.2952880859375
0.734,-4.6695556640625,3.3782958984375,0.9359130859375
0.7345,-4.8297119140625,2.4974365234375,1.9368896484375
0.735,-4.8297119140625,1.9368896484375,2.4173583984375
0.7355,-4.8697509765625,1.0560302734375,3.3382568359375
0.736,-4.1890869140625,0.0150146484375,3.5784912109375
0.7365,-3.9088134765625,-0.7857666015625,4.1390380859375
0.737,-3.0279541015625,-1.7867431640625,4.2991943359375
0.7375,-2.5074462890625,-2.6275634765625,4.5394287109375
0.738,-1.6666259765625,-3.2681884765625,4.3392333984375
0.7385,-0.9459228515625,-3.9888916015625,4.2991943359375
0.739,0.0150146484375,-4.1890869140625,3.5784912109375
0.7395,0.6956787109375,-4.6695556640625,3.3782958984375
0.74,1.9368896484375,-4.7896728515625,2.2972412109375
0.7405,2.4573974609375,-4.9498291015625,1.9368896484375
0.741,3.2181396484375,-4.8297119140625,1.0159912109375
0.7415,3.5384521484375,-4.4293212890625,0.3353271484375
0.742,3.8587646484375,-3.9888916015625,-0.3853759765625
0.7425,3.9788818359375,-3.4283447265625,-1.1060791015625
0.743,4.2191162109375,-2.7877197265625,-1.9869384765625
0.7435,4.0989990234375,-2.1871337890625,-2.4674072265625
0.744,4.1390380859375,-1.4263916015625,-3.2281494140625
0.7445,3.3382568359375,-0.3853759765625,-3.4683837890625
0.745,3.2181396484375,0.2952880859375,-3.9088134765625
0.7455,2.2572021484375,1.3363037109375,-3.9888916015625
0.746,2.0169677734375,1.9769287109375,-4.3092041015625
0.7465,1.1761474609375,2.6175537109375,-4.1090087890625
0.747,0.4954833984375,3.1781005859375,-3.9888916015625
0.7475,-0.3453369140625,3.4583740234375,-3.4683837890625
0.748,-1.1461181640625,3.8988037109375,-3.1080322265625
0.7485,-2.2672119140625,4.1390380859375,-2.2672119140625
0.749,-2.7476806640625,4.1790771484375,-1.7867431640625
0.7495,-3.5484619140625,4.1390380859375,-0.9859619140625
0.75,-3.7486572265625,3.6986083984375,-0.3052978515625
0.7505,-4.1490478515625,3.4984130859375,0.2952880859375
0.751,-4.2291259765625,2.6976318359375,1.1361083984375
0.7515,-4.5494384765625,2.2972412109375,1.8167724609375
0.752,-4.3892822265625,1.4564208984375,2.3773193359375
0.7525,-4.4293212890625,0.8558349609375,3.0980224609375
0.753,-3.6685791015625,-0.2252197265625,3.3782958984375
0.7535,-3.5484619140625,-0.8258056640625,3.8587646484375
0.754,-2.5875244140625,-1.9468994140625,3.9788818359375
0.7545,-2.3072509765625,-2.4273681640625,4.1390380859375
0.755,-1.4263916015625,-3.1480712890625,3.9788818359375
0.7555,-0.7857666015625,-3.5484619140625,3.7386474609375
0.756,0.0150146484375,-3.9888916015625,3.3382568359375
0.7565,0.8958740234375,-4.2291259765625,2.8177490234375
0.757,1.8167724609375,-4.5494384765625,2.1771240234375
0.7575,2.2972412109375,-4.5093994140625,1.5765380859375
0.758,2.9779052734375,-4.5093994140625,1.0159912109375
0.7585,3.1380615234375,-3.9088134765625,0.2952880859375
0.759,3.5784912109375,-3.8687744140625,-0.3052978515625
0.7595,3.6585693359375,-3.0679931640625,-1.1861572265625
0.76,3.8988037109375,-2.7476806640625,-1.7867431640625
0.7605,3.7786865234375,-1.8668212890625,-2.3873291015625
0.761,3.6986083984375,-1.2662353515625,-2.8677978515625
0.7615,3.0579833984375,-0.2652587890625,-3.2281494140625
0.762,2.8577880859375,0.3753662109375,-3.6285400390625
0.7625,2.1771240234375,1.3363037109375,-3.8687744140625
0.763,1.7767333984375,1.8568115234375,-3.9488525390625
0.7635,1.0560302734375,2.5374755859375,-3.9088134765625
0.764,0.2952880859375,2.8978271484375,-3.5484619140625
0.7645,-0.4654541015625,3.4183349609375,-3.3482666015625
0.765,-1.4263916015625,3.6585693359375,-2.5875244140625
0.7655,-2.2271728515625,3.9788818359375,-2.1470947265625
0.766,-2.7476806640625,3.8587646484375,-1.4263916015625
0.7665,-3.3482666015625,3.8988037109375,-0.9459228515625
0.767,-3.5484619140625,3.3382568359375,-0.1451416015625
0.7675,-3.9488525390625,3.1380615234375,0.3753662109375
0.768,-4.1490478515625,2.3773193359375,1.2962646484375
0.7685,-4.2691650390625,2.0570068359375,1.8568115234375
0.769,-4.1890869140625,1.2161865234375,2.5374755859375
0.7695,-3.8287353515625,0.4554443359375,2.9779052734375
0.77,-3.4283447265625,-0.4654541015625,3.3782958984375
0.7705,-2.9478759765625,-1.2261962890625,3.6585693359375
0.771,-2.4273681640625,-2.0670166015625,3.9388427734375
0.7715,-1.8668212890625,-2.5074462890625,3.8187255859375
0.772,-1.2261962890625,-3.1881103515625,3.8587646484375
0.7725,-0.3853759765625,-3.4683837890625,3.2581787109375
0.773,0.2552490234375,-3.9488525390625,3.1380615234375
0.7735,1.2962646484375,-4.1490478515625,2.2972412109375
0.774,1.9368896484375,-4.4293212890625,1.9368896484375
0.7745,2.4974365234375,-4.2291259765625,1.2161865234375
0.775,2.8577880859375,-4.1890869140625,0.6956787109375
0.7755,3.1380615234375,-3.7086181640625,0.0150146484375
0.776,3.3782958984375,-3.3883056640625,-0.6256103515625
0.7765,3.7386474609375,-2.7476806640625,-1.4664306640625
0.777,3.6986083984375,-2.2672119140625,-1.9468994140625
0.7775,3.7786865234375,-1.5465087890625,-2.6676025390625
0.778,3.1781005859375,-0.6656494140625,-2.9478759765625
0.7785,2.9779052734375,0.0550537109375,-3.4683837890625
0.779,2.2972412109375,0.9759521484375,-3.7086181640625
0.7795,1.9769287109375,1.6566162109375,-4.0289306640625
0.78,1.2962646484375,2.1771240234375,-3.7886962890625
0.7805,0.6556396484375,2.8177490234375,-3.8287353515625
0.781,-0.2252197265625,3.0980224609375,-3.1881103515625
0.7815,-0.9859619140625,3.5784912109375,-2.9879150390625
0.782,-2.0670166015625,3.8587646484375,-2.1470947265625
0.7825,-2.6275634765625,3.9388427734375,-1.6666259765625
0.783,-3.2281494140625,3.8187255859375,-0.9859619140625
0.7835,-3.5484619140625,3.5384521484375,-0.3453369140625
0.784,-3.8687744140625,3.1380615234375,0.2952880859375
0.7845,-4.1090087890625,2.5775146484375,1.0560302734375
0.785,-4.4293212890625,2.0570068359375,1.9368896484375
0.7855,-4.1090087890625,1.3363037109375,2.2972412109375
0.786,-4.1490478515625,0.6156005859375,3.0579833984375
0.7865,-3.3482666015625,-0.3853759765625,3.2581787109375
0.787,-3.1881103515625,-1.0260009765625,3.6986083984375
0.7875,-2.3873291015625,-2.0269775390625,3.8587646484375
0.788,-1.9468994140625,-2.6275634765625,3.9788818359375
0.7885,-1.1461181640625,-3.0679931640625,3.6585693359375
0.789,-0.5855712890625,-3.5885009765625,3.5784912109375
0.7895,0.2952880859375,-3.8287353515625,2.9378662109375
0.79,1.0159912109375,-4.1890869140625,2.5775146484375
0.7905,2.0570068359375,-4.4693603515625,1.8568115234375
0.791,2.4173583984375,-4.2691650390625,1.2562255859375
0.7915,3.0179443359375,-4.3092041015625,0.6156005859375
0.792,3.1781005859375,-3.7886962890625,0.0150146484375
0.7925,3.4984130859375,-3.4683837890625,-0.5855712890625
0.793,3.6585693359375,-2.7476806640625,-1.3863525390625
0.7935,3.9388427734375,-2.3472900390625,-2.0670166015625
0.794,3.5784912109375,-1.5064697265625,-2.5474853515625
0.7945,3.5784912109375,-0.9058837890625,-3.1480712890625
0.795,2.8177490234375,0.1351318359375,-3.3482666015625
0.7955,2.6976318359375,0.7357177734375,-3.8287353515625
0.796,1.9368896484375,1.7767333984375,-4.0689697265625
0.7965,1.4163818359375,2.2572021484375,-3.9888916015625
0.797,0.6556396484375,2.8577880859375,-3.8287353515625
0.7975,-0.0650634765625,3.2982177734375,-3.5484619140625
0.798,-0.9859619140625,3.6585693359375,-3.0679931640625
0.7985,-1.7867431640625,4.0189208984375,-2.4273681640625
0.799,-2.9078369140625,4.2191162109375,-1.7467041015625
0.7995,-3.2681884765625,3.8187255859375,-0.9859619140625
0.8,-3.9088134765625,3.8988037109375,-0.3853759765625
0.8005,-4.0289306640625,3.2181396484375,0.4154052734375
0.801,-4.3492431640625,2.8577880859375,1.0560302734375
0.8015,-4.5093994140625,2.0570068359375,2.0169677734375
0.802,-4.5894775390625,1.4564208984375,2.6976318359375
0.8025,-4.1090087890625,0.4554443359375,3.1781005859375
0.803,-3.9088134765625,-0.3052978515625,3.6986083984375
0.8035,-3.0679931640625,-1.2662353515625,3.8187255859375
0.804,-2.7076416015625,-1.9869384765625,4.1390380859375
0.8045,-1.8267822265625,-3.0679931640625,4.2991943359375
0.805,-1.1060791015625,-3.4283447265625,3.8988037109375
0.8055,-0.4654541015625,-3.9488525390625,3.8187255859375
0.806,0.4554443359375,-4.1890869140625,3.1781005859375
0.8065,1.2962646484375,-4.4693603515625,2.5374755859375
0.807,2.1771240234375,-4.6695556640625,1.8568115234375
0.8075,3.0179443359375,-4.7896728515625,1.1761474609375
0.808,3.2181396484375,-4.1490478515625,0.4154052734375
0.8085,3.6986083984375,-4.1490478515625,0.0150146484375
0.809,3.6986083984375,-3.3482666015625,-0.9459228515625
0.8095,3.8988037109375,-2.9478759765625,-1.4263916015625
0.81,4.0989990234375,-2.1871337890625,-2.4273681640625
0.8105,3.8988037109375,-1.4664306640625,-2.8677978515625
0.811,3.5784912109375,-0.6256103515625,-3.3883056640625
0.8115,3.1781005859375,0.1351318359375,-3.7086181640625
0.812,2.5374755859375,0.9759521484375,-3.9088134765625
0.8125,2.0570068359375,1.7767333984375,-4.1490478515625
0.813,1.3363037109375,2.6976318359375,-4.3492431640625
0.8135,0.4954833984375,3.0179443359375,-3.8287353515625
0.814,-0.0650634765625,3.6585693359375,-3.8687744140625
0.8145,-1.1461181640625,3.7786865234375,-3.1480712890625
0.815,-1.9068603515625,4.1390380859375,-2.6676025390625
0.8155,-2.9478759765625,4.3392333984375,-1.7867431640625
0.816,-3.7086181640625,4.3792724609375,-1.1060791015625
0.8165,-3.9888916015625,3.8587646484375,-0.2652587890625
0.817,-4.4693603515625,3.7786865234375,0.3353271484375
0.8175,-4.5894775390625,2.8577880859375,1.2962646484375
0.818,-4.7496337890625,2.4173583984375,1.9368896484375
0.8185,-4.9898681640625,1.5364990234375,3.0179443359375
0.819,-4.5093994140625,0.6156005859375,3.4583740234375
0.8195,-4.1890869140625,-0.3052978515625,3.9788818359375
0.82,-3.5084228515625,-1.2662353515625,4.2191162109375
0.8205,-2.7476806640625,-2.2672119140625,4.4193115234375
0.821,-2.0670166015625,-3.0279541015625,4.4993896484375
0.8215,-1.2261962890625,-3.9088134765625,4.4993896484375
0.822,-0.3052978515625,-4.1490478515625,3.8187255859375
0.8225,0.3753662109375,-4.7095947265625,3.6986083984375
0.823,1.6165771484375,-4.8297119140625,2.5775146484375
0.8235,2.2972412109375,-4.9898681640625,2.0570068359375
0.824,3.2581787109375,-5.0299072265625,1.1761474609375
0.8245,3.7386474609375,-4.7496337890625,0.4554443359375
0.825,3.8988037109375,-4.1490478515625,-0.3052978515625
0.8255,4.2191162109375,-3.8287353515625,-0.9859619140625
0.826,4.2991943359375,-2.8677978515625,-1.9468994140625
0.8265,4.2591552734375,-2.3472900390625,-2.4273681640625
0.827,4.4593505859375,-1.5465087890625,-3.3482666015625
0.8275,3.7386474609375,-0.5855712890625,-3.6285400390625
0.828,3.4984130859375,0.2152099609375,-4.1090087890625
0.8285,2.5775146484375,1.2562255859375,-4.1890869140625
0.829,2.0570068359375,2.0169677734375,-4.4293212890625
0.8295,1.3363037109375,2.7376708984375,-4.4293212890625
0.83,0.5755615234375,3.4984130859375,-4.3492431640625
0.8305,-0.3052978515625,3.6986083984375,-3.7086181640625
0.831,-0.9859619140625,4.2191162109375,-3.5484619140625
0.8315,-2.2672119140625,4.3392333984375,-2.4273681640625
0.832,-2.8677978515625,4.5394287109375,-1.9869384765625
0.8325,-3.8687744140625,4.6195068359375,-1.1060791015625
0.833,-4.2291259765625,4.1790771484375,-0.3052978515625
0.8335,-4.5894775390625,3.8187255859375,0.4154052734375
0.834,-4.8297119140625,3.2581787109375,1.2161865234375
0.8345,-4.9898681640625,2.4173583984375,2.1771240234375
0.835,-4.9498291015625,1.7767333984375,2.7376708984375
0.8355,-5.0699462890625,0.9359130859375,3.6585693359375
0.836,-4.1890869140625,-0.2652587890625,3.8988037109375
0.8365,-4.0289306640625,-0.9859619140625,4.4993896484375
0.837,-2.9078369140625,-2.2672119140625,4.5394287109375
0.8375,-2.3472900390625,-2.9879150390625,4.7796630859375
0.838,-1.3863525390625,-3.7886962890625,4.5394287109375
0.8385,-0.5855712890625,-4.4693603515625,4.3792724609375
0.839,0.3753662109375,-4.6695556640625,3.6185302734375
0.8395,1.1761474609375,-5.1099853515625,3.2982177734375
0.84,2.4974365234375,-5.1500244140625,2.0970458984375
0.8405,3.0179443359375,-5.1500244140625,1.5765380859375
0.841,3.8587646484375,-5.0699462890625,0.6556396484375
0.8415,4.0989990234375,-4.5093994140625,-0.1451416015625
0.842,4.3392333984375,-4.0289306640625,-0.8258056640625
0.8425,4.4993896484375,-3.2281494140625,-1.7867431640625
0.843,4.5794677734375,-2.5074462890625,-2.5875244140625
0.8435,4.3392333984375,-1.7467041015625,-3.1080322265625
0.844,4.3392333984375,-0.9459228515625,-3.8687744140625
0.8445,3.3782958984375,0.2152099609375,-3.9888916015625
0.845,3.1781005859375,0.8558349609375,-4.4293212890625
0.8455,2.0570068359375,2.0970458984375,-4.5093994140625
0.846,1.6165771484375,2.6575927734375,-4.6295166015625
0.8465,0.6956787109375,3.3382568359375,-4.3892822265625
0.847,-0.1451416015625,3.8587646484375,-4.1090087890625
0.8475,-0.9459228515625,3.9788818359375,-3.5885009765625
0.848,-1.8267822265625,4.4993896484375,-2.9478759765625
0.8485,-3.0679931640625,4.6195068359375,-1.9468994140625
0.849,-3.5484619140625,4.4993896484375,-1.3463134765625
0.8495,-4.3492431640625,4.4993896484375,-0.5455322265625
0.85,-4.5093994140625,3.8187255859375,0.3353271484375
0.8505,-4.8297119140625,3.5384521484375,0.9359130859375
0.851,-4.9498291015625,2.5775146484375,1.9368896484375
0.8515,-5.1099853515625,1.9769287109375,2.6976318359375
0.852,-4.8297119140625,1.0960693359375,3.2581787109375
0.8525,-4.7496337890625,0.2952880859375,3.9788818359375
0.853,-3.8287353515625,-0.9459228515625,4.1390380859375
0.8535,-3.5484619140625,-1.5865478515625,4.6195068359375
0.854,-2.3873291015625,-2.9078369140625,4.6995849609375
0.8545,-1.8668212890625,-3.5084228515625,4.6595458984375
0.855,-0.8658447265625,-4.2291259765625,4.4193115234375
0.8555,-0.1051025390625,-4.7496337890625,3.9788818359375
0.856,0.8558349609375,-4.8297119140625,3.3782958984375
0.8565,1.8568115234375,-5.1500244140625,2.6976318359375
0.857,3.0179443359375,-5.3101806640625,1.7767333984375
0.8575,3.4183349609375,-4.9898681640625,1.0159912109375
0.858,4.1390380859375,-4.9097900390625,0.2552490234375
0.8585,4.1790771484375,-4.1090087890625,-0.6256103515625
0.859,4.4993896484375,-3.7886962890625,-1.2662353515625
0.8595,4.4993896484375,-2.7076416015625,-2.3072509765625
0.86,4.5794677734375,-2.1470947265625,-2.9478759765625
0.8605,4.1790771484375,-1.1861572265625,-3.4683837890625
0.861,3.9788818359375,-0.3853759765625,-4.0289306640625
0.8615,3.0579833984375,0.6956787109375,-4.1490478515625
0.862,2.6976318359375,1.3363037109375,-4.4693603515625
0.8625,1.6566162109375,2.5374755859375,-4.6295166015625
0.863,1.1361083984375,2.8978271484375,-4.4293212890625
0.8635,0.2552490234375,3.5784912109375,-4.2291259765625
0.864,-0.5855712890625,3.8988037109375,-3.6685791015625
0.8645,-1.3062744140625,4.2191162109375,-3.1881103515625
0.865,-2.4273681640625,4.4193115234375,-2.3472900390625
0.8655,-3.3482666015625,4.6195068359375,-1.5865478515625
0.866,-3.7486572265625,4.2191162109375,-0.8258056640625
0.8665,-4.3492431640625,4.1790771484375,-0.1851806640625
0.867,-4.4693603515625,3.4183349609375,0.6556396484375
0.8675,-4.7496337890625,3.1380615234375,1.2161865234375
0.868,-4.8697509765625,2.1771240234375,2.2972412109375
0.8685,-4.8297119140625,1.6165771484375,2.7777099609375
0.869,-4.5494384765625,0.6556396484375,3.4583740234375
0.8695,-4.1890869140625,-0.2252197265625,3.8988037109375
0.87,-3.4683837890625,-1.2261962890625,4.1390380859375
0.8705,-2.9879150390625,-2.0269775390625,4.3792724609375
0.871,-2.1070556640625,-3.1480712890625,4.5794677734375
0.8715,-1.4263916015625,-3.4683837890625,4.2191162109375
0.872,-0.6256103515625,-4.1490478515625,4.1790771484375
0.8725,0.2952880859375,-4.3492431640625,3.4984130859375
0.873,0.9759521484375,-4.7496337890625,3.1781005859375
0.8735,2.1370849609375,-4.9097900390625,2.1771240234375
0.874,2.9378662109375,-5.0699462890625,1.5364990234375
0.8745,3.3382568359375,-4.5894775390625,0.6956787109375
0.875,3.8587646484375,-4.5093994140625,0.1351318359375
0.8755,3.8988037109375,-3.7086181640625,-0.7457275390625
0.876,4.1390380859375,-3.3482666015625,-1.3062744140625
0.8765,4.3392333984375,-2.4674072265625,-2.3873291015625
0.877,4.1390380859375,-1.9068603515625,-2.7476806640625
0.8775,3.9788818359375,-0.9859619140625,-3.4683837890625
0.878,3.3782958984375,-0.0650634765625,-3.7086181640625
0.8785,2.8577880859375,0.6956787109375,-4.0289306640625
0.879,2.2572021484375,1.5765380859375,-4.1890869140625
0.8795,1.6165771484375,2.4173583984375,-4.4693603515625
0.88,0.8558349609375,2.8177490234375,-3.9888916015625
0.8805,0.2152099609375,3.4984130859375,-3.9888916015625
0.881,-0.7056884765625,3.6185302734375,-3.1881103515625
0.8815,-1.4263916015625,4.0189208984375,-2.9478759765625
0.882,-2.5875244140625,4.2191162109375,-1.9869384765625
0.8825,-3.1881103515625,4.2191162109375,-1.4263916015625
0.883,-3.6685791015625,3.8988037109375,-0.6256103515625
0.8835,-4.0289306640625,3.6986083984375,0.0150146484375
0.884,-4.2291259765625,3.1380615234375,0.6956787109375
0.8845,-4.3892822265625,2.6575927734375,1.3363037109375
0.885,-4.7095947265625,1.9769287109375,2.2572021484375
0.8855,-4.3092041015625,1.2562255859375,2.6175537109375
0.886,-4.3092041015625,0.4554443359375,3.3782958984375
0.8865,-3.5484619140625,-0.5855712890625,3.5384521484375
0.887,-3.2681884765625,-1.2662353515625,3.9788818359375
0.8875,-2.4674072265625,-2.2672119140625,4.0589599609375
0.888,-1.9468994140625,-2.8677978515625,4.2191162109375
0.8885,-1.1060791015625,-3.2681884765625,3.7786865234375
0.889,-0.5455322265625,-3.8687744140625,3.8187255859375
0.8895,0.4154052734375,-4.0289306640625,3.0579833984375
0.89,1.0960693359375,-4.4693603515625,2.7376708984375
0.8905,2.2171630859375,-4.6295166015625,1.8968505859375
0.891,2.5775146484375,-4.5093994140625,1.3363037109375
0.8915,3.1781005859375,-4.3492431640625,0.6156005859375
0.892,3.3782958984375,-3.9088134765625,0.0150146484375
0.8925,3.6585693359375,-3.5484619140625,-0.6256103515625
0.893,3.7786865234375,-2.9078369140625,-1.3863525390625
0.8935,4.0989990234375,-2.4273681640625,-2.1470947265625
0.894,3.6585693359375,-1.5865478515625,-2.5474853515625
0.8945,3.6986083984375,-0.9859619140625,-3.1881103515625
0.895,2.8978271484375,0.0150146484375,-3.3482666015625
0.8955,2.7376708984375,0.6156005859375,-3.8287353515625
0.896,1.9769287109375,1.6566162109375,-3.9888916015625
0.8965,1.5364990234375,2.0970458984375,-4.0289306640625
0.897,0.7357177734375,2.6976318359375,-3.7886962890625
0.8975,0.1351318359375,3.1380615234375,-3.5484619140625
0.898,-0.7857666015625,3.4183349609375,-3.0279541015625
0.8985,-1.5865478515625,3.7786865234375,-2.5474853515625
0.899,-2.5474853515625,4.0589599609375,-1.8668212890625
0.8995,-2.8677978515625,3.7786865234375,-1.2662353515625
0.9,-3.5084228515625,3.8587646484375,-0.7056884765625
0.9005,-3.6685791015625,3.2181396484375,0.0550537109375
0.901,-4.0289306640625,3.0179443359375,0.6556396484375
0.9015,-4.1890869140625,2.2972412109375,1.4564208984375
0.902,-4.3892822265625,1.8968505859375,2.0970458984375
0.9025,-3.9888916015625,0.8958740234375,2.6175537109375
0.903,-3.9488525390625,0.2952880859375,3.1781005859375
0.9035,-3.1881103515625,-0.7857666015625,3.3782958984375
0.904,-2.9879150390625,-1.3463134765625,3.8187255859375
0.9045,-2.2271728515625,-2.3873291015625,3.9788818359375
0.905,-1.6666259765625,-2.7076416015625,3.8587646484375
0.9055,-0.9859619140625,-3.3482666015625,3.7386474609375
0.906,-0.2252197265625,-3.6685791015625,3.2982177734375
0.9065,0.5755615234375,-3.9888916015625,2.8577880859375
0.907,1.4564208984375,-4.2691650390625,2.2572021484375
0.9075,2.2572021484375,-4.5093994140625,1.6566162109375
0.908,2.5775146484375,-4.0689697265625,0.9759521484375
0.9085,3.0579833984375,-4.1490478515625,0.5755615234375
0.909,3.1781005859375,-3.4683837890625,-0.2652587890625
0.9095,3.5384521484375,-3.2281494140625,-0.7857666015625
0.91,3.6986083984375,-2.5474853515625,-1.6666259765625
0.9105,3.6986083984375,-2.1070556640625,-2.1470947265625
0.911,3.4583740234375,-1.2261962890625,-2.7076416015625
0.9115,3.1781005859375,-0.5855712890625,-3.1480712890625
0.912,2.6575927734375,0.3353271484375,-3.3482666015625
0.9125,2.2972412109375,1.0159912109375,-3.7486572265625
0.913,1.7366943359375,1.8568115234375,-3.9888916015625
0.9135,1.0960693359375,2.2171630859375,-3.6285400390625
0.914,0.5755615234375,2.8577880859375,-3.7086181640625
0.9145,-0.3853759765625,3.1380615234375,-3.0679931640625
0.915,-1.1461181640625,3.5784912109375,-2.8277587890625
0.9155,-2.1070556640625,3.8587646484375,-2.0670166015625
0.916,-2.7476806640625,3.8988037109375,-1.5865478515625
0.9165,-3.1480712890625,3.6185302734375,-0.8258056640625
0.917,-3.5885009765625,3.5784912109375,-0.3853759765625
0.9175,-3.8287353515625,2.9378662109375,0.4954833984375
0.918,-4.1090087890625,2.6175537109375,1.0560302734375
0.9185,-4.3892822265625,1.9368896484375,1.9769287109375
0.919,-4.1090087890625,1.2161865234375,2.4173583984375
0.9195,-3.9888916015625,0.3753662109375,3.0579833984375
0.92,-3.3883056640625,-0.4654541015625,3.3382568359375
0.9205,-3.0679931640625,-1.2662353515625,3.6986083984375
0.921,-2.4273681640625,-2.0670166015625,3.8988037109375
0.9215,-1.7867431640625,-2.8277587890625,4.0589599609375
0.922,-1.0260009765625,-3.1881103515625,3.5784912109375
0.9225,-0.5054931640625,-3.7486572265625,3.6185302734375
0.923,0.5755615234375,-3.9088134765625,2.8177490234375
0.9235,1.2562255859375,-4.3092041015625,2.4974365234375
0.924,2.2572021484375,-4.4693603515625,1.6566162109375
0.9245,2.6175537109375,-4.3092041015625,1.0960693359375
0.925,3.0179443359375,-4.0289306640625,0.4554443359375
0.9255,3.2982177734375,-3.7086181640625,-0.1451416015625
0.926,3.4984130859375,-3.1480712890625,-0.9058837890625
0.9265,3.6986083984375,-2.7076416015625,-1.5064697265625
0.927,3.8988037109375,-2.1070556640625,-2.3072509765625
0.9275,3.3782958984375,-1.2662353515625,-2.6676025390625
0.928,3.3382568359375,-0.6256103515625,-3.1881103515625
0.9285,2.6175537109375,0.2952880859375,-3.3482666015625
0.929,2.4173583984375,0.9759521484375,-3.7486572265625
0.9295,1.7767333984375,1.7767333984375,-3.8687744140625
0.93,1.1761474609375,2.3773193359375,-3.8687744140625
0.9305,0.4554443359375,2.7376708984375,-3.5484619140625
0.931,-0.1851806640625,3.2581787109375,-3.4683837890625
0.9315,-1.1861572265625,3.5384521484375,-2.6275634765625
0.932,-1.9068603515625,3.8587646484375,-2.3472900390625
0.9325,-2.8677978515625,4.0989990234375,-1.5865478515625
0.933,-3.1881103515625,3.7786865234375,-0.9459228515625
0.9335,-3.7086181640625,3.6986083984375,-0.3453369140625
0.934,-3.9088134765625,3.1781005859375,0.3753662109375
0.9345,-4.2291259765625,2.6976318359375,1.0960693359375
0.935,-4.3492431640625,2.0169677734375,1.8968505859375
0.9355,-4.5494384765625,1.4163818359375,2.6175537109375
0.936,-3.8687744140625,0.4154052734375,3.0579833984375
0.9365,-3.9088134765625,-0.2652587890625,3.6585693359375
0.937,-2.9478759765625,-1.3463134765625,3.8187255859375
0.9375,-2.6676025390625,-2.0269775390625,4.1390380859375
0.938,-1.8267822265625,-2.9078369140625,4.1390380859375
0.9385,-1.0660400390625,-3.4683837890625,3.9388427734375
0.939,-0.3453369140625,-3.8287353515625,3.5784912109375
0.9395,0.5355224609375,-4.2691650390625,3.1781005859375
0.94,1.5765380859375,-4.5093994140625,2.2972412109375
0.9405,2.2572021484375,-4.6295166015625,1.8167724609375
0.941,3.0579833984375,-4.7095947265625,1.0960693359375
0.9415,3.2581787109375,-4.1490478515625,0.2952880859375
0.942,3.6986083984375,-3.9888916015625,-0.2252197265625
0.9425,3.8187255859375,-3.1881103515625,-1.1461181640625
0.943,3.9788818359375,-2.7476806640625,-1.7867431640625
0.9435,3.9388427734375,-1.9869384765625,-2.5074462890625
0.944,3.8587646484375,-1.2662353515625,-3.1080322265625
0.9445,3.1781005859375,-0.3052978515625,-3.3082275390625
0.945,3.0579833984375,0.3353271484375,-3.7886962890625
0.9455,2.0570068359375,1.4163818359375,-3.8687744140625
0.946,1.8568115234375,1.9368896484375,-4.1090087890625
0.9465,1.0159912109375,2.7376708984375,-4.0689697265625
0.947,0.2952880859375,3.0980224609375,-3.7086181640625
0.9475,-0.3853759765625,3.5384521484375,-3.4683837890625
0.948,-1.3463134765625,3.8187255859375,-2.7476806640625
0.9485,-2.2672119140625,4.0989990234375,-2.1470947265625
0.949,-2.9478759765625,4.0989990234375,-1.5064697265625
0.9495,-3.6285400390625,4.1390380859375,-0.9058837890625
0.95,-3.8287353515625,3.5384521484375,-0.1051025390625
0.9505,-4.2691650390625,3.4984130859375,0.3753662109375
0.951,-4.3892822265625,2.5374755859375,1.4163818359375
0.9515,-4.6295166015625,2.1771240234375,1.9368896484375
0.952,-4.6295166015625,1.2962646484375,2.8177490234375
0.9525,-4.3892822265625,0.5755615234375,3.3782958984375
0.953,-3.7886962890625,-0.5054931640625,3.7786865234375
0.9535,-3.4283447265625,-1.2662353515625,4.1390380859375
0.954,-2.5074462890625,-2.4273681640625,4.3392333984375
0.9545,-1.9869384765625,-2.9478759765625,4.3792724609375
0.955,-1.1461181640625,-3.8287353515625,4.3392333984375
0.9555,-0.2652587890625,-4.1490478515625,3.7786865234375
0.956,0.4954833984375,-4.5494384765625,3.4984130859375
0.9565,1.6566162109375,-4.8297119140625,2.5374755859375
0.957,2.5374755859375,-4.9898681640625,1.8568115234375
0.9575,3.1781005859375,-4.8297119140625,1.0560302734375
0.958,3.8587646484375,-4.7496337890625,0.3753662109375
0.9585,3.8988037109375,-3.9888916015625,-0.5054931640625
0.959,4.2191162109375,-3.7486572265625,-1.0260009765625
0.9595,4.3392333984375,-2.6676025390625,-2.2271728515625
0.96,4.3392333984375,-2.1070556640625,-2.6676025390625
0.9605,4.1390380859375,-1.2261962890625,-3.4283447265625
0.961,3.6986083984375,-0.3052978515625,-3.8287353515625
0.9615,3.0579833984375,0.6156005859375,-4.0289306640625
0.962,2.4974365234375,1.4163818359375,-4.2691650390625
0.9625,1.6165771484375,2.4974365234375,-4.4693603515625
0.963,1.0159912109375,2.8978271484375,-4.2291259765625
0.9635,0.2552490234375,3.6185302734375,-4.1490478515625
0.964,-0.6256103515625,3.7786865234375,-3.4683837890625
0.9645,-1.3062744140625,4.1390380859375,-3.1881103515625
0.965,-2.5875244140625,4.3392333984375,-2.1070556640625
0.9655,-3.3082275390625,4.4993896484375,-1.5064697265625
0.966,-3.8687744140625,4.1790771484375,-0.6656494140625
0.9665,-4.3492431640625,3.9788818359375,-0.0650634765625
0.967,-4.4693603515625,3.2982177734375,0.6956787109375
0.9675,-4.7095947265625,2.8978271484375,1.2962646484375
0.968,-4.9097900390625,2.0570068359375,2.4173583984375
0.9685,-4.7496337890625,1.4163818359375,2.8577880859375
0.969,-4.6695556640625,0.5755615234375,3.6585693359375
0.9695,-4.0289306640625,-0.5054931640625,3.9788818359375
0.97,-3.5484619140625,-1.3062744140625,4.3392333984375
0.9705,-2.7476806640625,-2.3072509765625,4.4993896484375
0.971,-2.0269775390625,-3.2681884765625,4.6595458984375
0.9715,-1.2261962890625,-3.7086181640625,4.3392333984375
0.972,-0.4254150390625,-4.4693603515625,4.2591552734375
0.9725,0.5755615234375,-4.5894775390625,3.4583740234375
0.973,1.2562255859375,-4.9898681640625,3.1380615234375
0.9735,2.6175537109375,-5.1900634765625,1.9769287109375
0.974,3.2982177734375,-5.1900634765625,1.2962646484375
0.9745,3.8587646484375,-4.8297119140625,0.4154052734375
0.975,4.2191162109375,-4.5494384765625,-0.3052978515625
0.9755,4.3392333984375,-3.8287353515625,-1.1060791015625
0.976,4.4993896484375,-3.1881103515625,-1.8267822265625
0.9765,4.6995849609375,-2.2672119140625,-2.9078369140625
0.977,4.2991943359375,-1.4664306640625,-3.2681884765625
0.9775,4.1390380859375,-0.5855712890625,-4.0289306640625
0.978,3.3382568359375,0.4554443359375,-4.1490478515625
0.9785,2.8577880859375,1.2161865234375,-4.4293212890625
0.979,1.9368896484375,2.2572021484375,-4.5093994140625
0.9795,1.2562255859375,3.1380615234375,-4.6695556640625
0.98,0.3353271484375,3.4984130859375,-4.1490478515625
0.9805,-0.3453369140625,4.0989990234375,-4.0289306640625
0.981,-1.3062744140625,4.1390380859375,-3.1881103515625
0.9815,-2.0269775390625,4.4993896484375,-2.7476806640625
0.982,-3.3883056640625,4.6995849609375,-1.6265869140625
0.9825,-3.8687744140625,4.4193115234375,-0.9859619140625
0.983,-4.4293212890625,4.1390380859375,-0.1451416015625
0.9835,-4.6695556640625,3.6986083984375,0.5355224609375
0.984,-4.7896728515625,3.1380615234375,1.2962646484375
0.9845,-4.8697509765625,2.4173583984375,2.0570068359375
0.985,-5.1099853515625,1.6165771484375,3.0579833984375
0.9855,-4.5494384765625,0.6956787109375,3.3782958984375
0.986,-4.5093994140625,-0.1051025390625,4.1390380859375
0.9865,-3.5484619140625,-1.2261962890625,4.2191162109375
0.987,-3.1881103515625,-1.9068603515625,4.5394287109375
0.9875,-2.1871337890625,-3.0679931640625,4.6195068359375
0.988,-1.5064697265625,-3.7486572265625,4.6195068359375
0.9885,-0.5455322265625,-4.1890869140625,4.0989990234375
0.989,0.1351318359375,-4.7095947265625,3.9788818359375
0.9895,1.1361083984375,-4.8297119140625,3.0980224609375
0.99,1.9368896484375,-5.1099853515625,2.5775146484375
0.9905,3.2181396484375,-5.3902587890625,1.5364990234375
0.991,3.6185302734375,-4.9898681640625,0.7357177734375
0.9915,4.1790771484375,-4.7896728515625,0.0150146484375
0.992,4.3392333984375,-4.1090087890625,-0.7857666015625
0.9925,4.4993896484375,-3.5084228515625,-1.5064697265625
0.993,4.5394287109375,-2.6275634765625,-2.4273681640625
0.9935,4.7796630859375,-1.9068603515625,-3.3482666015625
0.994,4.0189208984375,-0.8258056640625,-3.6685791015625
0.9945,3.9788818359375,-0.0650634765625,-4.3092041015625
0.995,2.8978271484375,0.9759521484375,-4.2691650390625
0.9955,2.5374755859375,1.6566162109375,-4.5494384765625
0.996,1.5364990234375,2.8577880859375,-4.7095947265625
0.9965,0.7757568359375,3.3782958984375,-4.4693603515625
0.997,-0.1051025390625,3.8187255859375,-4.0289306640625
0.9975,-0.8258056640625,4.2191162109375,-3.7086181640625
0.998,-1.8668212890625,4.3392333984375,-2.8277587890625
0.9985,-2.6275634765625,4.4993896484375,-2.2672119140625
0.999,-3.8287353515625,4.7396240234375,-1.2662353515625
0.9995,-4.1090087890625,4.0989990234375,-0.4654541015625
