wavelength,x,y,z
0.0,-1.9619140625,-6.24609375,6.1259765625
0.0005,-3.203125,-5.4052734375,6.6865234375
0.001,-4.5244140625,-4.00390625,7.0068359375
0.0015,-5.525390625,-2.642578125,6.88671875
0.002,-6.0859375,-1.4814453125,6.6064453125
0.0025,-6.166015625,-0.640625,6.24609375
0.003,-6.326171875,0.48046875,5.7255859375
0.0035,-6.005859375,1.76171875,4.404296875
0.004,-5.8056640625,3.04296875,3.123046875
0.0045,-5.365234375,4.083984375,1.841796875
0.005,-4.724609375,4.9248046875,0.6806640625
0.0055,-4.4443359375,5.4453125,-0.2001953125
0.006,-3.5234375,5.7255859375,-1.44140625
0.0065,-2.001953125,5.8857421875,-2.8828125
0.007,-0.6806640625,5.92578125,-4.244140625
0.0075,0.3603515625,5.7255859375,-5.125
0.008,1.0810546875,5.7255859375,-5.845703125
0.0085,2.001953125,5.28515625,-6.6064453125
0.009,3.36328125,4.0439453125,-6.88671875
0.0095,4.5244140625,2.7626953125,-7.126953125
0.01,5.28515625,1.44140625,-6.8466796875
0.0105,5.7255859375,0.3603515625,-6.486328125
0.011,5.8056640625,-0.48046875,-6.166015625
0.0115,5.765625,-1.5615234375,-5.5654296875
0.012,5.4453125,-2.8828125,-4.00390625
0.0125,5.28515625,-4.2041015625,-2.8427734375
0.013,4.724609375,-5.0048828125,-1.6015625
0.0135,4.2841796875,-5.6455078125,-0.6005859375
0.014,3.763671875,-6.166015625,0.3603515625
0.0145,2.72265625,-6.40625,1.4814453125
0.015,1.3212890625,-6.486328125,3.04296875
0.0155,0.080078125,-6.2861328125,4.2041015625
0.016,-0.9609375,-6.2861328125,5.044921875
0.0165,-1.5615234375,-6.2861328125,5.7255859375
0.017,-2.642578125,-5.8056640625,6.40625
0.0175,-4.00390625,-4.4443359375,6.646484375
0.018,-5.0048828125,-3.203125,6.7265625
0.0185,-5.525390625,-1.9619140625,6.4462890625
0.019,-5.9658203125,-1.041015625,6.24609375
0.0195,-6.0859375,-0.240234375,5.8056640625
0.02,-5.845703125,0.880859375,4.96484375
0.0205,-5.7255859375,2.1220703125,3.763671875
0.021,-5.365234375,3.3232421875,2.482421875
0.0215,-4.884765625,4.1240234375,1.4013671875
0.022,-4.64453125,4.96484375,0.640625
0.0225,-4.0439453125,5.4052734375,-0.5205078125
0.023,-2.72265625,5.4853515625,-1.8818359375
0.0235,-1.681640625,5.7255859375,-3.1630859375
0.024,-0.3603515625,5.525390625,-4.32421875
0.0245,0.48046875,5.5654296875,-5.0849609375
0.025,1.201171875,5.60546875,-5.8056640625
0.0255,2.2421875,4.7646484375,-6.40625
0.026,3.6435546875,3.5234375,-6.806640625
0.0265,4.6044921875,2.322265625,-6.7265625
0.027,5.0849609375,1.2412109375,-6.40625
0.0275,5.4052734375,0.400390625,-6.2861328125
0.028,5.60546875,-0.640625,-5.845703125
0.0285,5.365234375,-1.8017578125,-4.724609375
0.029,5.2451171875,-2.962890625,-3.6435546875
0.0295,4.8447265625,-4.083984375,-2.3623046875
0.03,4.484375,-4.884765625,-1.4013671875
0.0305,4.1640625,-5.5654296875,-0.6005859375
0.031,3.443359375,-5.92578125,0.560546875
0.0315,2.08203125,-6.166015625,1.921875
0.032,0.9208984375,-6.2861328125,3.2431640625
0.0325,-0.2001953125,-6.24609375,4.1240234375
0.033,-0.80078125,-6.2861328125,4.96484375
0.0335,-1.8017578125,-6.0859375,5.8056640625
0.034,-2.9228515625,-5.0048828125,6.0859375
0.0345,-4.0439453125,-3.8837890625,6.40625
0.035,-4.96484375,-2.72265625,6.326171875
0.0355,-5.28515625,-1.5615234375,6.0859375
0.036,-5.685546875,-0.9208984375,5.92578125
0.0365,-5.765625,0.080078125,5.365234375
0.037,-5.525390625,1.28125,4.244140625
0.0375,-5.4052734375,2.40234375,3.1630859375
0.038,-4.96484375,3.3232421875,2.0419921875
0.0385,-4.6845703125,4.1240234375,1.12109375
0.039,-4.3642578125,4.7646484375,0.3203125
0.0395,-3.4833984375,5.0849609375,-0.80078125
0.04,-2.3623046875,5.3251953125,-2.1220703125
0.0405,-1.12109375,5.28515625,-3.36328125
0.041,-0.3603515625,5.3251953125,-4.2041015625
0.0415,0.3603515625,5.4052734375,-5.0849609375
0.042,1.4013671875,5.3251953125,-5.7255859375
0.0425,2.642578125,4.083984375,-6.1259765625
0.043,3.7236328125,3.04296875,-6.40625
0.0435,4.404296875,1.921875,-6.24609375
0.044,4.8447265625,1.0009765625,-6.1259765625
0.0445,5.125,0.240234375,-5.92578125
0.045,5.28515625,-0.640625,-5.3251953125
0.0455,5.044921875,-1.921875,-4.244140625
0.046,4.8046875,-3.0830078125,-3.203125
0.0465,4.484375,-3.923828125,-2.2021484375
0.047,4.32421875,-4.7646484375,-1.361328125
0.0475,3.8837890625,-5.365234375,-0.48046875
0.048,2.8828125,-5.60546875,0.7607421875
0.0485,1.921875,-5.92578125,2.0419921875
0.049,0.7607421875,-5.92578125,3.123046875
0.0495,0.0,-6.0458984375,3.9638671875
0.05,-0.80078125,-6.0458984375,4.8447265625
0.0505,-1.841796875,-5.6455078125,5.4853515625
0.051,-3.04296875,-4.564453125,5.8857421875
0.0515,-4.00390625,-3.5234375,6.005859375
0.052,-4.64453125,-2.4423828125,5.92578125
0.0525,-5.1650390625,-1.841796875,5.845703125
0.053,-5.4453125,-0.880859375,5.60546875
0.0535,-5.3251953125,0.2001953125,4.8046875
0.054,-5.28515625,1.2412109375,3.9638671875
0.0545,-4.884765625,2.40234375,2.802734375
0.055,-4.7646484375,3.203125,1.9619140625
0.0555,-4.564453125,4.00390625,1.2412109375
0.056,-4.083984375,4.484375,0.2802734375
0.0565,-3.04296875,4.7646484375,-1.12109375
0.057,-2.08203125,5.0849609375,-2.2421875
0.0575,-1.2412109375,5.0849609375,-3.203125
0.058,-0.5205078125,5.3251953125,-4.083984375
0.0585,0.48046875,5.3251953125,-5.0048828125
0.059,1.5615234375,4.64453125,-5.4853515625
0.0595,2.6826171875,3.68359375,-5.92578125
0.06,3.6435546875,2.6025390625,-5.9658203125
0.0605,4.1240234375,1.681640625,-5.8857421875
0.061,4.6044921875,0.9609375,-5.92578125
0.0615,4.884765625,0.1201171875,-5.525390625
0.062,4.9248046875,-1.0009765625,-4.7646484375
0.0625,4.8046875,-2.08203125,-3.84375
0.063,4.6044921875,-3.04296875,-2.8828125
0.0635,4.32421875,-3.8837890625,-1.9619140625
0.064,4.2841796875,-4.64453125,-1.28125
0.0645,3.4833984375,-5.1650390625,-0.240234375
0.065,2.5625,-5.525390625,1.041015625
0.0655,1.4814453125,-5.7255859375,2.2421875
0.066,0.6806640625,-5.765625,3.1630859375
0.0665,0.0,-6.0458984375,4.1240234375
0.067,-1.041015625,-5.92578125,4.96484375
0.0675,-2.2421875,-5.0048828125,5.4453125
0.068,-3.283203125,-4.083984375,5.765625
0.0685,-4.1240234375,-3.0830078125,5.765625
0.069,-4.64453125,-2.2421875,5.765625
0.0695,-5.125,-1.44140625,5.7255859375
0.07,-5.1650390625,-0.640625,5.1650390625
0.0705,-5.125,0.6005859375,4.32421875
0.071,-5.0849609375,1.7216796875,3.4033203125
0.0715,-4.884765625,2.5625,2.4423828125
0.072,-4.7646484375,3.4833984375,1.6416015625
0.0725,-4.5244140625,4.1240234375,0.8408203125
0.073,-3.4833984375,4.484375,-0.5205078125
0.0735,-2.6025390625,4.884765625,-1.8017578125
0.074,-1.6015625,5.0849609375,-2.72265625
0.0745,-0.80078125,5.2451171875,-3.7236328125
0.075,0.0,5.365234375,-4.6044921875
0.0755,1.0810546875,5.0048828125,-5.3251953125
0.076,2.2822265625,4.00390625,-5.765625
0.0765,3.2431640625,2.9228515625,-5.9658203125
0.077,3.9638671875,1.9619140625,-5.92578125
0.0775,4.5244140625,1.201171875,-5.9658203125
0.078,4.884765625,0.400390625,-5.765625
0.0785,4.8447265625,-0.720703125,-4.9248046875
0.079,4.8046875,-1.8818359375,-4.1240234375
0.0795,4.64453125,-2.8828125,-3.0830078125
0.08,4.3642578125,-3.8037109375,-2.08203125
0.0805,4.32421875,-4.6845703125,-1.3212890625
0.081,3.7236328125,-5.205078125,-0.400390625
0.0815,2.6826171875,-5.525390625,0.9609375
0.082,1.76171875,-5.6455078125,2.2021484375
0.0825,0.6806640625,-5.8056640625,3.2431640625
0.083,0.0400390625,-6.0458984375,4.1240234375
0.0835,-0.9609375,-6.0458984375,4.96484375
0.084,-2.001953125,-5.28515625,5.4052734375
0.0845,-3.283203125,-4.2841796875,5.8857421875
0.085,-4.2041015625,-3.0830078125,5.8857421875
0.0855,-4.8046875,-2.1220703125,5.8857421875
0.086,-5.205078125,-1.44140625,5.765625
0.0865,-5.4052734375,-0.6005859375,5.365234375
0.087,-5.28515625,0.6806640625,4.404296875
0.0875,-5.1650390625,1.841796875,3.36328125
0.088,-4.9248046875,2.7626953125,2.40234375
0.0885,-4.64453125,3.5634765625,1.521484375
0.089,-4.4443359375,4.32421875,0.6806640625
0.0895,-3.6435546875,4.64453125,-0.48046875
0.09,-2.5625,5.0849609375,-1.76171875
0.0905,-1.521484375,5.1650390625,-2.8828125
0.091,-0.720703125,5.2451171875,-3.8037109375
0.0915,0.1201171875,5.4052734375,-4.8447265625
0.092,1.0810546875,5.125,-5.5654296875
0.0925,2.322265625,4.0439453125,-5.9658203125
0.093,3.4833984375,3.0830078125,-6.24609375
0.0935,4.2041015625,1.8818359375,-6.1259765625
0.094,4.8046875,1.0810546875,-6.0859375
0.0945,5.044921875,0.240234375,-5.9658203125
0.095,5.044921875,-0.720703125,-5.125
0.0955,4.96484375,-2.001953125,-4.1640625
0.096,4.8046875,-3.1630859375,-3.0830078125
0.0965,4.484375,-4.0439453125,-2.08203125
0.097,4.32421875,-4.8046875,-1.28125
0.0975,3.84375,-5.4853515625,-0.3603515625
0.098,2.802734375,-5.6455078125,0.9609375
0.0985,1.7216796875,-5.9658203125,2.2822265625
0.099,0.640625,-5.92578125,3.36328125
0.0995,-0.2802734375,-6.1259765625,4.2841796875
0.1,-1.0009765625,-6.1259765625,5.0849609375
0.1005,-2.08203125,-5.4453125,5.7255859375
0.101,-3.4033203125,-4.32421875,6.166015625
0.1015,-4.484375,-3.203125,6.24609375
0.102,-5.0048828125,-2.08203125,6.166015625
0.1025,-5.3251953125,-1.44140625,5.8857421875
0.103,-5.685546875,-0.5205078125,5.6455078125
0.1035,-5.4453125,0.6806640625,4.6044921875
0.104,-5.4453125,1.841796875,3.5234375
0.1045,-5.125,2.962890625,2.4423828125
0.105,-4.724609375,3.763671875,1.4013671875
0.1055,-4.5244140625,4.484375,0.640625
0.106,-3.84375,4.96484375,-0.4404296875
0.1065,-2.6025390625,5.2451171875,-1.8818359375
0.107,-1.521484375,5.4853515625,-3.123046875
0.1075,-0.6005859375,5.4052734375,-4.0439453125
0.108,0.2802734375,5.525390625,-4.9248046875
0.1085,1.12109375,5.365234375,-5.765625
0.109,2.40234375,4.32421875,-6.24609375
0.1095,3.7236328125,3.283203125,-6.6064453125
0.11,4.5244140625,1.9619140625,-6.4462890625
0.1105,5.0849609375,0.9609375,-6.326171875
0.111,5.4052734375,0.2001953125,-6.2060546875
0.1115,5.4853515625,-0.9208984375,-5.7255859375
0.112,5.2451171875,-2.2822265625,-4.2841796875
0.1125,5.0849609375,-3.6435546875,-3.123046875
0.113,4.8046875,-4.5244140625,-2.0419921875
0.1135,4.32421875,-5.365234375,-1.041015625
0.114,3.9638671875,-5.845703125,0.0
0.1145,2.9228515625,-6.1259765625,1.1611328125
0.115,1.6015625,-6.3662109375,2.6826171875
0.1155,0.2802734375,-6.2861328125,4.00390625
0.116,-0.6806640625,-6.2861328125,4.8046875
0.1165,-1.3212890625,-6.2861328125,5.60546875
0.117,-2.5224609375,-5.765625,6.3662109375
0.1175,-3.8837890625,-4.3642578125,6.646484375
0.118,-5.0048828125,-3.203125,6.7666015625
0.1185,-5.60546875,-1.921875,6.486328125
0.119,-5.9658203125,-1.0009765625,6.24609375
0.1195,-6.0458984375,0.0,5.765625
0.12,-5.92578125,1.0810546875,4.8046875
0.1205,-5.765625,2.482421875,3.5234375
0.121,-5.4052734375,3.603515625,2.2021484375
0.1215,-4.9248046875,4.404296875,1.0810546875
0.122,-4.5244140625,5.125,0.3203125
0.1225,-3.8837890625,5.60546875,-0.80078125
0.123,-2.642578125,5.7255859375,-2.1220703125
0.1235,-1.3212890625,5.8857421875,-3.6435546875
0.124,0.0400390625,5.685546875,-4.7646484375
0.1245,0.7607421875,5.6455078125,-5.4453125
0.125,1.521484375,5.4453125,-6.1259765625
0.1255,2.802734375,4.6044921875,-6.7265625
0.126,4.1640625,3.1630859375,-7.046875
0.1265,5.0849609375,1.8818359375,-6.966796875
0.127,5.525390625,0.7607421875,-6.56640625
0.1275,5.8056640625,0.0,-6.326171875
0.128,5.8857421875,-1.12109375,-5.765625
0.1285,5.5654296875,-2.4423828125,-4.5244140625
0.129,5.365234375,-3.68359375,-3.203125
0.1295,4.8046875,-4.8447265625,-1.9619140625
0.13,4.484375,-5.4453125,-0.9609375
0.1305,3.9638671875,-6.005859375,0.0400390625
0.131,3.1630859375,-6.40625,1.0810546875
0.1315,1.6015625,-6.56640625,2.6025390625
0.132,0.3603515625,-6.6064453125,4.0439453125
0.1325,-0.560546875,-6.40625,4.7646484375
0.133,-1.44140625,-6.3662109375,5.6455078125
0.1335,-2.3623046875,-5.92578125,6.40625
0.134,-3.603515625,-4.8447265625,6.646484375
0.1345,-4.884765625,-3.5634765625,6.966796875
0.135,-5.6455078125,-2.2822265625,6.6865234375
0.1355,-5.9658203125,-1.201171875,6.2861328125
0.136,-6.1259765625,-0.400390625,6.005859375
0.1365,-6.166015625,0.6005859375,5.365234375
0.137,-5.8056640625,2.0419921875,3.9638671875
0.1375,-5.6455078125,3.2431640625,2.72265625
0.138,-5.125,4.2041015625,1.521484375
0.1385,-4.6845703125,4.884765625,0.6005859375
0.139,-4.2041015625,5.4052734375,-0.400390625
0.1395,-3.203125,5.685546875,-1.5615234375
0.14,-1.841796875,5.8857421875,-3.0830078125
0.1405,-0.4404296875,5.7255859375,-4.3642578125
0.141,0.5205078125,5.6455078125,-5.125
0.1415,1.0810546875,5.7255859375,-5.92578125
0.142,2.08203125,5.125,-6.6064453125
0.1425,3.4833984375,3.8037109375,-6.806640625
0.143,4.7646484375,2.7626953125,-7.046875
0.1435,5.3251953125,1.3212890625,-6.7666015625
0.144,5.685546875,0.3203125,-6.4462890625
0.1445,5.8857421875,-0.6806640625,-6.0859375
0.145,5.685546875,-1.76171875,-5.205078125
0.1455,5.4453125,-3.123046875,-3.84375
0.146,5.0849609375,-4.32421875,-2.482421875
0.1465,4.6044921875,-5.125,-1.3212890625
0.147,4.32421875,-5.8056640625,-0.48046875
0.1475,3.68359375,-6.3662109375,0.6005859375
0.148,2.2822265625,-6.486328125,2.0419921875
0.1485,0.9609375,-6.6064453125,3.5234375
0.149,-0.400390625,-6.486328125,4.6044921875
0.1495,-1.12109375,-6.40625,5.3251953125
0.15,-1.921875,-6.2861328125,6.1259765625
0.1505,-3.1630859375,-5.4453125,6.6865234375
0.151,-4.5244140625,-4.00390625,7.0068359375
0.1515,-5.4052734375,-2.642578125,7.0068359375
0.152,-5.845703125,-1.521484375,6.5263671875
0.1525,-6.005859375,-0.6806640625,6.166015625
0.153,-6.3662109375,0.3603515625,5.7255859375
0.1535,-6.0859375,1.6015625,4.404296875
0.154,-5.765625,3.04296875,3.123046875
0.1545,-5.4052734375,4.1640625,1.841796875
0.155,-4.884765625,4.9248046875,0.7607421875
0.1555,-4.5244140625,5.4853515625,-0.2001953125
0.156,-3.5634765625,5.8056640625,-1.28125
0.1565,-2.08203125,5.9658203125,-2.9228515625
0.157,-0.720703125,6.0458984375,-4.32421875
0.1575,0.400390625,5.8056640625,-5.1650390625
0.158,1.12109375,5.7255859375,-5.845703125
0.1585,2.0419921875,5.4052734375,-6.6865234375
0.159,3.36328125,4.1640625,-7.0068359375
0.1595,4.724609375,2.802734375,-7.20703125
0.16,5.4853515625,1.44140625,-7.0068359375
0.1605,5.7255859375,0.3203125,-6.5263671875
0.161,5.8857421875,-0.560546875,-6.326171875
0.1615,5.8857421875,-1.6416015625,-5.4853515625
0.162,5.525390625,-3.123046875,-4.1240234375
0.1625,5.365234375,-4.1240234375,-2.7626953125
0.163,4.8046875,-5.2451171875,-1.681640625
0.1635,4.32421875,-5.765625,-0.6005859375
0.164,3.8037109375,-6.2861328125,0.4404296875
0.1645,2.642578125,-6.4462890625,1.5615234375
0.165,1.28125,-6.646484375,3.1630859375
0.1655,0.0,-6.486328125,4.32421875
0.166,-1.0009765625,-6.326171875,5.0849609375
0.1665,-1.6015625,-6.2861328125,5.765625
0.167,-2.6826171875,-5.765625,6.5263671875
0.1675,-4.00390625,-4.4443359375,6.6865234375
0.168,-5.125,-3.1630859375,6.88671875
0.1685,-5.60546875,-2.001953125,6.5263671875
0.169,-5.92578125,-1.0009765625,6.1259765625
0.1695,-6.166015625,-0.2802734375,5.8857421875
0.17,-5.92578125,0.880859375,5.0048828125
0.1705,-5.6455078125,2.2021484375,3.68359375
0.171,-5.2451171875,3.4033203125,2.4423828125
0.1715,-4.96484375,4.1240234375,1.3212890625
0.172,-4.5244140625,4.96484375,0.6005859375
0.1725,-4.1640625,5.2451171875,-0.48046875
0.173,-2.7626953125,5.4853515625,-1.8017578125
0.1735,-1.8017578125,5.765625,-3.0830078125
0.174,-0.5205078125,5.525390625,-4.1640625
0.1745,0.48046875,5.5654296875,-5.0048828125
0.175,1.1611328125,5.5654296875,-5.8056640625
0.1755,2.2021484375,4.9248046875,-6.40625
0.176,3.5234375,3.7236328125,-6.7666015625
0.1765,4.5244140625,2.4423828125,-6.7666015625
0.177,5.044921875,1.28125,-6.4462890625
0.1775,5.4052734375,0.4404296875,-6.3662109375
0.178,5.6455078125,-0.6005859375,-5.9658203125
0.1785,5.4052734375,-1.6416015625,-4.884765625
0.179,5.365234375,-2.9228515625,-3.8037109375
0.1795,4.9248046875,-3.9638671875,-2.5625
0.18,4.4443359375,-4.8046875,-1.44140625
0.1805,4.2041015625,-5.6455078125,-0.640625
0.181,3.4833984375,-5.9658203125,0.560546875
0.1815,2.2822265625,-6.2861328125,1.841796875
0.182,1.041015625,-6.2861328125,3.2431640625
0.1825,0.080078125,-6.2060546875,4.1240234375
0.183,-0.9609375,-6.2861328125,5.044921875
0.1835,-1.7216796875,-6.1259765625,5.765625
0.184,-2.8427734375,-5.125,6.2060546875
0.1845,-4.00390625,-4.00390625,6.486328125
0.185,-5.0048828125,-2.7626953125,6.40625
0.1855,-5.525390625,-1.7216796875,6.1259765625
0.186,-5.7255859375,-0.9609375,5.9658203125
0.1865,-5.765625,0.080078125,5.4453125
0.187,-5.60546875,1.28125,4.2841796875
0.1875,-5.4853515625,2.5224609375,3.203125
0.188,-4.96484375,3.36328125,2.0419921875
0.1885,-4.724609375,4.2041015625,1.12109375
0.189,-4.404296875,4.8046875,0.3203125
0.1895,-3.4033203125,5.0849609375,-0.9208984375
0.19,-2.2421875,5.4052734375,-2.2421875
0.1905,-1.0810546875,5.4453125,-3.4033203125
0.191,-0.3203125,5.4052734375,-4.1640625
0.1915,0.400390625,5.4853515625,-5.0849609375
0.192,1.44140625,5.2451171875,-5.845703125
0.1925,2.6025390625,4.1240234375,-6.1259765625
0.193,3.68359375,2.9228515625,-6.40625
0.1935,4.4443359375,1.921875,-6.2861328125
0.194,4.884765625,1.0009765625,-6.1259765625
0.1945,5.0849609375,0.16015625,-5.845703125
0.195,5.1650390625,-0.80078125,-5.2451171875
0.1955,5.0048828125,-1.9619140625,-4.244140625
0.196,4.8447265625,-3.1630859375,-3.123046875
0.1965,4.484375,-3.9638671875,-2.1220703125
0.197,4.32421875,-4.7646484375,-1.28125
0.1975,3.8837890625,-5.3251953125,-0.4404296875
0.198,2.8427734375,-5.60546875,0.80078125
0.1985,1.9619140625,-5.9658203125,2.001953125
0.199,0.7607421875,-5.8056640625,3.123046875
0.1995,-0.240234375,-6.0458984375,4.0439453125
0.2,-0.9208984375,-6.166015625,4.8447265625
0.2005,-1.681640625,-5.765625,5.4853515625
0.201,-3.0830078125,-4.8046875,5.8857421875
0.2015,-3.923828125,-3.5234375,5.9658203125
0.202,-4.7646484375,-2.6025390625,5.8857421875
0.2025,-5.2451171875,-1.8017578125,5.8857421875
0.203,-5.4853515625,-0.880859375,5.7255859375
0.2035,-5.3251953125,0.240234375,4.8447265625
0.204,-5.365234375,1.201171875,4.00390625
0.2045,-5.125,2.2822265625,2.9228515625
0.205,-4.6845703125,3.1630859375,1.921875
0.2055,-4.5244140625,3.9638671875,1.12109375
0.206,-4.1240234375,4.5244140625,0.2802734375
0.2065,-2.962890625,4.8046875,-1.0810546875
0.207,-2.1220703125,5.125,-2.2421875
0.2075,-1.041015625,5.0849609375,-3.2431640625
0.208,-0.5205078125,5.4052734375,-4.1240234375
0.2085,0.3603515625,5.28515625,-5.0048828125
0.209,1.5615234375,4.6044921875,-5.5654296875
0.2095,2.802734375,3.84375,-6.0458984375
0.21,3.7236328125,2.72265625,-6.0458984375
0.2105,4.1640625,1.681640625,-5.8056640625
0.211,4.6044921875,1.0009765625,-5.8056640625
0.2115,4.8447265625,0.1201171875,-5.4453125
0.212,4.8046875,-1.201171875,-4.724609375
0.2125,4.9248046875,-2.08203125,-3.84375
0.213,4.484375,-3.1630859375,-2.72265625
0.2135,4.32421875,-4.1240234375,-1.9619140625
0.214,4.2041015625,-4.8046875,-1.1611328125
0.2145,3.5234375,-5.1650390625,-0.16015625
0.215,2.5625,-5.4853515625,1.201171875
0.2155,1.44140625,-5.685546875,2.3623046875
0.216,0.560546875,-5.765625,3.283203125
0.2165,-0.16015625,-6.0859375,4.1640625
0.217,-1.12109375,-5.9658203125,5.044921875
0.2175,-2.2822265625,-5.125,5.4453125
0.218,-3.203125,-4.1240234375,5.8056640625
0.2185,-4.2041015625,-2.962890625,5.845703125
0.219,-4.8447265625,-2.162109375,5.8056640625
0.2195,-5.0048828125,-1.44140625,5.60546875
0.22,-5.1650390625,-0.640625,5.125
0.2205,-5.0849609375,0.6806640625,4.2041015625
0.221,-4.96484375,1.8818359375,3.3232421875
0.2215,-4.96484375,2.6025390625,2.5224609375
0.222,-4.724609375,3.6435546875,1.681640625
0.2225,-4.4443359375,4.2041015625,0.7607421875
0.223,-3.443359375,4.484375,-0.5205078125
0.2235,-2.5625,4.9248046875,-1.681640625
0.224,-1.6015625,5.0849609375,-2.72265625
0.2245,-0.9208984375,5.205078125,-3.603515625
0.225,-0.2001953125,5.365234375,-4.484375
0.2255,0.9609375,4.96484375,-5.28515625
0.226,2.2421875,4.00390625,-5.765625
0.2265,3.1630859375,3.0029296875,-5.92578125
0.227,4.083984375,2.0419921875,-5.92578125
0.2275,4.404296875,1.28125,-5.92578125
0.228,4.8447265625,0.4404296875,-5.765625
0.2285,4.9248046875,-0.6005859375,-5.0849609375
0.229,4.96484375,-1.6015625,-4.2041015625
0.2295,4.5244140625,-2.7626953125,-3.04296875
0.23,4.2841796875,-3.6435546875,-2.08203125
0.2305,4.2041015625,-4.564453125,-1.521484375
0.231,3.763671875,-5.1650390625,-0.560546875
0.2315,2.8427734375,-5.3251953125,0.720703125
0.232,1.7216796875,-5.6455078125,2.162109375
0.2325,0.9208984375,-5.845703125,2.8828125
0.233,0.2802734375,-5.8857421875,3.84375
0.2335,-0.880859375,-6.0458984375,4.8046875
0.234,-1.9619140625,-5.3251953125,5.365234375
0.2345,-3.0830078125,-4.404296875,5.765625
0.235,-4.00390625,-3.36328125,5.845703125
0.2355,-4.6044921875,-2.322265625,5.765625
0.236,-5.0048828125,-1.681640625,5.7255859375
0.2365,-5.28515625,-0.80078125,5.4052734375
0.237,-5.28515625,0.3603515625,4.484375
0.2375,-5.0849609375,1.5615234375,3.6435546875
0.238,-4.9248046875,2.6025390625,2.6826171875
0.2385,-4.724609375,3.2431640625,1.7216796875
0.239,-4.5244140625,3.9638671875,0.9208984375
0.2395,-3.7236328125,4.564453125,-0.2001953125
0.24,-2.72265625,4.8447265625,-1.6015625
0.2405,-1.6416015625,5.125,-2.5625
0.241,-0.9208984375,5.2451171875,-3.36328125
0.2415,-0.3203125,5.3251953125,-4.32421875
0.242,0.880859375,5.2451171875,-5.3251953125
0.2425,2.162109375,4.32421875,-5.765625
0.243,3.123046875,3.2431640625,-6.0859375
0.2435,3.8837890625,2.08203125,-6.0458984375
0.244,4.564453125,1.28125,-6.0458984375
0.2445,5.0048828125,0.5205078125,-5.92578125
0.245,5.0048828125,-0.5205078125,-5.28515625
0.2455,5.044921875,-1.6416015625,-4.3642578125
0.246,4.8046875,-2.8828125,-3.2431640625
0.2465,4.6044921875,-3.7236328125,-2.322265625
0.247,4.2041015625,-4.5244140625,-1.361328125
0.2475,3.9638671875,-5.28515625,-0.6005859375
0.248,3.04296875,-5.525390625,0.640625
0.2485,1.921875,-5.8056640625,2.08203125
0.249,0.720703125,-5.845703125,3.283203125
0.2495,-0.16015625,-6.166015625,4.00390625
0.25,-0.880859375,-6.1259765625,4.96484375
0.2505,-1.921875,-5.685546875,5.5654296875
0.251,-3.2431640625,-4.4443359375,6.1259765625
0.2515,-4.244140625,-3.36328125,6.0458984375
0.252,-4.8447265625,-2.1220703125,6.0458984375
0.2525,-5.4052734375,-1.5615234375,5.92578125
0.253,-5.5654296875,-0.640625,5.60546875
0.2535,-5.3251953125,0.6005859375,4.6044921875
0.254,-5.28515625,1.8818359375,3.5634765625
0.2545,-5.0849609375,2.9228515625,2.5224609375
0.255,-4.8046875,3.8037109375,1.5615234375
0.2555,-4.5244140625,4.4443359375,0.720703125
0.256,-3.8837890625,4.96484375,-0.3203125
0.2565,-2.6826171875,5.0849609375,-1.681640625
0.257,-1.521484375,5.365234375,-3.0830078125
0.2575,-0.80078125,5.3251953125,-3.84375
0.258,0.0400390625,5.4052734375,-4.6845703125
0.2585,1.12109375,5.28515625,-5.765625
0.259,2.2421875,4.32421875,-6.166015625
0.2595,3.6435546875,3.36328125,-6.486328125
0.26,4.4443359375,2.08203125,-6.40625
0.2605,4.9248046875,1.12109375,-6.1259765625
0.261,5.2451171875,0.3203125,-6.166015625
0.2615,5.4052734375,-0.640625,-5.525390625
0.262,5.125,-2.1220703125,-4.3642578125
0.2625,5.044921875,-3.4033203125,-3.283203125
0.263,4.7646484375,-4.1240234375,-2.08203125
0.2635,4.4443359375,-4.8447265625,-1.1611328125
0.264,4.00390625,-5.6455078125,-0.3203125
0.2645,3.0029296875,-5.8857421875,0.9609375
0.265,1.76171875,-6.2060546875,2.40234375
0.2655,0.400390625,-6.2861328125,3.7236328125
0.266,-0.400390625,-6.24609375,4.484375
0.2665,-1.1611328125,-6.1259765625,5.4052734375
0.267,-2.2021484375,-5.92578125,6.0859375
0.2675,-3.4833984375,-4.6044921875,6.326171875
0.268,-4.6044921875,-3.2431640625,6.646484375
0.2685,-5.4453125,-2.1220703125,6.56640625
0.269,-5.845703125,-1.28125,6.24609375
0.2695,-6.005859375,-0.5205078125,5.765625
0.27,-5.845703125,0.7607421875,5.0849609375
0.2705,-5.7255859375,2.162109375,3.68359375
0.271,-5.4052734375,3.5234375,2.5224609375
0.2715,-5.044921875,4.1640625,1.3212890625
0.272,-4.564453125,4.884765625,0.400390625
0.2725,-4.0439453125,5.4453125,-0.560546875
0.273,-2.72265625,5.60546875,-1.8818359375
0.2735,-1.5615234375,5.7255859375,-3.443359375
0.274,-0.3203125,5.60546875,-4.564453125
0.2745,0.560546875,5.60546875,-5.3251953125
0.275,1.3212890625,5.4052734375,-6.1259765625
0.2755,2.642578125,4.724609375,-6.6865234375
0.276,3.923828125,3.2431640625,-6.9267578125
0.2765,5.0849609375,2.0419921875,-7.046875
0.277,5.4453125,0.9609375,-6.486328125
0.2775,5.7255859375,-0.2001953125,-6.40625
0.278,5.8056640625,-1.1611328125,-5.845703125
0.2785,5.685546875,-2.2822265625,-4.564453125
0.279,5.4052734375,-3.68359375,-3.36328125
0.2795,4.96484375,-4.6845703125,-1.841796875
0.28,4.484375,-5.4853515625,-1.041015625
0.2805,4.083984375,-6.0859375,0.0400390625
0.281,3.1630859375,-6.56640625,1.0810546875
0.2815,1.6416015625,-6.646484375,2.6025390625
0.282,0.3603515625,-6.56640625,4.244140625
0.2825,-0.880859375,-6.3662109375,5.125
0.283,-1.4814453125,-6.4462890625,5.6455078125
0.2835,-2.322265625,-6.0859375,6.3662109375
0.284,-3.7236328125,-4.8447265625,6.7265625
0.2845,-4.884765625,-3.5634765625,6.966796875
0.285,-5.8056640625,-2.162109375,6.806640625
0.2855,-6.0458984375,-1.041015625,6.326171875
0.286,-6.326171875,-0.2802734375,6.2060546875
0.2865,-6.2861328125,0.80078125,5.3251953125
0.287,-5.92578125,2.2421875,3.8037109375
0.2875,-5.6455078125,3.603515625,2.6826171875
0.288,-5.205078125,4.4443359375,1.5615234375
0.2885,-4.724609375,4.96484375,0.3603515625
0.289,-4.1640625,5.525390625,-0.5205078125
0.2895,-3.1630859375,5.685546875,-1.8017578125
0.29,-1.6416015625,5.92578125,-3.283203125
0.2905,-0.3203125,5.845703125,-4.564453125
0.291,0.640625,5.7255859375,-5.4052734375
0.2915,1.2412109375,5.685546875,-5.92578125
0.292,2.2421875,5.0849609375,-6.7265625
0.2925,3.7236328125,3.68359375,-7.046875
0.293,4.884765625,2.482421875,-7.2470703125
0.2935,5.4453125,1.28125,-6.7666015625
0.294,5.765625,0.400390625,-6.40625
0.2945,5.8857421875,-0.640625,-6.1259765625
0.295,5.8056640625,-1.6015625,-5.1650390625
0.2955,5.4853515625,-3.123046875,-3.8037109375
0.296,5.2451171875,-4.3642578125,-2.6025390625
0.2965,4.6044921875,-5.1650390625,-1.28125
0.297,4.2041015625,-5.92578125,-0.48046875
0.2975,3.7236328125,-6.326171875,0.5205078125
0.298,2.3623046875,-6.486328125,1.76171875
0.2985,1.12109375,-6.56640625,3.4033203125
0.299,-0.3203125,-6.40625,4.484375
0.2995,-1.041015625,-6.3662109375,5.3251953125
0.3,-1.76171875,-6.2861328125,5.92578125
0.3005,-2.962890625,-5.60546875,6.5263671875
0.301,-4.3642578125,-4.1640625,6.88671875
0.3015,-5.365234375,-2.8828125,6.9267578125
0.302,-5.8056640625,-1.6015625,6.5263671875
0.3025,-6.0458984375,-0.6806640625,6.2861328125
0.303,-6.2861328125,0.240234375,5.845703125
0.3035,-6.0458984375,1.4013671875,4.7646484375
0.304,-5.765625,2.72265625,3.4833984375
0.3045,-5.4453125,3.84375,2.162109375
0.305,-4.96484375,4.6044921875,1.0009765625
0.3055,-4.6845703125,5.2451171875,0.240234375
0.306,-3.84375,5.60546875,-1.0009765625
0.3065,-2.2822265625,5.765625,-2.642578125
0.307,-1.0009765625,6.0859375,-3.8837890625
0.3075,0.16015625,5.8056640625,-4.8046875
0.308,0.8408203125,5.7255859375,-5.6455078125
0.3085,1.76171875,5.4853515625,-6.486328125
0.309,3.123046875,4.404296875,-6.806640625
0.3095,4.404296875,3.04296875,-7.126953125
0.31,5.28515625,1.6416015625,-7.0869140625
0.3105,5.685546875,0.6005859375,-6.5263671875
0.311,5.8857421875,-0.400390625,-6.4462890625
0.3115,5.92578125,-1.3212890625,-5.6455078125
0.312,5.685546875,-2.6826171875,-4.2041015625
0.3125,5.4052734375,-4.083984375,-2.8828125
0.313,4.8046875,-5.125,-1.681640625
0.3135,4.3642578125,-5.8056640625,-0.720703125
0.314,3.84375,-6.3662109375,0.2802734375
0.3145,2.8427734375,-6.4462890625,1.521484375
0.315,1.28125,-6.646484375,3.203125
0.3155,0.0,-6.56640625,4.484375
0.316,-0.9609375,-6.2861328125,5.2451171875
0.3165,-1.7216796875,-6.4462890625,5.8857421875
0.317,-2.72265625,-5.845703125,6.56640625
0.3175,-4.1240234375,-4.404296875,6.7265625
0.318,-5.1650390625,-3.203125,6.88671875
0.3185,-5.8056640625,-1.8818359375,6.6865234375
0.319,-6.1259765625,-0.9208984375,6.24609375
0.3195,-6.2060546875,0.0,5.8857421875
0.32,-6.0458984375,1.0009765625,5.044921875
0.3205,-5.765625,2.3623046875,3.6435546875
0.321,-5.4453125,3.5634765625,2.40234375
0.3215,-4.96484375,4.404296875,1.361328125
0.322,-4.6044921875,4.96484375,0.3203125
0.3225,-4.0439453125,5.4453125,-0.640625
0.323,-2.7626953125,5.5654296875,-1.9619140625
0.3235,-1.521484375,5.7255859375,-3.4833984375
0.324,-0.2802734375,5.60546875,-4.4443359375
0.3245,0.6005859375,5.4853515625,-5.3251953125
0.325,1.2412109375,5.5654296875,-5.92578125
0.3255,2.322265625,4.8046875,-6.5263671875
0.326,3.7236328125,3.4833984375,-6.9267578125
0.3265,4.724609375,2.40234375,-6.88671875
0.327,5.205078125,1.28125,-6.40625
0.3275,5.5654296875,0.3203125,-6.326171875
0.328,5.7255859375,-0.640625,-5.92578125
0.3285,5.4853515625,-1.76171875,-4.96484375
0.329,5.28515625,-3.04296875,-3.7236328125
0.3295,4.9248046875,-4.1640625,-2.482421875
0.33,4.5244140625,-4.96484375,-1.4814453125
0.3305,4.244140625,-5.6455078125,-0.6005859375
0.331,3.5634765625,-6.0458984375,0.6005859375
0.3315,2.2421875,-6.2861328125,1.8818359375
0.332,1.041015625,-6.486328125,3.123046875
0.3325,-0.16015625,-6.24609375,4.2041015625
0.333,-0.8408203125,-6.24609375,5.044921875
0.3335,-1.6416015625,-6.166015625,5.8056640625
0.334,-2.8427734375,-5.205078125,6.2060546875
0.3345,-4.1640625,-4.0439453125,6.56640625
0.335,-5.044921875,-2.8828125,6.40625
0.3355,-5.525390625,-1.6416015625,6.3662109375
0.336,-5.8056640625,-0.9609375,6.2060546875
0.3365,-5.92578125,0.0,5.4853515625
0.337,-5.7255859375,1.28125,4.32421875
0.3375,-5.5654296875,2.4423828125,3.2431640625
0.338,-5.125,3.4833984375,2.0419921875
0.3385,-4.7646484375,4.2041015625,1.12109375
0.339,-4.404296875,4.884765625,0.2802734375
0.3395,-3.5634765625,5.1650390625,-0.8408203125
0.34,-2.322265625,5.4453125,-2.2421875
0.3405,-1.1611328125,5.525390625,-3.443359375
0.341,-0.2802734375,5.4453125,-4.4443359375
0.3415,0.48046875,5.5654296875,-5.205078125
0.342,1.44140625,5.28515625,-5.92578125
0.3425,2.72265625,4.2041015625,-6.2060546875
0.343,3.84375,3.0830078125,-6.5263671875
0.3435,4.6044921875,1.921875,-6.2861328125
0.344,5.0048828125,0.9208984375,-6.166015625
0.3445,5.3251953125,0.16015625,-5.8857421875
0.345,5.28515625,-0.9609375,-5.28515625
0.3455,5.0849609375,-2.2021484375,-4.3642578125
0.346,4.9248046875,-3.2431640625,-3.123046875
0.3465,4.5244140625,-4.1240234375,-1.9619140625
0.347,4.2841796875,-4.884765625,-1.1611328125
0.3475,3.8837890625,-5.525390625,-0.3203125
0.348,2.8427734375,-5.765625,0.9208984375
0.3485,1.76171875,-6.0458984375,2.2421875
0.349,0.6005859375,-5.92578125,3.36328125
0.3495,-0.240234375,-6.0458984375,4.2041015625
0.35,-0.9609375,-6.1259765625,5.044921875
0.3505,-1.9619140625,-5.7255859375,5.6455078125
0.351,-3.203125,-4.564453125,6.0458984375
0.3515,-4.1640625,-3.4833984375,6.24609375
0.352,-4.8046875,-2.40234375,6.0859375
0.3525,-5.205078125,-1.6416015625,5.8857421875
0.353,-5.525390625,-0.8408203125,5.7255859375
0.3535,-5.4453125,0.240234375,4.8447265625
0.354,-5.3251953125,1.361328125,4.0439453125
0.3545,-5.0849609375,2.482421875,2.802734375
0.355,-4.7646484375,3.36328125,1.921875
0.3555,-4.6044921875,4.083984375,1.0810546875
0.356,-4.1240234375,4.6044921875,0.240234375
0.3565,-3.0830078125,4.9248046875,-1.1611328125
0.357,-2.08203125,5.2451171875,-2.3623046875
0.3575,-1.0810546875,5.1650390625,-3.3232421875
0.358,-0.3603515625,5.3251953125,-4.2041015625
0.3585,0.5205078125,5.4052734375,-5.044921875
0.359,1.5615234375,4.724609375,-5.5654296875
0.3595,2.7626953125,3.763671875,-6.0458984375
0.36,3.68359375,2.642578125,-6.1259765625
0.3605,4.2841796875,1.6416015625,-5.92578125
0.361,4.724609375,0.9609375,-5.9658203125
0.3615,4.96484375,0.0400390625,-5.765625
0.362,4.9248046875,-1.041015625,-4.8447265625
0.3625,4.8447265625,-2.162109375,-3.9638671875
0.363,4.6044921875,-3.0830078125,-2.8828125
0.3635,4.32421875,-4.00390625,-2.08203125
0.364,4.1640625,-4.6845703125,-1.201171875
0.3645,3.5234375,-5.1650390625,-0.2001953125
0.365,2.5625,-5.525390625,1.0009765625
0.3655,1.521484375,-5.7255859375,2.2421875
0.366,0.6806640625,-5.8056640625,3.203125
0.3665,0.0400390625,-6.0458984375,4.083984375
0.367,-1.0009765625,-5.9658203125,4.96484375
0.3675,-2.1220703125,-5.0849609375,5.4052734375
0.368,-3.203125,-4.2041015625,5.765625
0.3685,-4.00390625,-3.203125,5.765625
0.369,-4.64453125,-2.2822265625,5.7255859375
0.3695,-5.0849609375,-1.6015625,5.7255859375
0.37,-5.125,-0.720703125,5.28515625
0.3705,-5.125,0.4404296875,4.484375
0.371,-5.0849609375,1.521484375,3.4833984375
0.3715,-4.8447265625,2.4423828125,2.5625
0.372,-4.724609375,3.3232421875,1.76171875
0.3725,-4.484375,4.083984375,0.9609375
0.373,-3.6435546875,4.404296875,-0.2802734375
0.3735,-2.8427734375,4.884765625,-1.44140625
0.374,-1.76171875,4.96484375,-2.6025390625
0.3745,-1.0009765625,5.1650390625,-3.36328125
0.375,-0.3203125,5.365234375,-4.3642578125
0.3755,0.7607421875,5.0849609375,-5.1650390625
0.376,2.001953125,4.1640625,-5.6455078125
0.3765,3.0830078125,3.1630859375,-5.92578125
0.377,3.84375,2.2021484375,-5.845703125
0.3775,4.32421875,1.4013671875,-5.92578125
0.378,4.8046875,0.6005859375,-5.8056640625
0.3785,4.8046875,-0.400390625,-5.125
0.379,4.8046875,-1.521484375,-4.3642578125
0.3795,4.64453125,-2.6025390625,-3.283203125
0.38,4.4443359375,-3.5634765625,-2.40234375
0.3805,4.32421875,-4.3642578125,-1.6416015625
0.381,3.8837890625,-5.0048828125,-0.6806640625
0.3815,2.8828125,-5.28515625,0.6005859375
0.382,1.9619140625,-5.685546875,1.8818359375
0.3825,0.9609375,-5.765625,2.8828125
0.383,0.2802734375,-5.92578125,3.8037109375
0.3835,-0.640625,-5.9658203125,4.6845703125
0.384,-1.7216796875,-5.4052734375,5.28515625
0.3845,-2.962890625,-4.484375,5.7255859375
0.385,-3.923828125,-3.36328125,5.845703125
0.3855,-4.564453125,-2.4423828125,5.7255859375
0.386,-5.0048828125,-1.681640625,5.765625
0.3865,-5.28515625,-0.8408203125,5.4453125
0.387,-5.1650390625,0.3603515625,4.5244140625
0.3875,-5.1650390625,1.4814453125,3.68359375
0.388,-4.9248046875,2.482421875,2.6826171875
0.3885,-4.6845703125,3.3232421875,1.76171875
0.389,-4.484375,4.0439453125,0.9609375
0.3895,-3.84375,4.484375,0.0
0.39,-2.8427734375,4.8447265625,-1.4013671875
0.3905,-1.8017578125,5.0849609375,-2.6025390625
0.391,-0.9609375,5.125,-3.443359375
0.3915,-0.2802734375,5.365234375,-4.3642578125
0.392,0.7607421875,5.2451171875,-5.205078125
0.3925,1.9619140625,4.2041015625,-5.685546875
0.393,3.123046875,3.2431640625,-6.0859375
0.3935,3.923828125,2.1220703125,-6.0859375
0.394,4.484375,1.28125,-5.9658203125
0.3945,4.8447265625,0.6005859375,-5.8056640625
0.395,4.96484375,-0.400390625,-5.3251953125
0.3955,4.884765625,-1.6015625,-4.32421875
0.396,4.8046875,-2.802734375,-3.283203125
0.3965,4.484375,-3.6435546875,-2.3623046875
0.397,4.32421875,-4.5244140625,-1.521484375
0.3975,3.9638671875,-5.125,-0.640625
0.398,3.0029296875,-5.4453125,0.6005859375
0.3985,2.001953125,-5.8056640625,1.8818359375
0.399,0.880859375,-5.845703125,3.04296875
0.3995,0.16015625,-5.9658203125,3.8837890625
0.4,-0.640625,-6.0458984375,4.724609375
0.4005,-1.681640625,-5.7255859375,5.4853515625
0.401,-3.0830078125,-4.564453125,5.8857421875
0.4015,-4.1240234375,-3.5234375,6.0859375
0.402,-4.6845703125,-2.4423828125,5.92578125
0.4025,-5.1650390625,-1.6015625,5.8857421875
0.403,-5.4453125,-0.80078125,5.60546875
0.4035,-5.365234375,0.2802734375,4.8046875
0.404,-5.28515625,1.4814453125,3.84375
0.4045,-5.0849609375,2.6025390625,2.6826171875
0.405,-4.7646484375,3.443359375,1.76171875
0.4055,-4.564453125,4.1640625,0.9609375
0.406,-4.0439453125,4.7646484375,0.0400390625
0.4065,-2.8828125,4.96484375,-1.361328125
0.407,-1.8818359375,5.3251953125,-2.6826171875
0.4075,-0.8408203125,5.2451171875,-3.68359375
0.408,0.0,5.4052734375,-4.5244140625
0.4085,0.7607421875,5.2451171875,-5.3251953125
0.409,1.921875,4.5244140625,-5.8857421875
0.4095,3.2431640625,3.4033203125,-6.3662109375
0.41,4.1640625,2.2421875,-6.326171875
0.4105,4.6845703125,1.28125,-6.1259765625
0.411,5.0849609375,0.560546875,-6.0859375
0.4115,5.2451171875,-0.5205078125,-5.60546875
0.412,5.0849609375,-1.681640625,-4.5244140625
0.4125,5.044921875,-2.9228515625,-3.443359375
0.413,4.6845703125,-3.923828125,-2.322265625
0.4135,4.3642578125,-4.724609375,-1.361328125
0.414,4.083984375,-5.365234375,-0.6005859375
0.4145,3.2431640625,-5.765625,0.6005859375
0.415,1.9619140625,-6.0458984375,2.08203125
0.4155,0.7607421875,-6.1259765625,3.36328125
0.416,-0.2001953125,-6.1259765625,4.2041015625
0.4165,-0.9208984375,-6.24609375,5.044921875
0.417,-1.921875,-5.92578125,5.8056640625
0.4175,-3.2431640625,-4.7646484375,6.2060546875
0.418,-4.4443359375,-3.5634765625,6.5263671875
0.4185,-5.1650390625,-2.322265625,6.3662109375
0.419,-5.5654296875,-1.361328125,6.0859375
0.4195,-5.8056640625,-0.6005859375,5.845703125
0.42,-5.765625,0.560546875,5.0849609375
0.4205,-5.60546875,1.9619140625,3.8037109375
0.421,-5.4453125,3.1630859375,2.6025390625
0.4215,-5.0048828125,4.0439453125,1.521484375
0.422,-4.64453125,4.724609375,0.6005859375
0.4225,-4.1240234375,5.2451171875,-0.400390625
0.423,-2.8828125,5.4052734375,-1.681640625
0.4235,-1.6015625,5.7255859375,-3.2431640625
0.424,-0.400390625,5.60546875,-4.3642578125
0.4245,0.4404296875,5.5654296875,-5.0849609375
0.425,1.201171875,5.4453125,-5.845703125
0.4255,2.40234375,4.724609375,-6.56640625
0.426,3.84375,3.36328125,-6.806640625
0.4265,4.8046875,2.1220703125,-6.88671875
0.427,5.3251953125,0.9609375,-6.5263671875
0.4275,5.60546875,0.1201171875,-6.2861328125
0.428,5.7255859375,-0.9208984375,-5.765625
0.4285,5.525390625,-2.08203125,-4.6845703125
0.429,5.28515625,-3.4833984375,-3.283203125
0.4295,4.9248046875,-4.564453125,-2.08203125
0.43,4.4443359375,-5.3251953125,-1.041015625
0.4305,4.083984375,-5.92578125,-0.240234375
0.431,3.3232421875,-6.2861328125,0.9208984375
0.4315,1.8017578125,-6.40625,2.4423828125
0.432,0.560546875,-6.5263671875,3.84375
0.4325,-0.640625,-6.40625,4.7646484375
0.433,-1.3212890625,-6.326171875,5.4853515625
0.4335,-2.2021484375,-6.0859375,6.166015625
0.434,-3.4033203125,-5.0048828125,6.6064453125
0.4345,-4.7646484375,-3.603515625,6.88671875
0.435,-5.60546875,-2.2822265625,6.7666015625
0.4355,-5.9658203125,-1.2412109375,6.3662109375
0.436,-6.1259765625,-0.5205078125,6.0859375
0.4365,-6.1259765625,0.6005859375,5.4052734375
0.437,-5.845703125,1.921875,4.083984375
0.4375,-5.6455078125,3.203125,2.8427734375
0.438,-5.125,4.1640625,1.5615234375
0.4385,-4.7646484375,4.8447265625,0.640625
0.439,-4.244140625,5.4052734375,-0.3203125
0.4395,-3.2431640625,5.6455078125,-1.44140625
0.44,-1.841796875,5.8056640625,-3.0029296875
0.4405,-0.6005859375,5.765625,-4.2841796875
0.441,0.4404296875,5.60546875,-5.125
0.4415,1.0810546875,5.60546875,-5.845703125
0.442,2.08203125,5.2451171875,-6.5263671875
0.4425,3.443359375,3.8837890625,-6.806640625
0.443,4.6044921875,2.642578125,-7.046875
0.4435,5.28515625,1.361328125,-6.7265625
0.444,5.6455078125,0.3603515625,-6.40625
0.4445,5.8056640625,-0.5205078125,-6.1259765625
0.445,5.685546875,-1.5615234375,-5.2451171875
0.4455,5.4453125,-2.962890625,-3.8837890625
0.446,5.1650390625,-4.2041015625,-2.6025390625
0.4465,4.6845703125,-5.0048828125,-1.4814453125
0.447,4.32421875,-5.7255859375,-0.6005859375
0.4475,3.7236328125,-6.24609375,0.48046875
0.448,2.482421875,-6.3662109375,1.76171875
0.4485,1.1611328125,-6.6064453125,3.2431640625
0.449,-0.240234375,-6.4462890625,4.4443359375
0.4495,-1.041015625,-6.40625,5.1650390625
0.45,-1.681640625,-6.2861328125,5.8857421875
0.4505,-2.8828125,-5.60546875,6.56640625
0.451,-4.2841796875,-4.2041015625,6.8466796875
0.4515,-5.28515625,-2.8828125,6.88671875
0.452,-5.8056640625,-1.681640625,6.5263671875
0.4525,-6.1259765625,-0.8408203125,6.24609375
0.453,-6.2060546875,0.2001953125,5.765625
0.4535,-5.9658203125,1.3212890625,4.64453125
0.454,-5.765625,2.6826171875,3.4033203125
0.4545,-5.4052734375,3.8837890625,2.0419921875
0.455,-4.9248046875,4.64453125,0.9609375
0.4555,-4.5244140625,5.28515625,0.1201171875
0.456,-3.8037109375,5.7255859375,-1.0009765625
0.4565,-2.322265625,5.765625,-2.5625
0.457,-1.041015625,5.92578125,-4.00390625
0.4575,0.2001953125,5.7255859375,-4.96484375
0.458,0.9208984375,5.7255859375,-5.685546875
0.4585,1.7216796875,5.4853515625,-6.40625
0.459,3.04296875,4.4443359375,-6.8466796875
0.4595,4.404296875,3.0830078125,-7.1669921875
0.46,5.3251953125,1.681640625,-7.0068359375
0.4605,5.685546875,0.6005859375,-6.6064453125
0.461,5.8857421875,-0.3203125,-6.3662109375
0.4615,6.005859375,-1.3212890625,-5.765625
0.462,5.685546875,-2.7626953125,-4.2841796875
0.4625,5.4052734375,-4.083984375,-3.0029296875
0.463,4.9248046875,-5.044921875,-1.681640625
0.4635,4.404296875,-5.765625,-0.640625
0.464,3.9638671875,-6.2861328125,0.2802734375
0.4645,2.9228515625,-6.56640625,1.44140625
0.465,1.4013671875,-6.7666015625,3.0830078125
0.4655,0.0,-6.6865234375,4.4443359375
0.466,-1.0009765625,-6.4462890625,5.205078125
0.4665,-1.681640625,-6.40625,5.8857421875
0.467,-2.72265625,-5.8857421875,6.646484375
0.4675,-4.1240234375,-4.5244140625,6.88671875
0.468,-5.205078125,-3.203125,7.046875
0.4685,-5.8857421875,-1.921875,6.7265625
0.469,-6.2060546875,-0.9208984375,6.3662109375
0.4695,-6.2861328125,0.0,5.9658203125
0.47,-6.1259765625,1.041015625,5.0849609375
0.4705,-5.8857421875,2.4423828125,3.68359375
0.471,-5.5654296875,3.68359375,2.3623046875
0.4715,-5.0048828125,4.484375,1.2412109375
0.472,-4.564453125,5.0849609375,0.3203125
0.4725,-4.00390625,5.5654296875,-0.6806640625
0.473,-2.802734375,5.6455078125,-1.9619140625
0.4735,-1.5615234375,5.8857421875,-3.4033203125
0.474,-0.2001953125,5.7255859375,-4.564453125
0.4745,0.640625,5.6455078125,-5.28515625
0.475,1.3212890625,5.5654296875,-5.9658203125
0.4755,2.40234375,5.0048828125,-6.6865234375
0.476,3.763671875,3.5634765625,-6.88671875
0.4765,4.7646484375,2.3623046875,-6.9267578125
0.477,5.2451171875,1.201171875,-6.56640625
0.4775,5.60546875,0.2802734375,-6.2861328125
0.478,5.7255859375,-0.640625,-5.92578125
0.4785,5.4853515625,-1.681640625,-4.96484375
0.479,5.3251953125,-2.962890625,-3.8037109375
0.4795,4.9248046875,-4.1640625,-2.4423828125
0.48,4.484375,-4.96484375,-1.361328125
0.4805,4.2041015625,-5.6455078125,-0.640625
0.481,3.6435546875,-6.1259765625,0.4404296875
0.4815,2.2421875,-6.2861328125,1.8017578125
0.482,1.0810546875,-6.4462890625,3.203125
0.4825,-0.16015625,-6.2861328125,4.2041015625
0.483,-0.9208984375,-6.2861328125,5.0849609375
0.4835,-1.6416015625,-6.2060546875,5.765625
0.484,-2.7626953125,-5.4052734375,6.2861328125
0.4845,-4.1240234375,-4.1640625,6.646484375
0.485,-5.0849609375,-2.8828125,6.56640625
0.4855,-5.525390625,-1.8017578125,6.2861328125
0.486,-5.8056640625,-1.0009765625,6.1259765625
0.4865,-6.005859375,0.0,5.685546875
0.487,-5.7255859375,1.2412109375,4.484375
0.4875,-5.60546875,2.40234375,3.4033203125
0.488,-5.205078125,3.4833984375,2.162109375
0.4885,-4.8046875,4.244140625,1.1611328125
0.489,-4.4443359375,4.8447265625,0.2802734375
0.4895,-3.7236328125,5.205078125,-0.80078125
0.49,-2.40234375,5.4853515625,-2.2421875
0.4905,-1.201171875,5.5654296875,-3.5234375
0.491,-0.2802734375,5.4453125,-4.3642578125
0.4915,0.5205078125,5.60546875,-5.205078125
0.492,1.4013671875,5.3251953125,-5.9658203125
0.4925,2.642578125,4.2041015625,-6.2861328125
0.493,3.84375,3.1630859375,-6.6064453125
0.4935,4.6044921875,1.8818359375,-6.40625
0.494,5.0849609375,0.9208984375,-6.2060546875
0.4945,5.365234375,0.16015625,-6.0458984375
0.495,5.365234375,-0.8408203125,-5.4453125
0.4955,5.125,-2.08203125,-4.2041015625
0.496,4.96484375,-3.283203125,-3.1630859375
0.4965,4.564453125,-4.2041015625,-2.08203125
0.497,4.32421875,-4.96484375,-1.201171875
0.4975,3.8837890625,-5.60546875,-0.3603515625
0.498,2.962890625,-5.765625,0.8408203125
0.4985,1.8818359375,-6.0859375,2.2021484375
0.499,0.6005859375,-6.005859375,3.36328125
0.4995,-0.2802734375,-6.0458984375,4.1640625
0.5,-0.9208984375,-6.1259765625,5.0048828125
0.5005,-1.8818359375,-5.765625,5.7255859375
0.501,-3.203125,-4.64453125,6.0458984375
0.5015,-4.1640625,-3.5634765625,6.24609375
0.502,-4.8447265625,-2.482421875,6.0859375
0.5025,-5.28515625,-1.6416015625,5.9658203125
0.503,-5.525390625,-0.8408203125,5.7255859375
0.5035,-5.4453125,0.16015625,4.96484375
0.504,-5.365234375,1.28125,4.0439453125
0.5045,-5.125,2.40234375,2.8828125
0.505,-4.8447265625,3.2431640625,1.921875
0.5055,-4.64453125,4.0439453125,1.12109375
0.506,-4.2041015625,4.6845703125,0.240234375
0.5065,-3.1630859375,4.9248046875,-1.041015625
0.507,-2.2021484375,5.2451171875,-2.2822265625
0.5075,-1.12109375,5.205078125,-3.36328125
0.508,-0.400390625,5.4052734375,-4.2041015625
0.5085,0.4404296875,5.4052734375,-5.044921875
0.509,1.4814453125,4.8447265625,-5.6455078125
0.5095,2.7626953125,3.84375,-6.0859375
0.51,3.7236328125,2.72265625,-6.166015625
0.5105,4.32421875,1.76171875,-6.0458984375
0.511,4.8046875,0.9609375,-6.0458984375
0.5115,5.0849609375,0.16015625,-5.765625
0.512,4.96484375,-1.0009765625,-4.8447265625
0.5125,4.9248046875,-2.162109375,-4.00390625
0.513,4.64453125,-3.203125,-2.8828125
0.5135,4.3642578125,-4.0439453125,-2.001953125
0.514,4.2041015625,-4.8046875,-1.201171875
0.5145,3.6435546875,-5.2451171875,-0.2802734375
0.515,2.6025390625,-5.60546875,1.12109375
0.5155,1.521484375,-5.765625,2.322265625
0.516,0.6005859375,-5.845703125,3.2431640625
0.5165,-0.16015625,-6.0458984375,4.1640625
0.517,-1.0009765625,-5.9658203125,5.044921875
0.5175,-2.1220703125,-5.1650390625,5.4453125
0.518,-3.283203125,-4.244140625,5.8857421875
0.5185,-4.1640625,-3.123046875,5.8857421875
0.519,-4.724609375,-2.2021484375,5.765625
0.5195,-5.125,-1.4814453125,5.7255859375
0.52,-5.2451171875,-0.640625,5.3251953125
0.5205,-5.1650390625,0.48046875,4.404296875
0.521,-5.125,1.6015625,3.4833984375
0.5215,-4.884765625,2.5224609375,2.482421875
0.522,-4.6845703125,3.4033203125,1.7216796875
0.5225,-4.4443359375,4.1240234375,0.880859375
0.523,-3.68359375,4.484375,-0.240234375
0.5235,-2.7626953125,4.9248046875,-1.4814453125
0.524,-1.681640625,5.0048828125,-2.6025390625
0.5245,-0.9208984375,5.1650390625,-3.5234375
0.525,-0.240234375,5.365234375,-4.4443359375
0.5255,0.80078125,5.125,-5.2451171875
0.526,2.0419921875,4.2041015625,-5.6455078125
0.5265,3.0830078125,3.2431640625,-5.9658203125
0.527,3.84375,2.2421875,-5.92578125
0.5275,4.404296875,1.4013671875,-5.92578125
0.528,4.8046875,0.6005859375,-5.765625
0.5285,4.8046875,-0.4404296875,-5.205078125
0.529,4.8046875,-1.5615234375,-4.3642578125
0.5295,4.6044921875,-2.642578125,-3.36328125
0.53,4.4443359375,-3.5234375,-2.40234375
0.5305,4.32421875,-4.32421875,-1.6416015625
0.531,3.9638671875,-5.0048828125,-0.7607421875
0.5315,3.0029296875,-5.3251953125,0.48046875
0.532,2.08203125,-5.7255859375,1.7216796875
0.5325,1.041015625,-5.7255859375,2.7626953125
0.533,0.3603515625,-5.8857421875,3.68359375
0.5335,-0.5205078125,-6.005859375,4.564453125
0.534,-1.5615234375,-5.525390625,5.1650390625
0.5345,-2.802734375,-4.564453125,5.685546875
0.535,-3.8037109375,-3.5634765625,5.8056640625
0.5355,-4.484375,-2.5625,5.7255859375
0.536,-4.884765625,-1.841796875,5.765625
0.5365,-5.205078125,-1.041015625,5.4853515625
0.537,-5.1650390625,0.080078125,4.7646484375
0.5375,-5.1650390625,1.1611328125,3.84375
0.538,-4.96484375,2.2421875,2.8427734375
0.5385,-4.724609375,3.0830078125,1.921875
0.539,-4.5244140625,3.8837890625,1.201171875
0.5395,-4.00390625,4.404296875,0.2802734375
0.54,-3.04296875,4.7646484375,-1.0810546875
0.5405,-2.08203125,5.044921875,-2.2822265625
0.541,-1.1611328125,5.0849609375,-3.203125
0.5415,-0.5205078125,5.365234375,-4.1640625
0.542,0.48046875,5.28515625,-5.044921875
0.5425,1.6416015625,4.484375,-5.4853515625
0.543,2.8427734375,3.5634765625,-5.92578125
0.5435,3.68359375,2.4423828125,-5.9658203125
0.544,4.32421875,1.5615234375,-5.92578125
0.5445,4.724609375,0.7607421875,-5.845703125
0.545,4.884765625,-0.16015625,-5.4853515625
0.5455,4.8046875,-1.3212890625,-4.5244140625
0.546,4.8046875,-2.4423828125,-3.5634765625
0.5465,4.484375,-3.36328125,-2.6025390625
0.547,4.32421875,-4.2041015625,-1.76171875
0.5475,4.083984375,-4.96484375,-0.9208984375
0.548,3.2431640625,-5.28515625,0.240234375
0.5485,2.2421875,-5.7255859375,1.521484375
0.549,1.12109375,-5.765625,2.72265625
0.5495,0.3203125,-5.92578125,3.6435546875
0.55,-0.4404296875,-6.0859375,4.5244140625
0.5505,-1.44140625,-5.765625,5.3251953125
0.551,-2.72265625,-4.7646484375,5.7255859375
0.5515,-3.8037109375,-3.68359375,6.005859375
0.552,-4.5244140625,-2.6025390625,5.8857421875
0.5525,-5.044921875,-1.8017578125,5.845703125
0.553,-5.365234375,-1.0009765625,5.6455078125
0.5535,-5.3251953125,0.0,4.8447265625
0.554,-5.2451171875,1.2412109375,3.9638671875
0.5545,-5.0849609375,2.40234375,2.8427734375
0.555,-4.8046875,3.3232421875,1.8818359375
0.5555,-4.6044921875,4.083984375,1.0810546875
0.556,-4.1240234375,4.64453125,0.2001953125
0.5565,-3.04296875,4.8447265625,-1.1611328125
0.557,-2.0419921875,5.2451171875,-2.482421875
0.5575,-1.0009765625,5.2451171875,-3.5234375
0.558,-0.2802734375,5.4052734375,-4.3642578125
0.5585,0.6005859375,5.365234375,-5.1650390625
0.559,1.7216796875,4.64453125,-5.7255859375
0.5595,3.04296875,3.5634765625,-6.2060546875
0.56,4.0439453125,2.3623046875,-6.24609375
0.5605,4.6044921875,1.3212890625,-6.0859375
0.561,4.96484375,0.6005859375,-6.0458984375
0.5615,5.1650390625,-0.400390625,-5.6455078125
0.562,5.044921875,-1.521484375,-4.564453125
0.5625,4.9248046875,-2.72265625,-3.5634765625
0.563,4.64453125,-3.7236328125,-2.4423828125
0.5635,4.32421875,-4.5244140625,-1.4814453125
0.564,4.083984375,-5.205078125,-0.720703125
0.5645,3.3232421875,-5.60546875,0.400390625
0.565,2.162109375,-5.845703125,1.76171875
0.5655,0.9609375,-6.0458984375,3.0830078125
0.566,0.1201171875,-6.0458984375,3.9638671875
0.5665,-0.6806640625,-6.1259765625,4.8046875
0.567,-1.6015625,-5.92578125,5.60546875
0.5675,-2.8828125,-4.8447265625,6.005859375
0.568,-4.083984375,-3.8037109375,6.326171875
0.5685,-4.9248046875,-2.6025390625,6.24609375
0.569,-5.4052734375,-1.6015625,6.0458984375
0.5695,-5.6455078125,-0.9208984375,5.8056640625
0.57,-5.6455078125,0.2001953125,5.2451171875
0.5705,-5.525390625,1.521484375,4.0439453125
0.571,-5.4052734375,2.7626953125,2.8828125
0.5715,-5.0048828125,3.68359375,1.8017578125
0.572,-4.6845703125,4.4443359375,0.9208984375
0.5725,-4.244140625,5.0048828125,0.0400390625
0.573,-3.203125,5.2451171875,-1.2412109375
0.5735,-1.9619140625,5.5654296875,-2.72265625
0.574,-0.720703125,5.525390625,-3.9638671875
0.5745,0.1201171875,5.5654296875,-4.8046875
0.575,0.8408203125,5.5654296875,-5.5654296875
0.5755,1.9619140625,5.0048828125,-6.2861328125
0.576,3.443359375,3.6435546875,-6.6064453125
0.5765,4.5244140625,2.40234375,-6.7666015625
0.577,5.0849609375,1.2412109375,-6.5263671875
0.5775,5.4453125,0.2802734375,-6.2861328125
0.578,5.60546875,-0.640625,-5.8857421875
0.5785,5.4453125,-1.8017578125,-4.884765625
0.579,5.28515625,-3.203125,-3.5634765625
0.5795,4.96484375,-4.3642578125,-2.2822265625
0.58,4.5244140625,-5.125,-1.2412109375
0.5805,4.1640625,-5.765625,-0.4404296875
0.581,3.4833984375,-6.2060546875,0.6806640625
0.5815,2.001953125,-6.326171875,2.2021484375
0.582,0.7607421875,-6.486328125,3.68359375
0.5825,-0.5205078125,-6.3662109375,4.64453125
0.583,-1.201171875,-6.2861328125,5.4052734375
0.5835,-1.9619140625,-6.0458984375,6.0458984375
0.584,-3.283203125,-5.0849609375,6.56640625
0.5845,-4.6845703125,-3.7236328125,6.8466796875
0.585,-5.5654296875,-2.40234375,6.7265625
0.5855,-5.9658203125,-1.3212890625,6.3662109375
0.586,-6.166015625,-0.48046875,6.0859375
0.5865,-6.2060546875,0.6005859375,5.4853515625
0.587,-5.845703125,1.921875,4.083984375
0.5875,-5.6455078125,3.2431640625,2.8427734375
0.588,-5.1650390625,4.244140625,1.5615234375
0.5885,-4.6845703125,4.9248046875,0.560546875
0.589,-4.244140625,5.4453125,-0.3603515625
0.5895,-3.283203125,5.7255859375,-1.44140625
0.59,-1.76171875,5.845703125,-3.0830078125
0.5905,-0.5205078125,5.8857421875,-4.404296875
0.591,0.5205078125,5.685546875,-5.205078125
0.5915,1.201171875,5.6455078125,-5.92578125
0.592,2.162109375,5.205078125,-6.56640625
0.5925,3.5234375,3.8837890625,-6.88671875
0.593,4.6845703125,2.6025390625,-7.0869140625
0.5935,5.4052734375,1.201171875,-6.8466796875
0.594,5.7255859375,0.2802734375,-6.40625
0.5945,5.845703125,-0.6005859375,-6.1259765625
0.595,5.7255859375,-1.6416015625,-5.3251953125
0.5955,5.4453125,-3.0830078125,-3.84375
0.596,5.1650390625,-4.32421875,-2.5625
0.5965,4.6845703125,-5.125,-1.44140625
0.597,4.2841796875,-5.765625,-0.5205078125
0.5975,3.68359375,-6.24609375,0.48046875
0.598,2.5224609375,-6.40625,1.681640625
0.5985,1.12109375,-6.56640625,3.2431640625
0.599,-0.2802734375,-6.40625,4.4443359375
0.5995,-1.041015625,-6.2861328125,5.1650390625
0.6,-1.681640625,-6.2861328125,5.8857421875
0.6005,-2.802734375,-5.7255859375,6.5263671875
0.601,-4.1640625,-4.244140625,6.7265625
0.6015,-5.205078125,-3.04296875,6.8466796875
0.602,-5.765625,-1.76171875,6.486328125
0.6025,-6.0859375,-0.8408203125,6.24609375
0.603,-6.166015625,0.1201171875,5.765625
0.6035,-5.9658203125,1.1611328125,4.8447265625
0.604,-5.765625,2.5224609375,3.5234375
0.6045,-5.4052734375,3.68359375,2.2021484375
0.605,-4.9248046875,4.484375,1.1611328125
0.6055,-4.564453125,5.125,0.2802734375
0.606,-3.923828125,5.5654296875,-0.80078125
0.6065,-2.5625,5.6455078125,-2.2021484375
0.607,-1.3212890625,5.8857421875,-3.603515625
0.6075,0.0,5.685546875,-4.6845703125
0.608,0.6806640625,5.685546875,-5.4453125
0.6085,1.4814453125,5.4853515625,-6.1259765625
0.609,2.6826171875,4.6044921875,-6.6865234375
0.6095,4.083984375,3.203125,-7.0068359375
0.61,5.0048828125,1.9619140625,-6.9267578125
0.6105,5.4453125,0.80078125,-6.56640625
0.611,5.765625,0.0,-6.3662109375
0.6115,5.845703125,-1.041015625,-5.765625
0.612,5.5654296875,-2.322265625,-4.5244140625
0.6125,5.365234375,-3.68359375,-3.283203125
0.613,4.9248046875,-4.724609375,-1.9619140625
0.6135,4.484375,-5.4453125,-0.9609375
0.614,4.1240234375,-6.1259765625,0.0
0.6145,3.1630859375,-6.3662109375,1.12109375
0.615,1.681640625,-6.56640625,2.6826171875
0.6155,0.3203125,-6.56640625,4.083984375
0.616,-0.7607421875,-6.40625,4.96484375
0.6165,-1.44140625,-6.4462890625,5.7255859375
0.617,-2.40234375,-6.1259765625,6.40625
0.6175,-3.8037109375,-4.8046875,6.6865234375
0.618,-5.0048828125,-3.4033203125,7.0068359375
0.6185,-5.765625,-2.08203125,6.7265625
0.619,-6.1259765625,-1.041015625,6.40625
0.6195,-6.2861328125,-0.240234375,6.0458984375
0.62,-6.1259765625,0.880859375,5.2451171875
0.6205,-5.8857421875,2.2822265625,3.84375
0.621,-5.60546875,3.5634765625,2.482421875
0.6215,-5.125,4.484375,1.28125
0.622,-4.64453125,5.0849609375,0.3603515625
0.6225,-4.083984375,5.5654296875,-0.640625
0.623,-2.8828125,5.7255859375,-1.8818359375
0.6235,-1.5615234375,5.92578125,-3.36328125
0.624,-0.2001953125,5.7255859375,-4.6044921875
0.6245,0.6806640625,5.60546875,-5.3251953125
0.625,1.3212890625,5.525390625,-6.0458984375
0.6255,2.3623046875,4.9248046875,-6.6865234375
0.626,3.8037109375,3.5634765625,-6.88671875
0.6265,4.8046875,2.2822265625,-6.9267578125
0.627,5.365234375,1.0810546875,-6.6064453125
0.6275,5.6455078125,0.16015625,-6.326171875
0.628,5.765625,-0.7607421875,-5.92578125
0.6285,5.525390625,-1.8017578125,-4.9248046875
0.629,5.28515625,-3.0830078125,-3.68359375
0.6295,4.96484375,-4.244140625,-2.3623046875
0.63,4.484375,-5.044921875,-1.28125
0.6305,4.1240234375,-5.6455078125,-0.5205078125
0.631,3.5234375,-6.1259765625,0.560546875
0.6315,2.2421875,-6.2060546875,1.841796875
0.632,1.041015625,-6.40625,3.203125
0.6325,-0.2802734375,-6.2861328125,4.244140625
0.633,-1.0009765625,-6.2861328125,5.044921875
0.6335,-1.681640625,-6.2060546875,5.7255859375
0.634,-2.7626953125,-5.4052734375,6.24609375
0.6345,-4.0439453125,-4.1640625,6.56640625
0.635,-5.044921875,-2.8828125,6.5263671875
0.6355,-5.525390625,-1.8017578125,6.24609375
0.636,-5.845703125,-1.041015625,6.1259765625
0.6365,-6.0458984375,0.0,5.7255859375
0.637,-5.765625,1.12109375,4.6044921875
0.6375,-5.5654296875,2.2822265625,3.4833984375
0.638,-5.205078125,3.4033203125,2.2421875
0.6385,-4.8447265625,4.2041015625,1.201171875
0.639,-4.5244140625,4.9248046875,0.400390625
0.6395,-3.8037109375,5.28515625,-0.6806640625
0.64,-2.5224609375,5.4853515625,-2.08203125
0.6405,-1.3212890625,5.5654296875,-3.4033203125
0.641,-0.3203125,5.4853515625,-4.3642578125
0.6415,0.48046875,5.5654296875,-5.205078125
0.642,1.3212890625,5.4453125,-5.9658203125
0.6425,2.5625,4.3642578125,-6.326171875
0.643,3.8037109375,3.2431640625,-6.6865234375
0.6435,4.6044921875,1.9619140625,-6.5263671875
0.644,5.125,0.9208984375,-6.2861328125
0.6445,5.4052734375,0.2001953125,-6.1259765625
0.645,5.4453125,-0.8408203125,-5.4853515625
0.6455,5.2451171875,-2.1220703125,-4.3642578125
0.646,5.0849609375,-3.3232421875,-3.1630859375
0.6465,4.64453125,-4.244140625,-2.0419921875
0.647,4.32421875,-5.0048828125,-1.1611328125
0.6475,3.9638671875,-5.6455078125,-0.3203125
0.648,3.0029296875,-5.845703125,0.880859375
0.6485,1.841796875,-6.166015625,2.2421875
0.649,0.560546875,-6.1259765625,3.4833984375
0.6495,-0.400390625,-6.1259765625,4.32421875
0.65,-1.0009765625,-6.1259765625,5.0849609375
0.6505,-1.9619140625,-5.8056640625,5.8857421875
0.651,-3.2431640625,-4.6044921875,6.1259765625
0.6515,-4.32421875,-3.5234375,6.326171875
0.652,-4.96484375,-2.3623046875,6.1259765625
0.6525,-5.4052734375,-1.4814453125,6.005859375
0.653,-5.685546875,-0.6806640625,5.7255859375
0.6535,-5.525390625,0.3203125,4.96484375
0.654,-5.4052734375,1.44140625,3.9638671875
0.6545,-5.1650390625,2.642578125,2.7626953125
0.655,-4.8046875,3.4833984375,1.76171875
0.6555,-4.6044921875,4.2841796875,0.9609375
0.656,-4.1640625,4.8447265625,0.080078125
0.6565,-3.0830078125,4.96484375,-1.201171875
0.657,-2.1220703125,5.28515625,-2.40234375
0.6575,-0.9609375,5.1650390625,-3.5234375
0.658,-0.240234375,5.3251953125,-4.3642578125
0.6585,0.6005859375,5.4052734375,-5.1650390625
0.659,1.5615234375,4.884765625,-5.765625
0.6595,2.8427734375,3.84375,-6.1259765625
0.66,3.84375,2.6826171875,-6.24609375
0.6605,4.404296875,1.6416015625,-6.0859375
0.661,4.8447265625,0.9208984375,-6.0458984375
0.6615,5.125,0.0400390625,-5.765625
0.662,4.96484375,-1.041015625,-4.884765625
0.6625,4.9248046875,-2.08203125,-4.0439453125
0.663,4.64453125,-3.203125,-2.8828125
0.6635,4.404296875,-4.0439453125,-1.9619140625
0.664,4.2041015625,-4.8046875,-1.201171875
0.6645,3.68359375,-5.3251953125,-0.2802734375
0.665,2.6826171875,-5.6455078125,1.0009765625
0.6655,1.5615234375,-5.845703125,2.2421875
0.666,0.640625,-5.8056640625,3.203125
0.6665,0.0,-6.0458984375,4.1240234375
0.667,-0.9609375,-6.0458984375,4.96484375
0.6675,-2.001953125,-5.2451171875,5.4052734375
0.668,-3.1630859375,-4.3642578125,5.845703125
0.6685,-4.0439453125,-3.2431640625,5.845703125
0.669,-4.6845703125,-2.2822265625,5.8056640625
0.6695,-5.125,-1.6015625,5.765625
0.67,-5.28515625,-0.7607421875,5.4052734375
0.6705,-5.205078125,0.3603515625,4.5244140625
0.671,-5.1650390625,1.4814453125,3.68359375
0.6715,-4.9248046875,2.40234375,2.6826171875
0.672,-4.7646484375,3.3232421875,1.8017578125
0.6725,-4.5244140625,4.0439453125,1.0009765625
0.673,-3.84375,4.4443359375,0.0400390625
0.6735,-2.962890625,4.8046875,-1.28125
0.674,-1.841796875,5.0048828125,-2.4423828125
0.6745,-1.041015625,5.125,-3.36328125
0.675,-0.3603515625,5.365234375,-4.2841796875
0.6755,0.640625,5.2451171875,-5.125
0.676,1.8017578125,4.3642578125,-5.4853515625
0.6765,2.8427734375,3.4833984375,-5.92578125
0.677,3.68359375,2.40234375,-5.8857421875
0.6775,4.32421875,1.521484375,-5.845703125
0.678,4.724609375,0.7607421875,-5.845703125
0.6785,4.8046875,-0.2001953125,-5.3251953125
0.679,4.8046875,-1.28125,-4.5244140625
0.6795,4.6845703125,-2.3623046875,-3.5634765625
0.68,4.484375,-3.283203125,-2.6025390625
0.6805,4.3642578125,-4.244140625,-1.8017578125
0.681,4.083984375,-4.96484375,-0.9609375
0.6815,3.1630859375,-5.28515625,0.2802734375
0.682,2.2421875,-5.6455078125,1.521484375
0.6825,1.201171875,-5.7255859375,2.6025390625
0.683,0.4404296875,-5.92578125,3.5634765625
0.6835,-0.3603515625,-6.0859375,4.4443359375
0.684,-1.361328125,-5.6455078125,5.125
0.6845,-2.6025390625,-4.724609375,5.60546875
0.685,-3.6435546875,-3.7236328125,5.8056640625
0.6855,-4.32421875,-2.6826171875,5.7255859375
0.686,-4.884765625,-1.9619140625,5.8056640625
0.6865,-5.205078125,-1.12109375,5.60546875
0.687,-5.1650390625,0.0,4.8046875
0.6875,-5.1650390625,1.0810546875,4.00390625
0.688,-4.96484375,2.1220703125,2.9228515625
0.6885,-4.7646484375,3.0029296875,2.0419921875
0.689,-4.64453125,3.8037109375,1.2412109375
0.6895,-4.1640625,4.404296875,0.3203125
0.69,-3.0830078125,4.724609375,-1.0009765625
0.6905,-2.2021484375,5.044921875,-2.2021484375
0.691,-1.2412109375,5.0849609375,-3.1630859375
0.6915,-0.5205078125,5.3251953125,-4.1240234375
0.692,0.4404296875,5.3251953125,-5.0048828125
0.6925,1.5615234375,4.564453125,-5.4853515625
0.693,2.72265625,3.6435546875,-5.92578125
0.6935,3.68359375,2.482421875,-5.9658203125
0.694,4.2841796875,1.5615234375,-5.92578125
0.6945,4.7646484375,0.8408203125,-5.8857421875
0.695,4.9248046875,0.0,-5.4853515625
0.6955,4.8046875,-1.28125,-4.564453125
0.696,4.8046875,-2.3623046875,-3.68359375
0.6965,4.5244140625,-3.36328125,-2.6025390625
0.697,4.32421875,-4.244140625,-1.76171875
0.6975,4.083984375,-4.96484375,-1.0009765625
0.698,3.3232421875,-5.28515625,0.16015625
0.6985,2.322265625,-5.6455078125,1.4013671875
0.699,1.2412109375,-5.765625,2.642578125
0.6995,0.400390625,-5.845703125,3.5234375
0.7,-0.3603515625,-6.0859375,4.4443359375
0.7005,-1.3212890625,-5.8056640625,5.2451171875
0.701,-2.5625,-4.8447265625,5.6455078125
0.7015,-3.6435546875,-3.84375,5.92578125
0.702,-4.4443359375,-2.72265625,5.8857421875
0.7025,-4.96484375,-1.8818359375,5.8056640625
0.703,-5.28515625,-1.12109375,5.6455078125
0.7035,-5.28515625,-0.2001953125,5.044921875
0.704,-5.2451171875,1.041015625,4.083984375
0.7045,-5.0849609375,2.162109375,3.04296875
0.705,-4.8046875,3.04296875,2.0419921875
0.7055,-4.64453125,3.84375,1.201171875
0.706,-4.244140625,4.5244140625,0.3603515625
0.7065,-3.203125,4.8046875,-0.9208984375
0.707,-2.2822265625,5.1650390625,-2.162109375
0.7075,-1.1611328125,5.1650390625,-3.2431640625
0.708,-0.48046875,5.3251953125,-4.1240234375
0.7085,0.400390625,5.365234375,-5.0048828125
0.709,1.4814453125,4.8447265625,-5.685546875
0.7095,2.802734375,3.763671875,-6.1259765625
0.71,3.8037109375,2.642578125,-6.2060546875
0.7105,4.4443359375,1.6015625,-6.0859375
0.711,4.884765625,0.80078125,-6.0458984375
0.7115,5.125,0.0,-5.7255859375
0.712,5.044921875,-1.2412109375,-4.8046875
0.7125,4.96484375,-2.4423828125,-3.8037109375
0.713,4.6845703125,-3.5634765625,-2.6826171875
0.7135,4.404296875,-4.3642578125,-1.7216796875
0.714,4.1640625,-5.0849609375,-0.9208984375
0.7145,3.5234375,-5.525390625,0.16015625
0.715,2.3623046875,-5.765625,1.521484375
0.7155,1.2412109375,-6.005859375,2.802734375
0.716,0.2802734375,-6.005859375,3.8037109375
0.7165,-0.5205078125,-6.1259765625,4.6044921875
0.717,-1.44140625,-5.9658203125,5.4453125
0.7175,-2.642578125,-5.044921875,5.8857421875
0.718,-3.8837890625,-3.923828125,6.2861328125
0.7185,-4.7646484375,-2.72265625,6.2060546875
0.719,-5.28515625,-1.7216796875,6.0458984375
0.7195,-5.60546875,-1.0009765625,5.8857421875
0.72,-5.6455078125,0.0400390625,5.3251953125
0.7205,-5.525390625,1.28125,4.2041015625
0.721,-5.4052734375,2.5224609375,3.04296875
0.7215,-5.044921875,3.4833984375,1.921875
0.722,-4.6845703125,4.2841796875,1.0009765625
0.7225,-4.32421875,4.9248046875,0.16015625
0.723,-3.36328125,5.205078125,-1.041015625
0.7235,-2.1220703125,5.4853515625,-2.5224609375
0.724,-0.9208984375,5.525390625,-3.8037109375
0.7245,0.0,5.4853515625,-4.64453125
0.725,0.720703125,5.5654296875,-5.4453125
0.7255,1.841796875,5.0849609375,-6.2060546875
0.726,3.203125,3.8037109375,-6.56640625
0.7265,4.2841796875,2.6025390625,-6.7265625
0.727,5.0048828125,1.4013671875,-6.486328125
0.7275,5.365234375,0.48046875,-6.2861328125
0.728,5.60546875,-0.48046875,-5.9658203125
0.7285,5.4052734375,-1.6015625,-5.0048828125
0.729,5.2451171875,-2.962890625,-3.7236328125
0.7295,4.96484375,-4.1640625,-2.482421875
0.73,4.5244140625,-4.96484375,-1.361328125
0.7305,4.1640625,-5.6455078125,-0.5205078125
0.731,3.5634765625,-6.1259765625,0.5205078125
0.7315,2.2421875,-6.2861328125,1.921875
0.732,0.9609375,-6.4462890625,3.36328125
0.7325,-0.2802734375,-6.2861328125,4.4443359375
0.733,-1.0009765625,-6.2861328125,5.205078125
0.7335,-1.8017578125,-6.1259765625,5.92578125
0.734,-3.04296875,-5.2451171875,6.4462890625
0.7345,-4.4443359375,-3.8837890625,6.7265625
0.735,-5.3251953125,-2.5625,6.6865234375
0.7355,-5.8056640625,-1.4814453125,6.3662109375
0.736,-6.0458984375,-0.640625,6.0859375
0.7365,-6.1259765625,0.3603515625,5.5654296875
0.737,-5.845703125,1.6015625,4.2841796875
0.7375,-5.6455078125,2.8427734375,3.04296875
0.738,-5.205078125,3.923828125,1.76171875
0.7385,-4.724609375,4.6845703125,0.720703125
0.739,-4.3642578125,5.28515625,-0.16015625
0.7395,-3.5234375,5.60546875,-1.2412109375
0.74,-2.0419921875,5.7255859375,-2.72265625
0.7405,-0.80078125,5.845703125,-4.083984375
0.741,0.2802734375,5.6455078125,-4.96484375
0.7415,1.0009765625,5.60546875,-5.685546875
0.742,1.921875,5.28515625,-6.40625
0.7425,3.203125,4.1240234375,-6.7666015625
0.743,4.4443359375,2.8427734375,-7.046875
0.7435,5.2451171875,1.521484375,-6.806640625
0.744,5.60546875,0.4404296875,-6.4462890625
0.7445,5.765625,-0.48046875,-6.166015625
0.745,5.765625,-1.4814453125,-5.4453125
0.7455,5.4453125,-2.9228515625,-4.0439453125
0.746,5.205078125,-4.1240234375,-2.7626953125
0.7465,4.7646484375,-5.0048828125,-1.6015625
0.747,4.32421875,-5.6455078125,-0.640625
0.7475,3.8037109375,-6.2060546875,0.3603515625
0.748,2.72265625,-6.40625,1.5615234375
0.7485,1.28125,-6.56640625,3.123046875
0.749,0.0,-6.4462890625,4.3642578125
0.7495,-0.9609375,-6.2861328125,5.0849609375
0.75,-1.6416015625,-6.2861328125,5.845703125
0.7505,-2.72265625,-5.765625,6.56640625
0.751,-4.1240234375,-4.2841796875,6.7666015625
0.7515,-5.1650390625,-3.0830078125,6.88671875
0.752,-5.765625,-1.8017578125,6.5263671875
0.7525,-6.0859375,-0.9208984375,6.24609375
0.753,-6.2060546875,0.0400390625,5.8056640625
0.7535,-6.0458984375,1.0810546875,4.8447265625
0.754,-5.765625,2.482421875,3.5634765625
0.7545,-5.4453125,3.7236328125,2.2421875
0.755,-4.96484375,4.484375,1.1611328125
0.7555,-4.564453125,5.125,0.2802734375
0.756,-3.923828125,5.60546875,-0.80078125
0.7565,-2.5625,5.7255859375,-2.2021484375
0.757,-1.361328125,5.92578125,-3.5634765625
0.7575,0.0,5.685546875,-4.6845703125
0.758,0.7607421875,5.6455078125,-5.4853515625
0.7585,1.521484375,5.525390625,-6.166015625
0.759,2.6826171875,4.7646484375,-6.7666015625
0.7595,4.083984375,3.3232421875,-7.0068359375
0.76,5.044921875,2.001953125,-6.966796875
0.7605,5.4853515625,0.80078125,-6.6064453125
0.761,5.765625,0.0,-6.40625
0.7615,5.8857421875,-1.12109375,-5.845703125
0.762,5.60546875,-2.322265625,-4.6044921875
0.7625,5.4052734375,-3.603515625,-3.36328125
0.763,4.96484375,-4.6845703125,-2.001953125
0.7635,4.484375,-5.4853515625,-0.9609375
0.764,4.1240234375,-6.0859375,0.0
0.7645,3.2431640625,-6.486328125,1.0810546875
0.765,1.76171875,-6.56640625,2.642578125
0.7655,0.4404296875,-6.6064453125,4.00390625
0.766,-0.720703125,-6.40625,4.9248046875
0.7665,-1.44140625,-6.40625,5.7255859375
0.767,-2.322265625,-6.0859375,6.40625
0.7675,-3.7236328125,-4.884765625,6.7666015625
0.768,-4.9248046875,-3.5634765625,7.046875
0.7685,-5.765625,-2.2021484375,6.7666015625
0.769,-6.1259765625,-1.1611328125,6.40625
0.7695,-6.2861328125,-0.3603515625,6.0458984375
0.77,-6.326171875,0.80078125,5.4052734375
0.7705,-5.9658203125,2.2421875,3.923828125
0.771,-5.685546875,3.5234375,2.6025390625
0.7715,-5.1650390625,4.4443359375,1.4013671875
0.772,-4.6845703125,5.0849609375,0.3603515625
0.7725,-4.1640625,5.60546875,-0.6005859375
0.773,-3.0830078125,5.8056640625,-1.8017578125
0.7735,-1.6015625,6.005859375,-3.36328125
0.774,-0.2802734375,5.845703125,-4.6044921875
0.7745,0.640625,5.7255859375,-5.3251953125
0.775,1.361328125,5.6455078125,-6.1259765625
0.7755,2.4423828125,5.0849609375,-6.7666015625
0.776,3.8037109375,3.603515625,-6.966796875
0.7765,4.8447265625,2.40234375,-7.0869140625
0.777,5.4453125,1.0810546875,-6.7265625
0.7775,5.765625,0.080078125,-6.40625
0.778,5.8857421875,-0.8408203125,-5.9658203125
0.7785,5.7255859375,-1.841796875,-5.0849609375
0.779,5.4052734375,-3.2431640625,-3.68359375
0.7795,5.0849609375,-4.404296875,-2.3623046875
0.78,4.5244140625,-5.1650390625,-1.28125
0.7805,4.1640625,-5.845703125,-0.3603515625
0.781,3.5634765625,-6.326171875,0.640625
0.7815,2.2421875,-6.3662109375,1.9619140625
0.782,0.9609375,-6.5263671875,3.36328125
0.7825,-0.400390625,-6.2861328125,4.484375
0.783,-1.12109375,-6.2861328125,5.205078125
0.7835,-1.8017578125,-6.166015625,5.8857421875
0.784,-2.8828125,-5.4453125,6.4462890625
0.7845,-4.244140625,-4.1640625,6.6865234375
0.785,-5.1650390625,-2.8828125,6.6865234375
0.7855,-5.6455078125,-1.76171875,6.3662109375
0.786,-5.9658203125,-0.9208984375,6.1259765625
0.7865,-6.1259765625,0.1201171875,5.685546875
0.787,-5.845703125,1.201171875,4.64453125
0.7875,-5.6455078125,2.40234375,3.443359375
0.788,-5.205078125,3.5234375,2.2021484375
0.7885,-4.8447265625,4.32421875,1.1611328125
0.789,-4.5244140625,5.0048828125,0.3603515625
0.7895,-3.84375,5.4052734375,-0.7607421875
0.79,-2.5224609375,5.5654296875,-2.162109375
0.7905,-1.361328125,5.7255859375,-3.443359375
0.791,-0.2802734375,5.5654296875,-4.404296875
0.7915,0.6005859375,5.60546875,-5.2451171875
0.792,1.361328125,5.4453125,-6.005859375
0.7925,2.5224609375,4.484375,-6.40625
0.793,3.84375,3.2431640625,-6.7265625
0.7935,4.64453125,1.9619140625,-6.646484375
0.794,5.1650390625,1.0009765625,-6.3662109375
0.7945,5.4853515625,0.240234375,-6.2060546875
0.795,5.525390625,-0.8408203125,-5.6455078125
0.7955,5.3251953125,-2.08203125,-4.4443359375
0.796,5.125,-3.2431640625,-3.3232421875
0.7965,4.724609375,-4.2041015625,-2.162109375
0.797,4.404296875,-5.0048828125,-1.2412109375
0.7975,4.00390625,-5.6455078125,-0.3603515625
0.798,3.1630859375,-5.92578125,0.80078125
0.7985,1.921875,-6.166015625,2.2021484375
0.799,0.640625,-6.1259765625,3.443359375
0.7995,-0.3203125,-6.0859375,4.2841796875
0.8,-1.0009765625,-6.166015625,5.0849609375
0.8005,-1.9619140625,-5.92578125,5.845703125
0.801,-3.203125,-4.7646484375,6.1259765625
0.8015,-4.2841796875,-3.68359375,6.3662109375
0.802,-4.96484375,-2.5224609375,6.166015625
0.8025,-5.4052734375,-1.5615234375,6.005859375
0.803,-5.6455078125,-0.7607421875,5.765625
0.8035,-5.6455078125,0.240234375,5.0849609375
0.804,-5.4453125,1.44140625,4.00390625
0.8045,-5.205078125,2.5625,2.9228515625
0.805,-4.8447265625,3.443359375,1.8818359375
0.8055,-4.6044921875,4.2041015625,1.041015625
0.806,-4.2041015625,4.8046875,0.16015625
0.8065,-3.203125,5.044921875,-1.0810546875
0.807,-2.162109375,5.365234375,-2.3623046875
0.8075,-1.0009765625,5.2451171875,-3.4033203125
0.808,-0.2802734375,5.365234375,-4.2841796875
0.8085,0.560546875,5.365234375,-5.125
0.809,1.5615234375,4.9248046875,-5.8056640625
0.8095,2.802734375,3.84375,-6.166015625
0.81,3.8037109375,2.7626953125,-6.2861328125
0.8105,4.4443359375,1.7216796875,-6.1259765625
0.811,4.8447265625,0.9609375,-6.0458984375
0.8115,5.1650390625,0.080078125,-5.765625
0.812,5.044921875,-1.041015625,-4.96484375
0.8125,4.96484375,-2.1220703125,-4.00390625
0.813,4.724609375,-3.203125,-2.962890625
0.8135,4.404296875,-4.0439453125,-1.9619140625
0.814,4.244140625,-4.8447265625,-1.1611328125
0.8145,3.763671875,-5.4453125,-0.2802734375
0.815,2.642578125,-5.6455078125,1.12109375
0.8155,1.6015625,-5.845703125,2.2822265625
0.816,0.6005859375,-5.845703125,3.2431640625
0.8165,-0.2001953125,-6.0859375,4.1640625
0.817,-1.0009765625,-6.0859375,5.044921875
0.8175,-2.162109375,-5.365234375,5.525390625
0.818,-3.2431640625,-4.3642578125,5.92578125
0.8185,-4.1640625,-3.203125,5.9658203125
0.819,-4.7646484375,-2.2421875,5.8056640625
0.8195,-5.205078125,-1.521484375,5.8056640625
0.82,-5.4453125,-0.640625,5.4853515625
0.8205,-5.28515625,0.5205078125,4.5244140625
0.821,-5.205078125,1.6416015625,3.603515625
0.8215,-4.9248046875,2.5224609375,2.6025390625
0.822,-4.6845703125,3.4033203125,1.7216796875
0.8225,-4.484375,4.1640625,0.880859375
0.823,-3.84375,4.6044921875,-0.2001953125
0.8235,-2.8828125,4.96484375,-1.4013671875
0.824,-1.76171875,5.0849609375,-2.6025390625
0.8245,-0.9208984375,5.125,-3.4833984375
0.825,-0.240234375,5.28515625,-4.404296875
0.8255,0.7607421875,5.205078125,-5.28515625
0.826,1.921875,4.32421875,-5.685546875
0.8265,3.04296875,3.4033203125,-6.005859375
0.827,3.84375,2.322265625,-5.92578125
0.8275,4.404296875,1.4013671875,-5.8857421875
0.828,4.7646484375,0.640625,-5.8056640625
0.8285,4.884765625,-0.3203125,-5.3251953125
0.829,4.8447265625,-1.4013671875,-4.484375
0.8295,4.724609375,-2.5224609375,-3.4833984375
0.83,4.4443359375,-3.36328125,-2.5224609375
0.8305,4.32421875,-4.2041015625,-1.76171875
0.831,4.00390625,-4.96484375,-0.8408203125
0.8315,3.1630859375,-5.28515625,0.3203125
0.832,2.2421875,-5.6455078125,1.5615234375
0.8325,1.201171875,-5.7255859375,2.6025390625
0.833,0.4404296875,-5.92578125,3.5234375
0.8335,-0.400390625,-6.0859375,4.404296875
0.834,-1.4013671875,-5.685546875,5.1650390625
0.8345,-2.5625,-4.7646484375,5.60546875
0.835,-3.6435546875,-3.7236328125,5.8056640625
0.8355,-4.244140625,-2.7626953125,5.7255859375
0.836,-4.8447265625,-1.9619140625,5.765625
0.8365,-5.2451171875,-1.1611328125,5.6455078125
0.837,-5.1650390625,-0.2001953125,4.884765625
0.8375,-5.1650390625,0.9208984375,4.1240234375
0.838,-5.0048828125,1.9619140625,3.123046875
0.8385,-4.7646484375,2.8828125,2.162109375
0.839,-4.64453125,3.68359375,1.4013671875
0.8395,-4.2041015625,4.32421875,0.48046875
0.84,-3.2431640625,4.64453125,-0.80078125
0.8405,-2.3623046875,4.96484375,-1.9619140625
0.841,-1.361328125,5.044921875,-2.962890625
0.8415,-0.6806640625,5.2451171875,-3.923828125
0.842,0.2802734375,5.3251953125,-4.884765625
0.8425,1.3212890625,4.6845703125,-5.365234375
0.843,2.5224609375,3.84375,-5.845703125
0.8435,3.4833984375,2.6826171875,-5.92578125
0.844,4.1240234375,1.76171875,-5.845703125
0.8445,4.6044921875,1.041015625,-5.92578125
0.845,4.884765625,0.16015625,-5.60546875
0.8455,4.8046875,-1.0009765625,-4.6845703125
0.846,4.8046875,-2.08203125,-3.8837890625
0.8465,4.564453125,-3.0830078125,-2.8828125
0.847,4.32421875,-3.923828125,-1.9619140625
0.8475,4.1640625,-4.724609375,-1.1611328125
0.848,3.5234375,-5.1650390625,-0.16015625
0.8485,2.5224609375,-5.6455078125,1.201171875
0.849,1.44140625,-5.765625,2.40234375
0.8495,0.6005859375,-5.8857421875,3.283203125
0.85,-0.16015625,-6.0458984375,4.2041015625
0.8505,-1.12109375,-5.92578125,5.0849609375
0.851,-2.3623046875,-4.96484375,5.525390625
0.8515,-3.443359375,-4.00390625,5.8857421875
0.852,-4.2041015625,-2.9228515625,5.8056640625
0.8525,-4.8447265625,-2.0419921875,5.765625
0.853,-5.205078125,-1.2412109375,5.685546875
0.8535,-5.28515625,-0.400390625,5.1650390625
0.854,-5.205078125,0.880859375,4.2041015625
0.8545,-5.125,2.0419921875,3.203125
0.855,-4.8447265625,2.8828125,2.2421875
0.8555,-4.6845703125,3.763671875,1.4013671875
0.856,-4.3642578125,4.484375,0.5205078125
0.8565,-3.36328125,4.724609375,-0.720703125
0.857,-2.4423828125,5.0849609375,-1.9619140625
0.8575,-1.361328125,5.0849609375,-3.1630859375
0.858,-0.6005859375,5.28515625,-4.00390625
0.8585,0.2802734375,5.4052734375,-4.884765625
0.859,1.3212890625,4.96484375,-5.6455078125
0.8595,2.642578125,3.84375,-6.0458984375
0.86,3.68359375,2.802734375,-6.166015625
0.8605,4.32421875,1.76171875,-6.0458984375
0.861,4.8046875,0.9208984375,-6.0458984375
0.8615,5.0849609375,0.0400390625,-5.765625
0.862,5.0048828125,-1.0810546875,-4.884765625
0.8625,4.96484375,-2.2421875,-3.923828125
0.863,4.724609375,-3.36328125,-2.7626953125
0.8635,4.404296875,-4.2041015625,-1.841796875
0.864,4.2041015625,-4.96484375,-1.0009765625
0.8645,3.6435546875,-5.5654296875,0.0400390625
0.865,2.4423828125,-5.765625,1.3212890625
0.8655,1.4013671875,-6.0458984375,2.5625
0.866,0.400390625,-5.92578125,3.5634765625
0.8665,-0.400390625,-6.1259765625,4.484375
0.867,-1.2412109375,-6.005859375,5.28515625
0.8675,-2.4423828125,-5.1650390625,5.765625
0.868,-3.68359375,-4.083984375,6.2060546875
0.8685,-4.564453125,-2.8828125,6.1259765625
0.869,-5.0849609375,-1.921875,5.92578125
0.8695,-5.4052734375,-1.1611328125,5.8056640625
0.87,-5.6455078125,-0.2802734375,5.4052734375
0.8705,-5.4052734375,1.0810546875,4.2841796875
0.871,-5.3251953125,2.2021484375,3.283203125
0.8715,-5.0048828125,3.1630859375,2.162109375
0.872,-4.6845703125,3.9638671875,1.2412109375
0.8725,-4.404296875,4.6044921875,0.4404296875
0.873,-3.5634765625,4.96484375,-0.720703125
0.8735,-2.4423828125,5.28515625,-2.1220703125
0.874,-1.2412109375,5.4052734375,-3.36328125
0.8745,-0.400390625,5.4052734375,-4.2041015625
0.875,0.400390625,5.525390625,-5.125
0.8755,1.4013671875,5.2451171875,-5.92578125
0.876,2.7626953125,4.0439453125,-6.2861328125
0.8765,3.8837890625,2.9228515625,-6.56640625
0.877,4.6845703125,1.76171875,-6.40625
0.8775,5.125,0.7607421875,-6.2060546875
0.878,5.4052734375,0.0,-6.0458984375
0.8785,5.4052734375,-1.1611328125,-5.28515625
0.879,5.2451171875,-2.5224609375,-4.00390625
0.8795,5.044921875,-3.7236328125,-2.8427734375
0.88,4.6044921875,-4.564453125,-1.7216796875
0.8805,4.32421875,-5.4052734375,-0.8408203125
0.881,3.84375,-5.9658203125,0.16015625
0.8815,2.5625,-6.166015625,1.521484375
0.882,1.3212890625,-6.40625,3.0029296875
0.8825,0.1201171875,-6.2861328125,4.1240234375
0.883,-0.720703125,-6.2861328125,4.9248046875
0.8835,-1.521484375,-6.2060546875,5.7255859375
0.884,-2.72265625,-5.4853515625,6.3662109375
0.8845,-4.1640625,-4.083984375,6.6865234375
0.885,-5.1650390625,-2.8427734375,6.6865234375
0.8855,-5.6455078125,-1.6416015625,6.40625
0.886,-5.9658203125,-0.80078125,6.1259765625
0.8865,-6.1259765625,0.240234375,5.60546875
0.887,-5.8857421875,1.44140625,4.484375
0.8875,-5.685546875,2.802734375,3.1630859375
0.888,-5.28515625,3.8837890625,1.921875
0.8885,-4.8447265625,4.6044921875,0.880859375
0.889,-4.4443359375,5.205078125,0.0400390625
0.8895,-3.6435546875,5.5654296875,-1.1611328125
0.89,-2.1220703125,5.765625,-2.72265625
0.8905,-0.9208984375,5.8857421875,-4.0439453125
0.891,0.2802734375,5.7255859375,-5.0048828125
0.8915,0.9609375,5.6455078125,-5.7255859375
0.892,1.8818359375,5.365234375,-6.4462890625
0.8925,3.1630859375,4.2041015625,-6.8466796875
0.893,4.484375,2.8427734375,-7.0869140625
0.8935,5.28515625,1.521484375,-6.88671875
0.894,5.685546875,0.4404296875,-6.486328125
0.8945,5.845703125,-0.48046875,-6.2060546875
0.895,5.845703125,-1.4814453125,-5.4853515625
0.8955,5.5654296875,-2.8828125,-4.1240234375
0.896,5.28515625,-4.1640625,-2.7626953125
0.8965,4.8046875,-5.125,-1.5615234375
0.897,4.32421875,-5.765625,-0.640625
0.8975,3.84375,-6.3662109375,0.3603515625
0.898,2.7626953125,-6.4462890625,1.5615234375
0.8985,1.28125,-6.6064453125,3.1630859375
0.899,0.0,-6.56640625,4.404296875
0.8995,-1.0009765625,-6.3662109375,5.1650390625
0.9,-1.6416015625,-6.3662109375,5.92578125
0.9005,-2.72265625,-5.8056640625,6.6064453125
0.901,-4.1240234375,-4.4443359375,6.8466796875
0.9015,-5.205078125,-3.1630859375,6.966796875
0.902,-5.8056640625,-1.8818359375,6.646484375
0.9025,-6.1259765625,-0.9208984375,6.2861328125
0.903,-6.24609375,0.0,5.92578125
0.9035,-6.0458984375,1.0810546875,4.96484375
0.904,-5.765625,2.4423828125,3.603515625
0.9045,-5.4853515625,3.5634765625,2.3623046875
0.905,-5.0048828125,4.4443359375,1.2412109375
0.9055,-4.64453125,5.0849609375,0.3203125
0.906,-4.00390625,5.60546875,-0.720703125
0.9065,-2.72265625,5.7255859375,-2.001953125
0.907,-1.4814453125,5.92578125,-3.4833984375
0.9075,-0.2001953125,5.7255859375,-4.564453125
0.908,0.640625,5.685546875,-5.3251953125
0.9085,1.3212890625,5.60546875,-6.0859375
0.909,2.5224609375,4.8447265625,-6.6865234375
0.9095,3.923828125,3.5234375,-6.966796875
0.91,4.884765625,2.2421875,-6.966796875
0.9105,5.4052734375,1.041015625,-6.6064453125
0.911,5.7255859375,0.16015625,-6.40625
0.9115,5.8857421875,-0.8408203125,-5.92578125
0.912,5.60546875,-2.0419921875,-4.8447265625
0.9125,5.4052734375,-3.36328125,-3.5634765625
0.913,5.0048828125,-4.5244140625,-2.2421875
0.9135,4.5244140625,-5.3251953125,-1.1611328125
0.914,4.2041015625,-5.92578125,-0.3603515625
0.9145,3.443359375,-6.3662109375,0.80078125
0.915,2.001953125,-6.486328125,2.3623046875
0.9155,0.720703125,-6.6064453125,3.7236328125
0.916,-0.560546875,-6.40625,4.724609375
0.9165,-1.2412109375,-6.40625,5.4453125
0.917,-2.08203125,-6.166015625,6.24609375
0.9175,-3.36328125,-5.0849609375,6.6865234375
0.918,-4.6845703125,-3.8037109375,6.966796875
0.9185,-5.5654296875,-2.4423828125,6.7666015625
0.919,-6.005859375,-1.28125,6.40625
0.9195,-6.2060546875,-0.5205078125,6.2060546875
0.92,-6.2861328125,0.6005859375,5.5654296875
0.9205,-5.9658203125,1.921875,4.1240234375
0.921,-5.765625,3.2431640625,2.8828125
0.9215,-5.28515625,4.1640625,1.5615234375
0.922,-4.8046875,4.96484375,0.6005859375
0.9225,-4.3642578125,5.525390625,-0.3603515625
0.923,-3.283203125,5.765625,-1.5615234375
0.9235,-1.841796875,6.005859375,-3.1630859375
0.924,-0.5205078125,5.8857421875,-4.484375
0.9245,0.5205078125,5.7255859375,-5.28515625
0.925,1.201171875,5.7255859375,-6.0458984375
0.9255,2.2822265625,5.205078125,-6.7666015625
0.926,3.68359375,3.8037109375,-7.0068359375
0.9265,4.8046875,2.5224609375,-7.1669921875
0.927,5.4453125,1.201171875,-6.7666015625
0.9275,5.765625,0.2001953125,-6.4462890625
0.928,5.8857421875,-0.7607421875,-6.0859375
0.9285,5.765625,-1.8818359375,-5.1650390625
0.929,5.4853515625,-3.283203125,-3.8037109375
0.9295,5.0849609375,-4.5244140625,-2.4423828125
0.93,4.6044921875,-5.205078125,-1.28125
0.9305,4.2041015625,-5.845703125,-0.400390625
0.931,3.603515625,-6.3662109375,0.640625
0.9315,2.2822265625,-6.40625,1.921875
0.932,1.0009765625,-6.6064453125,3.443359375
0.9325,-0.400390625,-6.3662109375,4.5244140625
0.933,-1.12109375,-6.2861328125,5.2451171875
0.9335,-1.8017578125,-6.166015625,5.92578125
0.934,-2.9228515625,-5.525390625,6.5263671875
0.9345,-4.2841796875,-4.1240234375,6.7666015625
0.935,-5.205078125,-2.8427734375,6.7265625
0.9355,-5.685546875,-1.76171875,6.3662109375
0.936,-5.9658203125,-0.8408203125,6.1259765625
0.9365,-6.1259765625,0.080078125,5.7255859375
0.937,-5.845703125,1.1611328125,4.6044921875
0.9375,-5.685546875,2.322265625,3.4833984375
0.938,-5.2451171875,3.5234375,2.2021484375
0.9385,-4.8447265625,4.2841796875,1.201171875
0.939,-4.5244140625,4.96484375,0.400390625
0.9395,-3.8837890625,5.4052734375,-0.6806640625
0.94,-2.5625,5.5654296875,-2.08203125
0.9405,-1.4013671875,5.7255859375,-3.36328125
0.941,-0.3203125,5.5654296875,-4.3642578125
0.9415,0.560546875,5.60546875,-5.205078125
0.942,1.28125,5.4853515625,-5.92578125
0.9425,2.482421875,4.6044921875,-6.40625
0.943,3.763671875,3.4833984375,-6.7666015625
0.9435,4.6845703125,2.162109375,-6.6865234375
0.944,5.1650390625,1.0810546875,-6.40625
0.9445,5.4853515625,0.2802734375,-6.2861328125
0.945,5.6455078125,-0.80078125,-5.8056640625
0.9455,5.4052734375,-2.0419921875,-4.64453125
0.946,5.2451171875,-3.203125,-3.4833984375
0.9465,4.8046875,-4.2041015625,-2.2822265625
0.947,4.484375,-5.0048828125,-1.28125
0.9475,4.1240234375,-5.685546875,-0.4404296875
0.948,3.283203125,-6.005859375,0.6806640625
0.9485,2.001953125,-6.24609375,2.2021484375
0.949,0.6806640625,-6.2861328125,3.4833984375
0.9495,-0.3203125,-6.166015625,4.32421875
0.95,-1.0009765625,-6.2861328125,5.1650390625
0.9505,-1.9619140625,-6.005859375,5.9658203125
0.951,-3.2431640625,-4.8046875,6.24609375
0.9515,-4.3642578125,-3.68359375,6.5263671875
0.952,-5.125,-2.4423828125,6.3662109375
0.9525,-5.525390625,-1.4814453125,6.0859375
0.953,-5.765625,-0.720703125,5.8857421875
0.9535,-5.765625,0.2802734375,5.1650390625
0.954,-5.5654296875,1.6015625,4.00390625
0.9545,-5.365234375,2.802734375,2.8427734375
0.955,-4.96484375,3.6435546875,1.76171875
0.9555,-4.6845703125,4.404296875,0.880859375
0.956,-4.2041015625,4.96484375,0.0400390625
0.9565,-3.1630859375,5.1650390625,-1.2412109375
0.957,-2.08203125,5.4453125,-2.5625
0.9575,-0.8408203125,5.4052734375,-3.7236328125
0.958,0.0400390625,5.4052734375,-4.5244140625
0.9585,0.6806640625,5.4853515625,-5.28515625
0.959,1.7216796875,5.0048828125,-5.9658203125
0.9595,3.0029296875,3.8037109375,-6.2861328125
0.96,4.00390625,2.6826171875,-6.40625
0.9605,4.6044921875,1.5615234375,-6.166015625
0.961,5.044921875,0.720703125,-6.1259765625
0.9615,5.2451171875,-0.2802734375,-5.8056640625
0.962,5.125,-1.1611328125,-5.0048828125
0.9625,5.044921875,-2.2822265625,-4.00390625
0.963,4.724609375,-3.4033203125,-2.802734375
0.9635,4.404296875,-4.2041015625,-1.8818359375
0.964,4.244140625,-4.96484375,-1.12109375
0.9645,3.68359375,-5.4853515625,0.0
0.965,2.5625,-5.7255859375,1.201171875
0.9655,1.5615234375,-5.9658203125,2.40234375
0.966,0.5205078125,-5.8857421875,3.4033203125
0.9665,-0.2802734375,-6.0859375,4.244140625
0.967,-1.041015625,-6.0859375,5.0849609375
0.9675,-2.08203125,-5.4052734375,5.60546875
0.968,-3.283203125,-4.404296875,6.005859375
0.9685,-4.2041015625,-3.3232421875,6.005859375
0.969,-4.7646484375,-2.322265625,5.845703125
0.9695,-5.205078125,-1.6416015625,5.8056640625
0.97,-5.4453125,-0.720703125,5.525390625
0.9705,-5.3251953125,0.4404296875,4.6044921875
0.971,-5.28515625,1.4814453125,3.8037109375
0.9715,-5.0048828125,2.482421875,2.6826171875
0.972,-4.724609375,3.3232421875,1.8017578125
0.9725,-4.5244140625,4.083984375,1.0009765625
0.973,-3.923828125,4.5244140625,0.1201171875
0.9735,-2.962890625,4.9248046875,-1.2412109375
0.974,-1.9619140625,5.0849609375,-2.4423828125
0.9745,-1.0810546875,5.125,-3.3232421875
0.975,-0.3603515625,5.365234375,-4.244140625
0.9755,0.6005859375,5.3251953125,-5.125
0.976,1.76171875,4.484375,-5.5654296875
0.9765,2.8427734375,3.5234375,-5.9658203125
0.977,3.7236328125,2.40234375,-5.9658203125
0.9775,4.2841796875,1.5615234375,-5.92578125
0.978,4.724609375,0.880859375,-5.92578125
0.9785,4.8447265625,0.0,-5.4453125
0.979,4.8447265625,-1.2412109375,-4.6044921875
0.9795,4.8046875,-2.2822265625,-3.68359375
0.98,4.484375,-3.203125,-2.72265625
0.9805,4.3642578125,-4.0439453125,-1.921875
0.981,4.1240234375,-4.8447265625,-1.041015625
0.9815,3.3232421875,-5.1650390625,0.1201171875
0.982,2.40234375,-5.60546875,1.3212890625
0.9825,1.3212890625,-5.685546875,2.4423828125
0.983,0.6005859375,-5.8056640625,3.3232421875
0.9835,-0.2001953125,-6.0458984375,4.244140625
0.984,-1.201171875,-5.765625,5.044921875
0.9845,-2.40234375,-4.884765625,5.4853515625
0.985,-3.443359375,-3.923828125,5.765625
0.9855,-4.2041015625,-2.9228515625,5.7255859375
0.986,-4.724609375,-2.08203125,5.7255859375
0.9865,-5.125,-1.3212890625,5.685546875
0.987,-5.1650390625,-0.400390625,5.0048828125
0.9875,-5.1650390625,0.7607421875,4.2041015625
0.988,-5.0048828125,1.8818359375,3.203125
0.9885,-4.7646484375,2.7626953125,2.2822265625
0.989,-4.6845703125,3.603515625,1.521484375
0.9895,-4.2841796875,4.2841796875,0.6005859375
0.99,-3.36328125,4.6044921875,-0.6806640625
0.9905,-2.4423828125,5.0048828125,-1.8818359375
0.991,-1.4814453125,5.0849609375,-2.8828125
0.9915,-0.7607421875,5.2451171875,-3.8037109375
0.992,0.16015625,5.365234375,-4.724609375
0.9925,1.201171875,4.7646484375,-5.3251953125
0.993,2.4423828125,3.84375,-5.8056640625
0.9935,3.36328125,2.72265625,-5.92578125
0.994,4.083984375,1.841796875,-5.845703125
0.9945,4.564453125,1.12109375,-5.92578125
0.995,4.884765625,0.240234375,-5.6455078125
0.9955,4.8046875,-0.9208984375,-4.8046875
0.996,4.8046875,-2.08203125,-3.923828125
0.9965,4.6044921875,-3.04296875,-2.9228515625
0.997,4.3642578125,-3.8837890625,-2.001953125
0.9975,4.2041015625,-4.6845703125,-1.2412109375
0.998,3.5634765625,-5.1650390625,-0.2802734375
0.9985,2.5625,-5.525390625,1.12109375
0.999,1.521484375,-5.7255859375,2.322265625
0.9995,0.640625,-5.8056640625,3.2431640625
