wavelength,x,y,z
0.0,3.893798828125,-4.554443359375,0.130126953125
0.0005,4.414306640625,-4.594482421875,-0.470458984375
0.001,4.334228515625,-3.713623046875,-1.231201171875
0.0015,4.494384765625,-3.233154296875,-1.831787109375
0.002,4.414306640625,-2.112060546875,-2.792724609375
0.0025,4.414306640625,-1.351318359375,-3.553466796875
0.003,3.653564453125,-0.270263671875,-3.833740234375
0.0035,3.493408203125,0.410400390625,-4.314208984375
0.004,2.532470703125,1.371337890625,-4.314208984375
0.0045,2.092041015625,2.011962890625,-4.474365234375
0.005,1.051025390625,3.213134765625,-4.594482421875
0.0055,0.170166015625,3.573486328125,-4.073974609375
0.006,-0.510498046875,4.093994140625,-3.873779296875
0.0065,-1.311279296875,4.254150390625,-3.353271484375
0.007,-2.072021484375,4.454345703125,-2.712646484375
0.0075,-3.032958984375,4.454345703125,-1.791748046875
0.008,-3.993896484375,4.614501953125,-0.990966796875
0.0085,-4.154052734375,3.773681640625,0.010009765625
0.009,-4.674560546875,3.893798828125,0.370361328125
0.0095,-4.634521484375,2.892822265625,1.251220703125
0.01,-4.754638671875,2.532470703125,1.771728515625
0.0105,-4.834716796875,1.451416015625,2.892822265625
0.011,-4.634521484375,0.650634765625,3.493408203125
0.0115,-4.033935546875,-0.390380859375,3.893798828125
0.012,-3.833740234375,-0.990966796875,4.294189453125
0.0125,-2.912841796875,-1.951904296875,4.334228515625
0.013,-2.352294921875,-2.712646484375,4.454345703125
0.0135,-1.391357421875,-3.833740234375,4.534423828125
0.014,-0.470458984375,-4.154052734375,3.933837890625
0.0145,0.130126953125,-4.674560546875,3.893798828125
0.015,1.131103515625,-4.834716796875,3.052978515625
0.0155,1.891845703125,-4.994873046875,2.532470703125
0.016,2.932861328125,-5.034912109375,1.531494140625
0.0165,3.693603515625,-5.074951171875,0.770751953125
0.017,3.853759765625,-4.354248046875,-0.150146484375
0.0175,4.254150390625,-4.354248046875,-0.590576171875
0.018,4.254150390625,-3.273193359375,-1.511474609375
0.0185,4.214111328125,-2.712646484375,-2.031982421875
0.019,4.334228515625,-1.791748046875,-3.153076171875
0.0195,3.853759765625,-0.830810546875,-3.553466796875
0.02,3.453369140625,0.050048828125,-3.953857421875
0.0205,2.932861328125,0.810791015625,-4.154052734375
0.021,2.212158203125,1.731689453125,-4.314208984375
0.0215,1.491455078125,2.452392578125,-4.314208984375
0.022,0.690673828125,3.333251953125,-4.354248046875
0.0225,-0.270263671875,3.533447265625,-3.633544921875
0.023,-0.670654296875,4.093994140625,-3.713623046875
0.0235,-1.831787109375,4.134033203125,-2.712646484375
0.024,-2.432373046875,4.294189453125,-2.272216796875
0.0245,-3.473388671875,4.294189453125,-1.271240234375
0.025,-3.873779296875,4.053955078125,-0.630615234375
0.0255,-4.154052734375,3.573486328125,0.130126953125
0.026,-4.434326171875,3.373291015625,0.610595703125
0.0265,-4.514404296875,2.532470703125,1.491455078125
0.027,-4.514404296875,1.931884765625,2.052001953125
0.0275,-4.634521484375,1.091064453125,3.052978515625
0.028,-3.993896484375,0.130126953125,3.373291015625
0.0285,-3.913818359375,-0.590576171875,3.893798828125
0.029,-3.193115234375,-1.431396484375,4.013916015625
0.0295,-2.632568359375,-2.232177734375,4.214111328125
0.03,-1.791748046875,-3.072998046875,4.214111328125
0.0305,-1.071044921875,-3.793701171875,4.174072265625
0.031,-0.190185546875,-4.114013671875,3.573486328125
0.0315,0.330322265625,-4.554443359375,3.613525390625
0.032,1.531494140625,-4.674560546875,2.532470703125
0.0325,2.172119140625,-4.874755859375,2.052001953125
0.033,3.133056640625,-4.954833984375,1.131103515625
0.0335,3.493408203125,-4.514404296875,0.370361328125
0.034,3.853759765625,-4.194091796875,-0.190185546875
0.0345,3.973876953125,-3.713623046875,-0.790771484375
0.035,4.134033203125,-2.952880859375,-1.711669921875
0.0355,4.053955078125,-2.232177734375,-2.352294921875
0.036,4.134033203125,-1.431396484375,-3.193115234375
0.0365,3.373291015625,-0.390380859375,-3.513427734375
0.037,3.333251953125,0.250244140625,-3.953857421875
0.0375,2.372314453125,1.291259765625,-4.033935546875
0.038,1.931884765625,1.971923828125,-4.234130859375
0.0385,1.091064453125,2.772705078125,-4.154052734375
0.039,0.290283203125,3.333251953125,-3.953857421875
0.0395,-0.470458984375,3.613525390625,-3.513427734375
0.04,-1.111083984375,4.013916015625,-3.233154296875
0.0405,-2.232177734375,4.053955078125,-2.272216796875
0.041,-2.832763671875,4.134033203125,-1.751708984375
0.0415,-3.593505859375,4.093994140625,-0.990966796875
0.042,-3.873779296875,3.613525390625,-0.190185546875
0.0425,-4.194091796875,3.493408203125,0.290283203125
0.043,-4.274169921875,2.732666015625,1.091064453125
0.0435,-4.434326171875,2.172119140625,1.811767578125
0.044,-4.314208984375,1.331298828125,2.532470703125
0.0445,-4.354248046875,0.650634765625,3.173095703125
0.045,-3.553466796875,-0.390380859375,3.453369140625
0.0455,-3.593505859375,-0.830810546875,3.893798828125
0.046,-2.552490234375,-1.951904296875,3.893798828125
0.0465,-2.192138671875,-2.552490234375,4.134033203125
0.047,-1.271240234375,-3.353271484375,3.973876953125
0.0475,-0.590576171875,-3.793701171875,3.693603515625
0.048,0.090087890625,-4.154052734375,3.373291015625
0.0485,0.890869140625,-4.474365234375,2.892822265625
0.049,1.891845703125,-4.594482421875,2.092041015625
0.0495,2.492431640625,-4.634521484375,1.491455078125
0.05,3.173095703125,-4.554443359375,0.810791015625
0.0505,3.333251953125,-4.033935546875,0.130126953125
0.051,3.773681640625,-3.993896484375,-0.310302734375
0.0515,3.773681640625,-3.113037109375,-1.231201171875
0.052,3.973876953125,-2.632568359375,-1.871826171875
0.0525,3.853759765625,-1.711669921875,-2.592529296875
0.053,3.733642578125,-1.031005859375,-3.193115234375
0.0535,3.052978515625,-0.070068359375,-3.473388671875
0.054,2.932861328125,0.530517578125,-3.873779296875
0.0545,1.971923828125,1.571533203125,-3.953857421875
0.055,1.571533203125,2.212158203125,-4.114013671875
0.0555,0.690673828125,2.932861328125,-3.993896484375
0.056,0.010009765625,3.333251953125,-3.593505859375
0.0565,-0.630615234375,3.653564453125,-3.393310546875
0.057,-1.631591796875,3.853759765625,-2.672607421875
0.0575,-2.472412109375,4.013916015625,-1.991943359375
0.058,-3.072998046875,3.933837890625,-1.231201171875
0.0585,-3.673583984375,3.893798828125,-0.630615234375
0.059,-3.833740234375,3.333251953125,0.090087890625
0.0595,-4.154052734375,3.173095703125,0.490478515625
0.06,-4.154052734375,2.212158203125,1.491455078125
0.0605,-4.314208984375,1.771728515625,2.052001953125
0.061,-4.114013671875,0.850830078125,2.812744140625
0.0615,-3.833740234375,0.130126953125,3.173095703125
0.062,-3.393310546875,-0.670654296875,3.533447265625
0.0625,-2.992919921875,-1.351318359375,3.773681640625
0.063,-2.192138671875,-2.352294921875,3.933837890625
0.0635,-1.631591796875,-2.832763671875,3.853759765625
0.064,-0.910888671875,-3.553466796875,3.813720703125
0.0645,-0.150146484375,-3.833740234375,3.293212890625
0.065,0.370361328125,-4.274169921875,3.173095703125
0.0655,1.451416015625,-4.394287109375,2.252197265625
0.066,2.212158203125,-4.554443359375,1.771728515625
0.0665,2.772705078125,-4.354248046875,0.970947265625
0.067,3.213134765625,-4.274169921875,0.490478515625
0.0675,3.373291015625,-3.793701171875,-0.190185546875
0.068,3.693603515625,-3.553466796875,-0.630615234375
0.0685,3.773681640625,-2.632568359375,-1.671630859375
0.069,3.813720703125,-2.112060546875,-2.192138671875
0.0695,3.733642578125,-1.271240234375,-2.952880859375
0.07,3.213134765625,-0.430419921875,-3.233154296875
0.0705,2.972900390625,0.290283203125,-3.713623046875
0.071,2.292236328125,1.131103515625,-3.833740234375
0.0715,1.731689453125,2.052001953125,-4.114013671875
0.072,1.010986328125,2.532470703125,-3.873779296875
0.0725,0.290283203125,3.173095703125,-3.873779296875
0.073,-0.430419921875,3.333251953125,-3.313232421875
0.0735,-1.071044921875,3.853759765625,-3.193115234375
0.074,-2.272216796875,3.933837890625,-2.072021484375
0.0745,-2.872802734375,4.093994140625,-1.591552734375
0.075,-3.513427734375,3.813720703125,-0.710693359375
0.0755,-3.833740234375,3.613525390625,-0.190185546875
0.076,-3.993896484375,3.133056640625,0.490478515625
0.0765,-4.154052734375,2.612548828125,1.091064453125
0.077,-4.354248046875,1.851806640625,2.092041015625
0.0775,-4.154052734375,1.131103515625,2.532470703125
0.078,-4.154052734375,0.370361328125,3.253173828125
0.0785,-3.473388671875,-0.550537109375,3.453369140625
0.079,-3.313232421875,-1.151123046875,3.853759765625
0.0795,-2.312255859375,-2.192138671875,3.893798828125
0.08,-1.791748046875,-2.952880859375,4.134033203125
0.0805,-0.950927734375,-3.513427734375,3.733642578125
0.081,-0.310302734375,-4.073974609375,3.693603515625
0.0815,0.490478515625,-4.194091796875,3.052978515625
0.082,1.171142578125,-4.514404296875,2.732666015625
0.0825,2.412353515625,-4.634521484375,1.651611328125
0.083,2.852783203125,-4.514404296875,1.131103515625
0.0835,3.413330078125,-4.354248046875,0.330322265625
0.084,3.573486328125,-3.913818359375,-0.270263671875
0.0845,3.813720703125,-3.553466796875,-0.790771484375
0.085,3.813720703125,-2.712646484375,-1.591552734375
0.0855,4.053955078125,-2.112060546875,-2.472412109375
0.086,3.573486328125,-1.231201171875,-2.872802734375
0.0865,3.533447265625,-0.510498046875,-3.553466796875
0.087,2.732666015625,0.410400390625,-3.593505859375
0.0875,2.612548828125,0.970947265625,-3.993896484375
0.088,1.571533203125,2.092041015625,-4.033935546875
0.0885,1.091064453125,2.612548828125,-4.154052734375
0.089,0.170166015625,3.173095703125,-3.793701171875
0.0895,-0.390380859375,3.613525390625,-3.633544921875
0.09,-1.151123046875,3.853759765625,-3.032958984375
0.0905,-1.991943359375,4.093994140625,-2.472412109375
0.091,-3.193115234375,4.334228515625,-1.551513671875
0.0915,-3.513427734375,3.893798828125,-0.830810546875
0.092,-4.114013671875,3.893798828125,-0.190185546875
0.0925,-4.154052734375,3.253173828125,0.490478515625
0.093,-4.434326171875,2.932861328125,1.051025390625
0.0935,-4.434326171875,1.931884765625,2.011962890625
0.094,-4.594482421875,1.331298828125,2.812744140625
0.0945,-4.033935546875,0.290283203125,3.253173828125
0.095,-3.993896484375,-0.390380859375,3.853759765625
0.0955,-3.193115234375,-1.311279296875,3.893798828125
0.096,-2.872802734375,-1.951904296875,4.214111328125
0.0965,-1.791748046875,-3.193115234375,4.334228515625
0.097,-1.071044921875,-3.673583984375,4.053955078125
0.0975,-0.270263671875,-4.234130859375,3.813720703125
0.098,0.490478515625,-4.514404296875,3.453369140625
0.0985,1.291259765625,-4.714599609375,2.852783203125
0.099,2.252197265625,-4.834716796875,1.971923828125
0.0995,3.333251953125,-5.074951171875,1.131103515625
0.1,3.533447265625,-4.394287109375,0.290283203125
0.1005,4.134033203125,-4.434326171875,-0.270263671875
0.101,4.053955078125,-3.553466796875,-1.031005859375
0.1015,4.214111328125,-3.193115234375,-1.591552734375
0.102,4.214111328125,-2.072021484375,-2.712646484375
0.1025,4.134033203125,-1.311279296875,-3.313232421875
0.103,3.533447265625,-0.310302734375,-3.713623046875
0.1035,3.293212890625,0.370361328125,-4.114013671875
0.104,2.452392578125,1.291259765625,-4.154052734375
0.1045,1.931884765625,1.931884765625,-4.314208984375
0.105,0.970947265625,3.093017578125,-4.514404296875
0.1055,0.130126953125,3.373291015625,-3.953857421875
0.106,-0.510498046875,3.973876953125,-3.833740234375
0.1065,-1.351318359375,4.134033203125,-3.113037109375
0.107,-2.072021484375,4.334228515625,-2.592529296875
0.1075,-3.153076171875,4.334228515625,-1.591552734375
0.108,-3.953857421875,4.454345703125,-0.870849609375
0.1085,-4.154052734375,3.733642578125,0.010009765625
0.109,-4.634521484375,3.773681640625,0.450439453125
0.1095,-4.554443359375,2.852783203125,1.291259765625
0.11,-4.674560546875,2.372314453125,1.891845703125
0.1105,-4.834716796875,1.331298828125,3.012939453125
0.111,-4.474365234375,0.490478515625,3.493408203125
0.1115,-4.033935546875,-0.470458984375,3.973876953125
0.112,-3.673583984375,-1.191162109375,4.294189453125
0.1125,-2.872802734375,-2.112060546875,4.334228515625
0.113,-2.232177734375,-2.952880859375,4.454345703125
0.1135,-1.271240234375,-4.073974609375,4.534423828125
0.114,-0.270263671875,-4.234130859375,3.893798828125
0.1145,0.290283203125,-4.874755859375,3.893798828125
0.115,1.411376953125,-4.994873046875,2.932861328125
0.1155,2.172119140625,-5.155029296875,2.372314453125
0.116,3.293212890625,-5.195068359375,1.291259765625
0.1165,3.973876953125,-5.074951171875,0.530517578125
0.117,4.134033203125,-4.354248046875,-0.350341796875
0.1175,4.494384765625,-4.194091796875,-0.870849609375
0.118,4.494384765625,-3.193115234375,-1.911865234375
0.1185,4.414306640625,-2.512451171875,-2.432373046875
0.119,4.534423828125,-1.431396484375,-3.553466796875
0.1195,3.853759765625,-0.470458984375,-3.873779296875
0.12,3.493408203125,0.410400390625,-4.314208984375
0.1205,2.812744140625,1.291259765625,-4.474365234375
0.121,1.931884765625,2.172119140625,-4.554443359375
0.1215,1.211181640625,2.972900390625,-4.514404296875
0.122,0.290283203125,3.813720703125,-4.514404296875
0.1225,-0.630615234375,3.973876953125,-3.673583984375
0.123,-1.151123046875,4.454345703125,-3.673583984375
0.1235,-2.392333984375,4.534423828125,-2.512451171875
0.124,-2.952880859375,4.494384765625,-1.951904296875
0.1245,-3.993896484375,4.494384765625,-0.950927734375
0.125,-4.354248046875,4.134033203125,-0.150146484375
0.1255,-4.594482421875,3.653564453125,0.570556640625
0.126,-4.834716796875,3.253173828125,1.091064453125
0.1265,-4.834716796875,2.332275390625,2.052001953125
0.127,-4.714599609375,1.651611328125,2.572509765625
0.1275,-4.834716796875,0.730712890625,3.613525390625
0.128,-4.114013671875,-0.310302734375,3.853759765625
0.1285,-3.913818359375,-1.031005859375,4.334228515625
0.129,-3.032958984375,-1.991943359375,4.414306640625
0.1295,-2.392333984375,-2.752685546875,4.534423828125
0.13,-1.511474609375,-3.633544921875,4.494384765625
0.1305,-0.630615234375,-4.354248046875,4.334228515625
0.131,0.290283203125,-4.594482421875,3.653564453125
0.1315,0.850830078125,-5.074951171875,3.533447265625
0.132,2.132080078125,-5.114990234375,2.372314453125
0.1325,2.732666015625,-5.155029296875,1.771728515625
0.133,3.773681640625,-5.155029296875,0.810791015625
0.1335,4.093994140625,-4.634521484375,0.010009765625
0.134,4.334228515625,-4.234130859375,-0.630615234375
0.1345,4.494384765625,-3.673583984375,-1.391357421875
0.135,4.494384765625,-2.712646484375,-2.352294921875
0.1355,4.414306640625,-1.951904296875,-2.952880859375
0.136,4.414306640625,-0.990966796875,-3.873779296875
0.1365,3.493408203125,0.050048828125,-4.033935546875
0.137,3.333251953125,0.690673828125,-4.514404296875
0.1375,2.252197265625,1.931884765625,-4.554443359375
0.138,1.611572265625,2.652587890625,-4.594482421875
0.1385,0.690673828125,3.413330078125,-4.434326171875
0.139,-0.230224609375,4.013916015625,-4.114013671875
0.1395,-0.990966796875,4.134033203125,-3.553466796875
0.14,-1.711669921875,4.534423828125,-3.193115234375
0.1405,-2.912841796875,4.534423828125,-1.991943359375
0.141,-3.513427734375,4.494384765625,-1.391357421875
0.1415,-4.274169921875,4.374267578125,-0.510498046875
0.142,-4.474365234375,3.733642578125,0.290283203125
0.1425,-4.674560546875,3.453369140625,0.810791015625
0.143,-4.754638671875,2.652587890625,1.651611328125
0.1435,-4.794677734375,1.851806640625,2.492431640625
0.144,-4.554443359375,1.010986328125,3.052978515625
0.1445,-4.514404296875,0.170166015625,3.773681640625
0.145,-3.633544921875,-0.870849609375,3.893798828125
0.1455,-3.553466796875,-1.351318359375,4.334228515625
0.146,-2.392333984375,-2.552490234375,4.334228515625
0.1465,-1.951904296875,-3.193115234375,4.414306640625
0.147,-0.950927734375,-3.913818359375,4.174072265625
0.1475,-0.150146484375,-4.394287109375,3.853759765625
0.148,0.570556640625,-4.634521484375,3.413330078125
0.1485,1.411376953125,-4.954833984375,2.892822265625
0.149,2.532470703125,-5.034912109375,1.891845703125
0.1495,3.052978515625,-4.914794921875,1.291259765625
0.15,3.853759765625,-4.834716796875,0.450439453125
0.1505,3.973876953125,-4.194091796875,-0.310302734375
0.151,4.294189453125,-4.033935546875,-0.790771484375
0.1515,4.334228515625,-3.032958984375,-1.791748046875
0.152,4.454345703125,-2.352294921875,-2.552490234375
0.1525,4.134033203125,-1.431396484375,-3.233154296875
0.153,3.973876953125,-0.590576171875,-3.913818359375
0.1535,3.173095703125,0.490478515625,-3.993896484375
0.154,2.972900390625,1.091064453125,-4.434326171875
0.1545,1.771728515625,2.332275390625,-4.474365234375
0.155,1.251220703125,2.852783203125,-4.474365234375
0.1555,0.290283203125,3.613525390625,-4.194091796875
0.156,-0.590576171875,3.973876953125,-3.753662109375
0.1565,-1.231201171875,4.174072265625,-3.353271484375
0.157,-2.272216796875,4.414306640625,-2.552490234375
0.1575,-3.233154296875,4.494384765625,-1.591552734375
0.158,-3.673583984375,4.134033203125,-0.910888671875
0.1585,-4.314208984375,4.053955078125,-0.150146484375
0.159,-4.354248046875,3.333251953125,0.610595703125
0.1595,-4.594482421875,3.133056640625,1.010986328125
0.16,-4.554443359375,2.011962890625,2.092041015625
0.1605,-4.594482421875,1.411376953125,2.652587890625
0.161,-4.274169921875,0.450439453125,3.253173828125
0.1615,-3.993896484375,-0.310302734375,3.773681640625
0.162,-3.353271484375,-1.151123046875,3.893798828125
0.1625,-2.952880859375,-1.791748046875,4.134033203125
0.163,-1.951904296875,-2.872802734375,4.214111328125
0.1635,-1.391357421875,-3.313232421875,4.093994140625
0.164,-0.590576171875,-3.993896484375,3.933837890625
0.1645,0.210205078125,-4.234130859375,3.413330078125
0.165,0.810791015625,-4.634521484375,3.173095703125
0.1655,1.891845703125,-4.714599609375,2.212158203125
0.166,2.732666015625,-4.914794921875,1.571533203125
0.1665,3.173095703125,-4.554443359375,0.810791015625
0.167,3.733642578125,-4.514404296875,0.210205078125
0.1675,3.813720703125,-3.833740234375,-0.510498046875
0.168,4.093994140625,-3.593505859375,-0.990966796875
0.1685,4.134033203125,-2.592529296875,-2.112060546875
0.169,4.134033203125,-2.072021484375,-2.672607421875
0.1695,3.893798828125,-0.990966796875,-3.353271484375
0.17,3.413330078125,-0.150146484375,-3.713623046875
0.1705,2.932861328125,0.650634765625,-4.033935546875
0.171,2.292236328125,1.491455078125,-4.194091796875
0.1715,1.531494140625,2.532470703125,-4.434326171875
0.172,0.770751953125,2.932861328125,-4.033935546875
0.1725,0.010009765625,3.693603515625,-3.993896484375
0.173,-0.790771484375,3.813720703125,-3.353271484375
0.1735,-1.431396484375,4.174072265625,-3.113037109375
0.174,-2.632568359375,4.254150390625,-1.951904296875
0.1745,-3.353271484375,4.334228515625,-1.351318359375
0.175,-3.833740234375,3.853759765625,-0.470458984375
0.1755,-4.234130859375,3.773681640625,0.090087890625
0.176,-4.154052734375,3.052978515625,0.690673828125
0.1765,-4.394287109375,2.532470703125,1.331298828125
0.177,-4.514404296875,1.611572265625,2.412353515625
0.1775,-4.234130859375,0.970947265625,2.812744140625
0.178,-4.154052734375,0.130126953125,3.493408203125
0.1785,-3.473388671875,-0.750732421875,3.653564453125
0.179,-3.193115234375,-1.391357421875,3.973876953125
0.1795,-2.312255859375,-2.312255859375,4.013916015625
0.18,-1.671630859375,-3.153076171875,4.174072265625
0.1805,-0.870849609375,-3.513427734375,3.693603515625
0.181,-0.270263671875,-4.154052734375,3.773681640625
0.1815,0.570556640625,-4.194091796875,3.052978515625
0.182,1.211181640625,-4.514404296875,2.732666015625
0.1825,2.372314453125,-4.674560546875,1.691650390625
0.183,2.852783203125,-4.554443359375,1.131103515625
0.1835,3.333251953125,-4.354248046875,0.410400390625
0.184,3.533447265625,-4.154052734375,-0.230224609375
0.1845,3.813720703125,-3.593505859375,-0.790771484375
0.185,3.813720703125,-2.912841796875,-1.471435546875
0.1855,4.134033203125,-2.232177734375,-2.392333984375
0.186,3.653564453125,-1.351318359375,-2.752685546875
0.1865,3.653564453125,-0.630615234375,-3.473388671875
0.187,2.852783203125,0.290283203125,-3.593505859375
0.1875,2.732666015625,0.890869140625,-4.033935546875
0.188,1.771728515625,1.931884765625,-4.114013671875
0.1885,1.251220703125,2.572509765625,-4.194091796875
0.189,0.370361328125,3.093017578125,-3.793701171875
0.1895,-0.270263671875,3.573486328125,-3.713623046875
0.19,-1.071044921875,3.773681640625,-3.072998046875
0.1905,-1.791748046875,4.013916015625,-2.552490234375
0.191,-2.952880859375,4.294189453125,-1.631591796875
0.1915,-3.313232421875,3.893798828125,-0.990966796875
0.192,-3.833740234375,3.853759765625,-0.310302734375
0.1925,-3.993896484375,3.213134765625,0.330322265625
0.193,-4.194091796875,2.892822265625,0.810791015625
0.1935,-4.234130859375,2.052001953125,1.771728515625
0.194,-4.474365234375,1.411376953125,2.532470703125
0.1945,-3.913818359375,0.490478515625,2.932861328125
0.195,-3.873779296875,-0.150146484375,3.533447265625
0.1955,-3.113037109375,-1.031005859375,3.573486328125
0.196,-2.872802734375,-1.671630859375,3.893798828125
0.1965,-1.911865234375,-2.712646484375,4.013916015625
0.197,-1.311279296875,-3.193115234375,3.853759765625
0.1975,-0.590576171875,-3.713623046875,3.573486328125
0.198,0.090087890625,-4.033935546875,3.333251953125
0.1985,0.810791015625,-4.234130859375,2.812744140625
0.199,1.651611328125,-4.434326171875,2.092041015625
0.1995,2.652587890625,-4.634521484375,1.411376953125
0.2,2.932861328125,-4.234130859375,0.610595703125
0.2005,3.453369140625,-4.274169921875,0.210205078125
0.201,3.413330078125,-3.713623046875,-0.590576171875
0.2015,3.733642578125,-3.273193359375,-0.990966796875
0.202,3.813720703125,-2.392333984375,-1.951904296875
0.2025,3.813720703125,-1.791748046875,-2.512451171875
0.203,3.373291015625,-0.830810546875,-3.072998046875
0.2035,3.213134765625,-0.230224609375,-3.473388671875
0.204,2.612548828125,0.610595703125,-3.673583984375
0.2045,2.212158203125,1.331298828125,-3.873779296875
0.205,1.451416015625,2.332275390625,-4.154052734375
0.2055,0.650634765625,2.692626953125,-3.713623046875
0.206,0.130126953125,3.333251953125,-3.793701171875
0.2065,-0.670654296875,3.533447265625,-3.193115234375
0.207,-1.391357421875,3.853759765625,-2.872802734375
0.2075,-2.432373046875,3.973876953125,-1.951904296875
0.208,-3.233154296875,4.093994140625,-1.311279296875
0.2085,-3.513427734375,3.533447265625,-0.510498046875
0.209,-3.993896484375,3.693603515625,0.010009765625
0.2095,-4.033935546875,2.892822265625,0.690673828125
0.21,-4.194091796875,2.492431640625,1.291259765625
0.2105,-4.354248046875,1.611572265625,2.292236328125
0.211,-4.114013671875,0.890869140625,2.732666015625
0.2115,-3.833740234375,0.010009765625,3.293212890625
0.212,-3.473388671875,-0.670654296875,3.573486328125
0.2125,-2.912841796875,-1.431396484375,3.773681640625
0.213,-2.272216796875,-2.272216796875,3.933837890625
0.2135,-1.551513671875,-3.153076171875,4.093994140625
0.214,-0.710693359375,-3.473388671875,3.533447265625
0.2145,-0.270263671875,-4.073974609375,3.693603515625
0.215,0.730712890625,-4.194091796875,2.852783203125
0.2155,1.371337890625,-4.474365234375,2.492431640625
0.216,2.492431640625,-4.634521484375,1.571533203125
0.2165,3.052978515625,-4.554443359375,0.890869140625
0.217,3.413330078125,-4.154052734375,0.130126953125
0.2175,3.693603515625,-3.993896484375,-0.270263671875
0.218,3.813720703125,-3.273193359375,-1.111083984375
0.2185,3.853759765625,-2.632568359375,-1.751708984375
0.219,4.093994140625,-1.911865234375,-2.712646484375
0.2195,3.533447265625,-0.950927734375,-3.072998046875
0.22,3.373291015625,-0.270263671875,-3.593505859375
0.2205,2.732666015625,0.610595703125,-3.793701171875
0.221,2.252197265625,1.371337890625,-3.993896484375
0.2215,1.491455078125,2.252197265625,-4.114013671875
0.222,0.770751953125,3.012939453125,-4.114013671875
0.2225,-0.110107421875,3.253173828125,-3.553466796875
0.223,-0.590576171875,3.773681640625,-3.553466796875
0.2235,-1.671630859375,3.893798828125,-2.592529296875
0.224,-2.272216796875,3.973876953125,-2.152099609375
0.2245,-3.353271484375,4.134033203125,-1.271240234375
0.225,-3.673583984375,3.773681640625,-0.550537109375
0.2255,-4.033935546875,3.533447265625,0.050048828125
0.226,-4.194091796875,3.133056640625,0.650634765625
0.2265,-4.354248046875,2.492431640625,1.411376953125
0.227,-4.354248046875,1.731689453125,2.132080078125
0.2275,-4.514404296875,1.010986328125,3.012939453125
0.228,-3.833740234375,0.010009765625,3.293212890625
0.2285,-3.833740234375,-0.590576171875,3.853759765625
0.229,-2.912841796875,-1.551513671875,3.893798828125
0.2295,-2.512451171875,-2.272216796875,4.134033203125
0.23,-1.631591796875,-3.193115234375,4.134033203125
0.2305,-0.830810546875,-3.793701171875,3.973876953125
0.231,-0.110107421875,-4.114013671875,3.533447265625
0.2315,0.570556640625,-4.514404296875,3.333251953125
0.232,1.651611328125,-4.714599609375,2.372314453125
0.2325,2.332275390625,-4.834716796875,1.771728515625
0.233,3.293212890625,-4.874755859375,0.970947265625
0.2335,3.533447265625,-4.314208984375,0.170166015625
0.234,3.893798828125,-4.154052734375,-0.310302734375
0.2345,4.093994140625,-3.513427734375,-1.151123046875
0.235,4.134033203125,-2.752685546875,-1.951904296875
0.2355,4.134033203125,-1.951904296875,-2.712646484375
0.236,4.134033203125,-1.151123046875,-3.513427734375
0.2365,3.333251953125,0.010009765625,-3.713623046875
0.237,3.253173828125,0.570556640625,-4.194091796875
0.2375,2.172119140625,1.731689453125,-4.274169921875
0.238,1.611572265625,2.412353515625,-4.394287109375
0.2385,0.770751953125,3.253173828125,-4.314208984375
0.239,-0.150146484375,3.773681640625,-3.953857421875
0.2395,-0.830810546875,3.973876953125,-3.553466796875
0.24,-1.711669921875,4.334228515625,-3.032958984375
0.2405,-2.752685546875,4.334228515625,-1.991943359375
0.241,-3.393310546875,4.254150390625,-1.311279296875
0.2415,-4.154052734375,4.254150390625,-0.510498046875
0.242,-4.314208984375,3.533447265625,0.330322265625
0.2425,-4.554443359375,3.373291015625,0.770751953125
0.243,-4.594482421875,2.412353515625,1.731689453125
0.2435,-4.634521484375,1.771728515625,2.412353515625
0.244,-4.434326171875,0.890869140625,3.093017578125
0.2445,-4.314208984375,0.130126953125,3.693603515625
0.245,-3.553466796875,-0.910888671875,3.853759765625
0.2455,-3.393310546875,-1.431396484375,4.214111328125
0.246,-2.272216796875,-2.592529296875,4.254150390625
0.2465,-1.791748046875,-3.193115234375,4.334228515625
0.247,-0.830810546875,-3.993896484375,4.134033203125
0.2475,0.010009765625,-4.354248046875,3.693603515625
0.248,0.610595703125,-4.674560546875,3.373291015625
0.2485,1.611572265625,-4.954833984375,2.692626953125
0.249,2.612548828125,-5.074951171875,1.771728515625
0.2495,3.173095703125,-4.874755859375,1.091064453125
0.25,3.933837890625,-4.834716796875,0.330322265625
0.2505,4.093994140625,-4.154052734375,-0.510498046875
0.251,4.334228515625,-3.953857421875,-0.990966796875
0.2515,4.414306640625,-2.872802734375,-2.072021484375
0.252,4.494384765625,-2.232177734375,-2.752685546875
0.2525,4.174072265625,-1.231201171875,-3.513427734375
0.253,3.973876953125,-0.310302734375,-4.114013671875
0.2535,3.133056640625,0.690673828125,-4.234130859375
0.254,2.812744140625,1.411376953125,-4.594482421875
0.2545,1.571533203125,2.692626953125,-4.634521484375
0.255,0.970947265625,3.213134765625,-4.514404296875
0.2555,0.010009765625,3.973876953125,-4.274169921875
0.256,-0.910888671875,4.214111328125,-3.713623046875
0.2565,-1.551513671875,4.454345703125,-3.273193359375
0.257,-2.712646484375,4.614501953125,-2.352294921875
0.2575,-3.713623046875,4.654541015625,-1.351318359375
0.258,-4.154052734375,4.214111328125,-0.510498046875
0.2585,-4.754638671875,4.093994140625,0.250244140625
0.259,-4.714599609375,3.293212890625,0.970947265625
0.2595,-4.874755859375,2.932861328125,1.451416015625
0.26,-4.834716796875,1.771728515625,2.612548828125
0.2605,-4.754638671875,1.091064453125,3.173095703125
0.261,-4.354248046875,0.090087890625,3.773681640625
0.2615,-3.953857421875,-0.790771484375,4.134033203125
0.262,-3.273193359375,-1.591552734375,4.254150390625
0.2625,-2.712646484375,-2.272216796875,4.454345703125
0.263,-1.671630859375,-3.473388671875,4.494384765625
0.2635,-0.990966796875,-3.793701171875,4.134033203125
0.264,-0.190185546875,-4.514404296875,3.973876953125
0.2645,0.650634765625,-4.674560546875,3.333251953125
0.265,1.251220703125,-4.994873046875,3.052978515625
0.2655,2.452392578125,-5.034912109375,1.971923828125
0.266,3.213134765625,-5.114990234375,1.251220703125
0.2665,3.693603515625,-4.674560546875,0.410400390625
0.267,4.214111328125,-4.554443359375,-0.270263671875
0.2675,4.214111328125,-3.833740234375,-0.990966796875
0.268,4.454345703125,-3.473388671875,-1.511474609375
0.2685,4.494384765625,-2.312255859375,-2.712646484375
0.269,4.334228515625,-1.591552734375,-3.193115234375
0.2695,4.053955078125,-0.630615234375,-3.913818359375
0.27,3.453369140625,0.370361328125,-4.194091796875
0.2705,2.932861328125,1.131103515625,-4.474365234375
0.271,2.132080078125,2.052001953125,-4.554443359375
0.2715,1.291259765625,3.173095703125,-4.754638671875
0.272,0.330322265625,3.493408203125,-4.194091796875
0.2725,-0.430419921875,4.174072265625,-4.154052734375
0.273,-1.271240234375,4.254150390625,-3.393310546875
0.2735,-1.951904296875,4.614501953125,-2.992919921875
0.274,-3.313232421875,4.654541015625,-1.751708984375
0.2745,-3.993896484375,4.614501953125,-0.990966796875
0.275,-4.434326171875,4.053955078125,0.010009765625
0.2755,-4.834716796875,3.853759765625,0.610595703125
0.276,-4.794677734375,3.052978515625,1.291259765625
0.2765,-4.834716796875,2.412353515625,1.931884765625
0.277,-4.994873046875,1.411376953125,3.093017578125
0.2775,-4.474365234375,0.490478515625,3.453369140625
0.278,-4.274169921875,-0.350341796875,4.093994140625
0.2785,-3.553466796875,-1.271240234375,4.174072265625
0.279,-3.072998046875,-1.911865234375,4.414306640625
0.2795,-2.072021484375,-2.912841796875,4.374267578125
0.28,-1.311279296875,-3.833740234375,4.494384765625
0.2805,-0.390380859375,-4.154052734375,3.813720703125
0.281,0.210205078125,-4.754638671875,3.813720703125
0.2815,1.091064453125,-4.634521484375,2.932861328125
0.282,1.691650390625,-4.914794921875,2.572509765625
0.2825,3.012939453125,-5.034912109375,1.411376953125
0.283,3.453369140625,-4.794677734375,0.770751953125
0.2835,3.893798828125,-4.474365234375,0.010009765625
0.284,4.134033203125,-4.073974609375,-0.630615234375
0.2845,4.214111328125,-3.553466796875,-1.271240234375
0.285,4.214111328125,-2.712646484375,-1.991943359375
0.2855,4.494384765625,-1.951904296875,-3.032958984375
0.286,3.853759765625,-0.990966796875,-3.353271484375
0.2865,3.853759765625,-0.230224609375,-4.033935546875
0.287,2.932861328125,0.770751953125,-4.114013671875
0.2875,2.692626953125,1.371337890625,-4.474365234375
0.288,1.571533203125,2.532470703125,-4.514404296875
0.2885,0.930908203125,3.173095703125,-4.514404296875
0.289,-0.070068359375,3.613525390625,-3.953857421875
0.2895,-0.670654296875,4.214111328125,-3.873779296875
0.29,-1.631591796875,4.294189453125,-3.032958984375
0.2905,-2.392333984375,4.494384765625,-2.472412109375
0.291,-3.713623046875,4.694580078125,-1.391357421875
0.2915,-3.993896484375,4.174072265625,-0.590576171875
0.292,-4.514404296875,3.973876953125,0.130126953125
0.2925,-4.634521484375,3.373291015625,0.810791015625
0.293,-4.754638671875,2.812744140625,1.491455078125
0.2935,-4.674560546875,1.851806640625,2.412353515625
0.294,-4.834716796875,1.091064453125,3.253173828125
0.2945,-4.033935546875,0.010009765625,3.533447265625
0.295,-4.033935546875,-0.630615234375,4.134033203125
0.2955,-3.072998046875,-1.591552734375,4.093994140625
0.296,-2.672607421875,-2.272216796875,4.294189453125
0.2965,-1.631591796875,-3.353271484375,4.334228515625
0.297,-0.830810546875,-3.873779296875,3.973876953125
0.2975,-0.110107421875,-4.194091796875,3.693603515625
0.298,0.570556640625,-4.554443359375,3.373291015625
0.2985,1.411376953125,-4.634521484375,2.612548828125
0.299,2.212158203125,-4.754638671875,1.931884765625
0.2995,3.253173828125,-4.954833984375,1.131103515625
0.3,3.413330078125,-4.274169921875,0.290283203125
0.3005,3.893798828125,-4.354248046875,-0.150146484375
0.301,3.893798828125,-3.553466796875,-0.910888671875
0.3015,4.093994140625,-3.193115234375,-1.431396484375
0.302,4.093994140625,-2.232177734375,-2.432373046875
0.3025,4.093994140625,-1.551513671875,-3.032958984375
0.303,3.493408203125,-0.510498046875,-3.473388671875
0.3035,3.373291015625,0.090087890625,-3.913818359375
0.304,2.572509765625,0.970947265625,-4.033935546875
0.3045,2.172119140625,1.651611328125,-4.274169921875
0.305,1.291259765625,2.732666015625,-4.474365234375
0.3055,0.450439453125,3.213134765625,-3.953857421875
0.306,-0.230224609375,3.773681640625,-3.873779296875
0.3065,-1.031005859375,3.973876953125,-3.273193359375
0.307,-1.871826171875,4.214111328125,-2.752685546875
0.3075,-2.832763671875,4.334228515625,-1.871826171875
0.308,-3.713623046875,4.454345703125,-1.111083984375
0.3085,-3.913818359375,3.773681640625,-0.230224609375
0.309,-4.434326171875,3.813720703125,0.210205078125
0.3095,-4.434326171875,2.892822265625,1.091064453125
0.31,-4.514404296875,2.412353515625,1.651611328125
0.3105,-4.634521484375,1.451416015625,2.732666015625
0.311,-4.354248046875,0.650634765625,3.213134765625
0.3115,-3.873779296875,-0.310302734375,3.653564453125
0.312,-3.553466796875,-0.990966796875,3.973876953125
0.3125,-2.752685546875,-1.951904296875,4.013916015625
0.313,-2.192138671875,-2.672607421875,4.134033203125
0.3135,-1.311279296875,-3.553466796875,4.214111328125
0.314,-0.470458984375,-3.833740234375,3.613525390625
0.3145,0.050048828125,-4.354248046875,3.653564453125
0.315,1.051025390625,-4.474365234375,2.772705078125
0.3155,1.731689453125,-4.634521484375,2.252197265625
0.316,2.692626953125,-4.674560546875,1.411376953125
0.3165,3.253173828125,-4.594482421875,0.770751953125
0.317,3.493408203125,-4.073974609375,0.010009765625
0.3175,3.813720703125,-3.953857421875,-0.350341796875
0.318,3.853759765625,-3.153076171875,-1.231201171875
0.3185,3.853759765625,-2.592529296875,-1.791748046875
0.319,4.053955078125,-1.791748046875,-2.752685546875
0.3195,3.533447265625,-0.910888671875,-3.153076171875
0.32,3.333251953125,-0.270263671875,-3.633544921875
0.3205,2.812744140625,0.570556640625,-3.833740234375
0.321,2.252197265625,1.331298828125,-4.033935546875
0.3215,1.571533203125,2.212158203125,-4.114013671875
0.322,0.850830078125,2.932861328125,-4.114013671875
0.3225,0.010009765625,3.213134765625,-3.553466796875
0.323,-0.470458984375,3.773681640625,-3.633544921875
0.3235,-1.551513671875,3.893798828125,-2.672607421875
0.324,-2.192138671875,4.093994140625,-2.272216796875
0.3245,-3.193115234375,4.134033203125,-1.351318359375
0.325,-3.553466796875,3.893798828125,-0.670654296875
0.3255,-3.953857421875,3.573486328125,0.010009765625
0.326,-4.154052734375,3.253173828125,0.490478515625
0.3265,-4.314208984375,2.532470703125,1.331298828125
0.327,-4.354248046875,1.891845703125,1.971923828125
0.3275,-4.474365234375,1.131103515625,2.852783203125
0.328,-3.833740234375,0.130126953125,3.173095703125
0.3285,-3.793701171875,-0.510498046875,3.733642578125
0.329,-2.992919921875,-1.431396484375,3.773681640625
0.3295,-2.512451171875,-2.152099609375,4.053955078125
0.33,-1.711669921875,-2.952880859375,4.013916015625
0.3305,-0.990966796875,-3.553466796875,3.893798828125
0.331,-0.230224609375,-3.873779296875,3.413330078125
0.3315,0.330322265625,-4.314208984375,3.333251953125
0.332,1.411376953125,-4.394287109375,2.372314453125
0.3325,2.052001953125,-4.514404296875,1.851806640625
0.333,2.892822265625,-4.554443359375,1.091064453125
0.3335,3.173095703125,-4.154052734375,0.410400390625
0.334,3.533447265625,-3.993896484375,-0.070068359375
0.3345,3.653564453125,-3.433349609375,-0.750732421875
0.335,3.773681640625,-2.832763671875,-1.471435546875
0.3355,3.773681640625,-2.072021484375,-2.192138671875
0.336,3.853759765625,-1.471435546875,-2.912841796875
0.3365,3.133056640625,-0.510498046875,-3.193115234375
0.337,3.133056640625,0.050048828125,-3.713623046875
0.3375,2.252197265625,1.131103515625,-3.793701171875
0.338,1.891845703125,1.771728515625,-4.033935546875
0.3385,1.091064453125,2.532470703125,-3.993896484375
0.339,0.330322265625,3.052978515625,-3.713623046875
0.3395,-0.310302734375,3.373291015625,-3.473388671875
0.34,-1.031005859375,3.773681640625,-3.072998046875
0.3405,-1.991943359375,3.893798828125,-2.272216796875
0.341,-2.672607421875,3.973876953125,-1.671630859375
0.3415,-3.393310546875,3.973876953125,-0.990966796875
0.342,-3.633544921875,3.493408203125,-0.270263671875
0.3425,-3.993896484375,3.453369140625,0.170166015625
0.343,-4.114013671875,2.652587890625,1.010986328125
0.3435,-4.274169921875,2.132080078125,1.651611328125
0.344,-4.194091796875,1.251220703125,2.412353515625
0.3445,-4.154052734375,0.610595703125,3.052978515625
0.345,-3.553466796875,-0.390380859375,3.333251953125
0.3455,-3.473388671875,-0.830810546875,3.773681640625
0.346,-2.512451171875,-1.951904296875,3.853759765625
0.3465,-2.072021484375,-2.552490234375,4.013916015625
0.347,-1.231201171875,-3.353271484375,3.893798828125
0.3475,-0.510498046875,-3.713623046875,3.573486328125
0.348,0.130126953125,-4.114013671875,3.333251953125
0.3485,1.051025390625,-4.354248046875,2.692626953125
0.349,1.931884765625,-4.514404296875,1.931884765625
0.3495,2.532470703125,-4.474365234375,1.331298828125
0.35,3.173095703125,-4.434326171875,0.690673828125
0.3505,3.333251953125,-3.873779296875,0.010009765625
0.351,3.693603515625,-3.833740234375,-0.430419921875
0.3515,3.733642578125,-2.872802734375,-1.431396484375
0.352,3.893798828125,-2.432373046875,-2.072021484375
0.3525,3.773681640625,-1.551513671875,-2.792724609375
0.353,3.533447265625,-0.790771484375,-3.273193359375
0.3535,3.012939453125,0.130126953125,-3.553466796875
0.354,2.692626953125,0.810791015625,-3.913818359375
0.3545,1.811767578125,1.891845703125,-4.033935546875
0.355,1.291259765625,2.412353515625,-4.033935546875
0.3555,0.450439453125,3.173095703125,-3.993896484375
0.356,-0.310302734375,3.493408203125,-3.513427734375
0.3565,-0.910888671875,3.853759765625,-3.313232421875
0.357,-2.031982421875,4.053955078125,-2.392333984375
0.3575,-2.872802734375,4.174072265625,-1.711669921875
0.358,-3.393310546875,3.893798828125,-0.910888671875
0.3585,-3.953857421875,3.853759765625,-0.310302734375
0.359,-4.033935546875,3.213134765625,0.410400390625
0.3595,-4.314208984375,2.972900390625,0.890869140625
0.36,-4.314208984375,1.931884765625,1.931884765625
0.3605,-4.314208984375,1.331298828125,2.412353515625
0.361,-4.154052734375,0.450439453125,3.133056640625
0.3615,-3.713623046875,-0.350341796875,3.493408203125
0.362,-3.313232421875,-1.031005859375,3.773681640625
0.3625,-2.712646484375,-1.871826171875,3.973876953125
0.363,-1.951904296875,-2.832763671875,4.134033203125
0.3635,-1.231201171875,-3.273193359375,3.853759765625
0.364,-0.550537109375,-3.953857421875,3.853759765625
0.3645,0.250244140625,-4.154052734375,3.253173828125
0.365,0.810791015625,-4.514404296875,3.052978515625
0.3655,2.011962890625,-4.634521484375,1.971923828125
0.366,2.692626953125,-4.754638671875,1.411376953125
0.3665,3.253173828125,-4.434326171875,0.610595703125
0.367,3.693603515625,-4.314208984375,0.050048828125
0.3675,3.813720703125,-3.713623046875,-0.630615234375
0.368,3.973876953125,-3.353271484375,-1.271240234375
0.3685,4.134033203125,-2.432373046875,-2.312255859375
0.369,3.893798828125,-1.711669921875,-2.792724609375
0.3695,3.853759765625,-0.790771484375,-3.513427734375
0.37,3.173095703125,0.130126953125,-3.753662109375
0.3705,2.892822265625,0.850830078125,-4.114013671875
0.371,2.011962890625,1.851806640625,-4.234130859375
0.3715,1.331298828125,2.772705078125,-4.474365234375
0.372,0.450439453125,3.173095703125,-3.993896484375
0.3725,-0.230224609375,3.853759765625,-3.993896484375
0.373,-1.071044921875,3.973876953125,-3.233154296875
0.3735,-1.791748046875,4.334228515625,-2.912841796875
0.374,-3.072998046875,4.494384765625,-1.711669921875
0.3745,-3.713623046875,4.334228515625,-0.990966796875
0.375,-4.234130859375,3.973876953125,-0.150146484375
0.3755,-4.554443359375,3.653564453125,0.490478515625
0.376,-4.554443359375,2.972900390625,1.131103515625
0.3765,-4.634521484375,2.252197265625,1.891845703125
0.377,-4.834716796875,1.331298828125,2.932861328125
0.3775,-4.234130859375,0.450439453125,3.333251953125
0.378,-4.154052734375,-0.350341796875,3.973876953125
0.3785,-3.353271484375,-1.271240234375,4.013916015625
0.379,-2.992919921875,-1.871826171875,4.294189453125
0.3795,-1.951904296875,-2.992919921875,4.294189453125
0.38,-1.231201171875,-3.753662109375,4.334228515625
0.3805,-0.310302734375,-4.073974609375,3.733642578125
0.381,0.290283203125,-4.594482421875,3.693603515625
0.3815,1.131103515625,-4.594482421875,2.852783203125
0.382,1.811767578125,-4.834716796875,2.412353515625
0.3825,3.133056640625,-4.994873046875,1.291259765625
0.383,3.493408203125,-4.634521484375,0.610595703125
0.3835,3.973876953125,-4.434326171875,-0.110107421875
0.384,4.093994140625,-3.953857421875,-0.710693359375
0.3845,4.214111328125,-3.513427734375,-1.311279296875
0.385,4.174072265625,-2.592529296875,-2.232177734375
0.3855,4.454345703125,-1.831787109375,-3.113037109375
0.386,3.773681640625,-0.750732421875,-3.473388671875
0.3865,3.773681640625,-0.070068359375,-4.114013671875
0.387,2.852783203125,0.970947265625,-4.154052734375
0.3875,2.532470703125,1.571533203125,-4.514404296875
0.388,1.451416015625,2.812744140625,-4.554443359375
0.3885,0.690673828125,3.453369140625,-4.474365234375
0.389,-0.270263671875,3.893798828125,-3.993896484375
0.3895,-0.950927734375,4.374267578125,-3.833740234375
0.39,-1.951904296875,4.494384765625,-2.912841796875
0.3905,-2.712646484375,4.614501953125,-2.272216796875
0.391,-4.073974609375,4.854736328125,-1.151123046875
0.3915,-4.354248046875,4.174072265625,-0.270263671875
0.392,-4.834716796875,3.973876953125,0.370361328125
0.3925,-4.914794921875,3.213134765625,1.171142578125
0.393,-4.994873046875,2.612548828125,1.851806640625
0.3935,-4.914794921875,1.571533203125,2.852783203125
0.394,-4.954833984375,0.770751953125,3.693603515625
0.3945,-4.114013671875,-0.390380859375,3.973876953125
0.395,-3.993896484375,-1.071044921875,4.494384765625
0.3955,-2.912841796875,-2.072021484375,4.414306640625
0.396,-2.432373046875,-2.712646484375,4.494384765625
0.3965,-1.311279296875,-3.913818359375,4.534423828125
0.397,-0.430419921875,-4.354248046875,4.134033203125
0.3975,0.290283203125,-4.674560546875,3.693603515625
0.398,1.091064453125,-4.994873046875,3.253173828125
0.3985,1.971923828125,-5.034912109375,2.412353515625
0.399,2.772705078125,-4.994873046875,1.611572265625
0.3995,3.813720703125,-5.155029296875,0.770751953125
0.4,3.893798828125,-4.434326171875,-0.150146484375
0.4005,4.334228515625,-4.394287109375,-0.590576171875
0.401,4.294189453125,-3.513427734375,-1.431396484375
0.4015,4.334228515625,-2.952880859375,-1.951904296875
0.402,4.414306640625,-1.911865234375,-2.952880859375
0.4025,4.214111328125,-1.151123046875,-3.553466796875
0.403,3.573486328125,-0.070068359375,-3.953857421875
0.4035,3.373291015625,0.610595703125,-4.354248046875
0.404,2.492431640625,1.571533203125,-4.434326171875
0.4045,1.931884765625,2.252197265625,-4.514404296875
0.405,0.970947265625,3.373291015625,-4.674560546875
0.4055,0.010009765625,3.773681640625,-4.073974609375
0.406,-0.630615234375,4.294189453125,-3.953857421875
0.4065,-1.631591796875,4.494384765625,-3.193115234375
0.407,-2.432373046875,4.614501953125,-2.512451171875
0.4075,-3.473388671875,4.614501953125,-1.591552734375
0.408,-4.314208984375,4.654541015625,-0.790771484375
0.4085,-4.474365234375,3.853759765625,0.170166015625
0.409,-4.914794921875,3.853759765625,0.610595703125
0.4095,-4.914794921875,2.812744140625,1.651611328125
0.41,-4.914794921875,2.212158203125,2.252197265625
0.4105,-4.954833984375,1.131103515625,3.333251953125
0.411,-4.594482421875,0.210205078125,3.853759765625
0.4115,-3.953857421875,-0.790771484375,4.134033203125
0.412,-3.593505859375,-1.471435546875,4.494384765625
0.4125,-2.552490234375,-2.592529296875,4.494384765625
0.413,-1.911865234375,-3.193115234375,4.494384765625
0.4135,-0.990966796875,-4.194091796875,4.494384765625
0.414,0.010009765625,-4.434326171875,3.773681640625
0.4145,0.570556640625,-4.874755859375,3.653564453125
0.415,1.731689453125,-4.994873046875,2.692626953125
0.4155,2.412353515625,-4.994873046875,1.971923828125
0.416,3.333251953125,-5.034912109375,1.051025390625
0.4165,3.853759765625,-4.834716796875,0.330322265625
0.417,3.973876953125,-4.154052734375,-0.470458984375
0.4175,4.254150390625,-3.953857421875,-0.870849609375
0.418,4.294189453125,-2.952880859375,-1.871826171875
0.4185,4.214111328125,-2.352294921875,-2.392333984375
0.419,4.294189453125,-1.431396484375,-3.313232421875
0.4195,3.693603515625,-0.510498046875,-3.673583984375
0.42,3.333251953125,0.290283203125,-4.033935546875
0.4205,2.732666015625,1.131103515625,-4.234130859375
0.421,1.971923828125,2.011962890625,-4.354248046875
0.4215,1.291259765625,2.732666015625,-4.354248046875
0.422,0.490478515625,3.533447265625,-4.354248046875
0.4225,-0.470458984375,3.813720703125,-3.673583984375
0.423,-0.950927734375,4.254150390625,-3.673583984375
0.4235,-2.192138671875,4.414306640625,-2.592529296875
0.424,-2.792724609375,4.414306640625,-2.072021484375
0.4245,-3.753662109375,4.414306640625,-1.111083984375
0.425,-4.194091796875,4.093994140625,-0.390380859375
0.4255,-4.474365234375,3.693603515625,0.370361328125
0.426,-4.674560546875,3.333251953125,0.970947265625
0.4265,-4.754638671875,2.332275390625,1.931884765625
0.427,-4.714599609375,1.651611328125,2.532470703125
0.4275,-4.754638671875,0.770751953125,3.493408203125
0.428,-4.033935546875,-0.310302734375,3.773681640625
0.4285,-3.833740234375,-0.990966796875,4.214111328125
0.429,-2.952880859375,-1.951904296875,4.334228515625
0.4295,-2.272216796875,-2.872802734375,4.454345703125
0.43,-1.391357421875,-3.553466796875,4.294189453125
0.4305,-0.590576171875,-4.234130859375,4.134033203125
0.431,0.290283203125,-4.434326171875,3.493408203125
0.4315,0.890869140625,-4.834716796875,3.293212890625
0.432,2.132080078125,-4.954833984375,2.132080078125
0.4325,2.732666015625,-4.914794921875,1.531494140625
0.433,3.493408203125,-4.834716796875,0.690673828125
0.4335,3.773681640625,-4.314208984375,0.010009765625
0.434,3.933837890625,-3.913818359375,-0.590576171875
0.4345,4.053955078125,-3.353271484375,-1.271240234375
0.435,4.134033203125,-2.512451171875,-2.112060546875
0.4355,3.973876953125,-1.791748046875,-2.672607421875
0.436,3.973876953125,-0.990966796875,-3.433349609375
0.4365,3.173095703125,0.010009765625,-3.593505859375
0.437,3.093017578125,0.530517578125,-4.033935546875
0.4375,2.132080078125,1.571533203125,-4.114013671875
0.438,1.651611328125,2.252197265625,-4.274169921875
0.4385,0.810791015625,2.932861328125,-4.073974609375
0.439,0.050048828125,3.493408203125,-3.873779296875
0.4395,-0.630615234375,3.733642578125,-3.393310546875
0.44,-1.351318359375,4.053955078125,-3.113037109375
0.4405,-2.432373046875,4.134033203125,-2.152099609375
0.441,-3.072998046875,4.174072265625,-1.591552734375
0.4415,-3.793701171875,4.134033203125,-0.790771484375
0.442,-4.033935546875,3.653564453125,0.010009765625
0.4425,-4.354248046875,3.493408203125,0.490478515625
0.443,-4.474365234375,2.652587890625,1.331298828125
0.4435,-4.594482421875,2.052001953125,2.092041015625
0.444,-4.394287109375,1.171142578125,2.732666015625
0.4445,-4.354248046875,0.450439453125,3.453369140625
0.445,-3.593505859375,-0.630615234375,3.693603515625
0.4455,-3.553466796875,-1.151123046875,4.134033203125
0.446,-2.432373046875,-2.352294921875,4.134033203125
0.4465,-1.951904296875,-2.952880859375,4.294189453125
0.447,-0.990966796875,-3.673583984375,4.013916015625
0.4475,-0.270263671875,-4.154052734375,3.773681640625
0.448,0.490478515625,-4.434326171875,3.293212890625
0.4485,1.291259765625,-4.754638671875,2.692626953125
0.449,2.412353515625,-4.834716796875,1.771728515625
0.4495,2.852783203125,-4.634521484375,1.131103515625
0.45,3.533447265625,-4.554443359375,0.490478515625
0.4505,3.653564453125,-3.913818359375,-0.310302734375
0.451,3.893798828125,-3.753662109375,-0.710693359375
0.4515,3.893798828125,-2.752685546875,-1.671630859375
0.452,4.013916015625,-2.232177734375,-2.312255859375
0.4525,3.733642578125,-1.271240234375,-2.912841796875
0.453,3.573486328125,-0.590576171875,-3.473388671875
0.4535,2.852783203125,0.330322265625,-3.593505859375
0.454,2.652587890625,0.930908203125,-3.993896484375
0.4545,1.651611328125,2.052001953125,-4.073974609375
0.455,1.211181640625,2.532470703125,-4.073974609375
0.4555,0.370361328125,3.173095703125,-3.873779296875
0.456,-0.350341796875,3.453369140625,-3.513427734375
0.4565,-0.990966796875,3.813720703125,-3.193115234375
0.457,-1.951904296875,3.973876953125,-2.432373046875
0.4575,-2.872802734375,4.174072265625,-1.711669921875
0.458,-3.273193359375,3.853759765625,-0.990966796875
0.4585,-3.873779296875,3.853759765625,-0.390380859375
0.459,-3.953857421875,3.173095703125,0.330322265625
0.4595,-4.234130859375,3.052978515625,0.730712890625
0.46,-4.274169921875,2.011962890625,1.811767578125
0.4605,-4.354248046875,1.571533203125,2.332275390625
0.461,-4.154052734375,0.610595703125,3.012939453125
0.4615,-3.833740234375,-0.150146484375,3.413330078125
0.462,-3.353271484375,-0.950927734375,3.693603515625
0.4625,-2.872802734375,-1.631591796875,3.893798828125
0.463,-2.072021484375,-2.712646484375,4.134033203125
0.4635,-1.431396484375,-3.113037109375,3.853759765625
0.464,-0.710693359375,-3.833740234375,3.853759765625
0.4645,0.090087890625,-4.073974609375,3.333251953125
0.465,0.690673828125,-4.514404296875,3.093017578125
0.4655,1.811767578125,-4.514404296875,2.092041015625
0.466,2.572509765625,-4.714599609375,1.531494140625
0.4665,3.012939453125,-4.354248046875,0.730712890625
0.467,3.453369140625,-4.234130859375,0.250244140625
0.4675,3.533447265625,-3.673583984375,-0.470458984375
0.468,3.773681640625,-3.353271484375,-0.990966796875
0.4685,3.893798828125,-2.432373046875,-2.031982421875
0.469,3.773681640625,-1.791748046875,-2.472412109375
0.4695,3.613525390625,-0.950927734375,-3.193115234375
0.47,3.052978515625,-0.110107421875,-3.393310546875
0.4705,2.812744140625,0.570556640625,-3.793701171875
0.471,2.052001953125,1.451416015625,-3.873779296875
0.4715,1.491455078125,2.292236328125,-4.154052734375
0.472,0.690673828125,2.612548828125,-3.713623046875
0.4725,0.130126953125,3.253173828125,-3.833740234375
0.473,-0.630615234375,3.373291015625,-3.193115234375
0.4735,-1.271240234375,3.853759765625,-2.912841796875
0.474,-2.472412109375,3.973876953125,-1.871826171875
0.4745,-3.032958984375,3.973876953125,-1.351318359375
0.475,-3.553466796875,3.693603515625,-0.590576171875
0.4755,-3.833740234375,3.453369140625,-0.070068359375
0.476,-3.993896484375,3.012939453125,0.610595703125
0.4765,-4.073974609375,2.412353515625,1.211181640625
0.477,-4.354248046875,1.771728515625,2.172119140625
0.4775,-3.993896484375,0.970947265625,2.532470703125
0.478,-4.033935546875,0.250244140625,3.253173828125
0.4785,-3.313232421875,-0.630615234375,3.373291015625
0.479,-3.193115234375,-1.231201171875,3.853759765625
0.4795,-2.272216796875,-2.232177734375,3.853759765625
0.48,-1.791748046875,-2.912841796875,4.013916015625
0.4805,-0.910888671875,-3.353271484375,3.573486328125
0.481,-0.350341796875,-3.953857421875,3.613525390625
0.4815,0.490478515625,-4.073974609375,3.012939453125
0.482,1.131103515625,-4.394287109375,2.612548828125
0.4825,2.332275390625,-4.634521484375,1.651611328125
0.483,2.692626953125,-4.354248046875,1.091064453125
0.4835,3.333251953125,-4.314208984375,0.450439453125
0.484,3.413330078125,-3.833740234375,-0.150146484375
0.4845,3.693603515625,-3.553466796875,-0.750732421875
0.485,3.693603515625,-2.672607421875,-1.551513671875
0.4855,3.973876953125,-2.112060546875,-2.392333984375
0.486,3.453369140625,-1.151123046875,-2.752685546875
0.4865,3.493408203125,-0.590576171875,-3.393310546875
0.487,2.732666015625,0.370361328125,-3.513427734375
0.4875,2.532470703125,0.970947265625,-3.873779296875
0.488,1.571533203125,2.052001953125,-4.073974609375
0.4885,0.970947265625,2.572509765625,-3.993896484375
0.489,0.210205078125,3.093017578125,-3.713623046875
0.4895,-0.390380859375,3.533447265625,-3.513427734375
0.49,-1.231201171875,3.773681640625,-2.912841796875
0.4905,-1.991943359375,3.933837890625,-2.312255859375
0.491,-3.153076171875,4.214111328125,-1.471435546875
0.4915,-3.393310546875,3.693603515625,-0.670654296875
0.492,-4.033935546875,3.813720703125,-0.190185546875
0.4925,-4.033935546875,3.052978515625,0.530517578125
0.493,-4.314208984375,2.772705078125,1.091064453125
0.4935,-4.314208984375,1.771728515625,2.092041015625
0.494,-4.434326171875,1.211181640625,2.772705078125
0.4945,-3.873779296875,0.130126953125,3.213134765625
0.495,-3.833740234375,-0.470458984375,3.693603515625
0.4955,-2.992919921875,-1.351318359375,3.773681640625
0.496,-2.632568359375,-2.031982421875,3.973876953125
0.4965,-1.671630859375,-3.193115234375,4.134033203125
0.497,-0.950927734375,-3.553466796875,3.773681640625
0.4975,-0.270263671875,-4.033935546875,3.653564453125
0.498,0.490478515625,-4.234130859375,3.133056640625
0.4985,1.251220703125,-4.514404296875,2.612548828125
0.499,2.172119140625,-4.514404296875,1.771728515625
0.4995,3.052978515625,-4.754638671875,1.131103515625
0.5,3.253173828125,-4.114013671875,0.290283203125
0.5005,3.733642578125,-4.194091796875,-0.070068359375
0.501,3.733642578125,-3.353271484375,-0.910888671875
0.5015,3.853759765625,-3.032958984375,-1.431396484375
0.502,4.013916015625,-2.072021484375,-2.472412109375
0.5025,3.853759765625,-1.351318359375,-2.952880859375
0.503,3.413330078125,-0.390380859375,-3.473388671875
0.5035,3.133056640625,0.250244140625,-3.793701171875
0.504,2.452392578125,1.091064453125,-3.993896484375
0.5045,1.931884765625,1.851806640625,-4.154052734375
0.505,1.131103515625,2.812744140625,-4.354248046875
0.5055,0.210205078125,3.213134765625,-3.793701171875
0.506,-0.310302734375,3.813720703125,-3.833740234375
0.5065,-1.271240234375,3.973876953125,-3.032958984375
0.507,-1.991943359375,4.214111328125,-2.552490234375
0.5075,-3.113037109375,4.334228515625,-1.591552734375
0.508,-3.793701171875,4.294189453125,-0.910888671875
0.5085,-4.033935546875,3.693603515625,0.010009765625
0.509,-4.474365234375,3.693603515625,0.370361328125
0.5095,-4.514404296875,2.692626953125,1.371337890625
0.51,-4.554443359375,2.212158203125,1.931884765625
0.5105,-4.754638671875,1.211181640625,3.093017578125
0.511,-4.274169921875,0.290283203125,3.493408203125
0.5115,-3.913818359375,-0.590576171875,3.973876953125
0.512,-3.393310546875,-1.351318359375,4.134033203125
0.5125,-2.592529296875,-2.392333984375,4.334228515625
0.513,-1.871826171875,-3.072998046875,4.334228515625
0.5135,-0.990966796875,-4.033935546875,4.334228515625
0.514,0.010009765625,-4.234130859375,3.653564453125
0.5145,0.490478515625,-4.754638671875,3.653564453125
0.515,1.691650390625,-4.834716796875,2.532470703125
0.5155,2.292236328125,-4.914794921875,1.971923828125
0.516,3.333251953125,-4.914794921875,1.010986328125
0.5165,3.773681640625,-4.634521484375,0.290283203125
0.517,3.933837890625,-4.073974609375,-0.470458984375
0.5175,4.134033203125,-3.793701171875,-0.910888671875
0.518,4.174072265625,-2.832763671875,-1.871826171875
0.5185,4.093994140625,-2.192138671875,-2.392333984375
0.519,4.214111328125,-1.311279296875,-3.353271484375
0.5195,3.533447265625,-0.350341796875,-3.593505859375
0.52,3.293212890625,0.330322265625,-4.114013671875
0.5205,2.532470703125,1.291259765625,-4.194091796875
0.521,1.931884765625,2.052001953125,-4.354248046875
0.5215,1.131103515625,2.852783203125,-4.314208984375
0.522,0.330322265625,3.573486328125,-4.234130859375
0.5225,-0.590576171875,3.853759765625,-3.593505859375
0.523,-1.071044921875,4.294189453125,-3.553466796875
0.5235,-2.312255859375,4.454345703125,-2.432373046875
0.524,-2.912841796875,4.494384765625,-1.911865234375
0.5245,-3.913818359375,4.494384765625,-0.990966796875
0.525,-4.314208984375,4.053955078125,-0.150146484375
0.5255,-4.634521484375,3.693603515625,0.530517578125
0.526,-4.794677734375,3.173095703125,1.211181640625
0.5265,-4.914794921875,2.252197265625,2.252197265625
0.527,-4.794677734375,1.451416015625,2.852783203125
0.5275,-4.834716796875,0.570556640625,3.813720703125
0.528,-3.993896484375,-0.630615234375,3.973876953125
0.5285,-3.833740234375,-1.271240234375,4.494384765625
0.529,-2.752685546875,-2.392333984375,4.534423828125
0.5295,-2.072021484375,-3.193115234375,4.614501953125
0.53,-1.111083984375,-3.993896484375,4.414306640625
0.5305,-0.230224609375,-4.634521484375,4.174072265625
0.531,0.690673828125,-4.794677734375,3.453369140625
0.5315,1.331298828125,-5.155029296875,3.173095703125
0.532,2.692626953125,-5.195068359375,1.891845703125
0.5325,3.213134765625,-5.074951171875,1.251220703125
0.533,4.013916015625,-4.914794921875,0.330322265625
0.5335,4.214111328125,-4.354248046875,-0.470458984375
0.534,4.334228515625,-3.873779296875,-0.990966796875
0.5345,4.414306640625,-3.153076171875,-1.791748046875
0.535,4.414306640625,-2.232177734375,-2.712646484375
0.5355,4.134033203125,-1.391357421875,-3.193115234375
0.536,4.093994140625,-0.630615234375,-3.953857421875
0.5365,3.133056640625,0.450439453125,-4.033935546875
0.537,3.012939453125,1.010986328125,-4.394287109375
0.5375,1.851806640625,2.212158203125,-4.394287109375
0.538,1.291259765625,2.812744140625,-4.474365234375
0.5385,0.370361328125,3.533447265625,-4.194091796875
0.539,-0.430419921875,3.973876953125,-3.913818359375
0.5395,-1.151123046875,4.134033203125,-3.353271484375
0.54,-1.911865234375,4.494384765625,-2.952880859375
0.5405,-3.113037109375,4.534423828125,-1.831787109375
0.541,-3.593505859375,4.414306640625,-1.231201171875
0.5415,-4.354248046875,4.374267578125,-0.390380859375
0.542,-4.514404296875,3.693603515625,0.450439453125
0.5425,-4.834716796875,3.493408203125,0.930908203125
0.543,-4.834716796875,2.492431640625,1.931884765625
0.5435,-4.994873046875,1.771728515625,2.692626953125
0.544,-4.634521484375,0.770751953125,3.333251953125
0.5445,-4.554443359375,0.010009765625,4.013916015625
0.545,-3.593505859375,-1.111083984375,4.174072265625
0.5455,-3.513427734375,-1.631591796875,4.574462890625
0.546,-2.192138671875,-3.072998046875,4.574462890625
0.5465,-1.631591796875,-3.593505859375,4.574462890625
0.547,-0.630615234375,-4.314208984375,4.214111328125
0.5475,0.250244140625,-4.754638671875,3.853759765625
0.548,1.010986328125,-4.914794921875,3.253173828125
0.5485,1.931884765625,-5.155029296875,2.612548828125
0.549,3.133056640625,-5.275146484375,1.531494140625
0.5495,3.533447265625,-4.874755859375,0.770751953125
0.55,4.174072265625,-4.794677734375,0.010009765625
0.5505,4.214111328125,-3.993896484375,-0.790771484375
0.551,4.454345703125,-3.713623046875,-1.271240234375
0.5515,4.374267578125,-2.552490234375,-2.352294921875
0.552,4.414306640625,-1.951904296875,-3.072998046875
0.5525,3.933837890625,-0.870849609375,-3.553466796875
0.553,3.773681640625,-0.070068359375,-4.114013671875
0.5535,2.812744140625,0.890869140625,-4.154052734375
0.554,2.572509765625,1.491455078125,-4.434326171875
0.5545,1.411376953125,2.732666015625,-4.474365234375
0.555,0.810791015625,3.173095703125,-4.274169921875
0.5555,-0.110107421875,3.813720703125,-3.993896484375
0.556,-0.830810546875,4.013916015625,-3.553466796875
0.5565,-1.471435546875,4.254150390625,-3.153076171875
0.557,-2.512451171875,4.334228515625,-2.232177734375
0.5575,-3.553466796875,4.534423828125,-1.391357421875
0.558,-3.833740234375,4.013916015625,-0.630615234375
0.5585,-4.434326171875,4.013916015625,0.010009765625
0.559,-4.434326171875,3.213134765625,0.770751953125
0.5595,-4.674560546875,3.052978515625,1.211181640625
0.56,-4.714599609375,1.811767578125,2.372314453125
0.5605,-4.674560546875,1.291259765625,2.852783203125
0.561,-4.314208984375,0.290283203125,3.533447265625
0.5615,-4.033935546875,-0.510498046875,3.973876953125
0.562,-3.353271484375,-1.391357421875,4.134033203125
0.5625,-2.872802734375,-2.072021484375,4.374267578125
0.563,-1.871826171875,-3.353271484375,4.534423828125
0.5635,-1.151123046875,-3.713623046875,4.134033203125
0.564,-0.310302734375,-4.434326171875,4.093994140625
0.5645,0.530517578125,-4.594482421875,3.453369140625
0.565,1.211181640625,-4.954833984375,3.093017578125
0.5655,2.412353515625,-4.994873046875,1.971923828125
0.566,3.253173828125,-5.155029296875,1.291259765625
0.5665,3.613525390625,-4.514404296875,0.330322265625
0.567,4.134033203125,-4.514404296875,-0.190185546875
0.5675,4.214111328125,-3.673583984375,-1.071044921875
0.568,4.254150390625,-3.313232421875,-1.551513671875
0.5685,4.334228515625,-2.192138671875,-2.752685546875
0.569,4.053955078125,-1.431396484375,-3.153076171875
0.5695,3.773681640625,-0.470458984375,-3.793701171875
0.57,3.173095703125,0.330322265625,-3.953857421875
0.5705,2.612548828125,1.131103515625,-4.154052734375
0.571,1.931884765625,1.931884765625,-4.194091796875
0.5715,1.131103515625,2.972900390625,-4.474365234375
0.572,0.250244140625,3.213134765625,-3.833740234375
0.5725,-0.350341796875,3.853759765625,-3.873779296875
0.573,-1.151123046875,3.853759765625,-3.072998046875
0.5735,-1.751708984375,4.174072265625,-2.792724609375
0.574,-2.992919921875,4.214111328125,-1.631591796875
0.5745,-3.553466796875,4.214111328125,-1.031005859375
0.575,-3.953857421875,3.773681640625,-0.190185546875
0.5755,-4.354248046875,3.573486328125,0.370361328125
0.576,-4.354248046875,2.852783203125,0.970947265625
0.5765,-4.394287109375,2.332275390625,1.531494140625
0.577,-4.634521484375,1.571533203125,2.612548828125
0.5775,-4.154052734375,0.770751953125,2.892822265625
0.578,-4.154052734375,0.010009765625,3.693603515625
0.5785,-3.433349609375,-0.910888671875,3.773681640625
0.579,-3.193115234375,-1.551513671875,4.134033203125
0.5795,-2.232177734375,-2.552490234375,4.134033203125
0.58,-1.631591796875,-3.353271484375,4.334228515625
0.5805,-0.670654296875,-3.713623046875,3.773681640625
0.581,-0.150146484375,-4.354248046875,3.853759765625
0.5815,0.770751953125,-4.434326171875,3.012939453125
0.582,1.451416015625,-4.754638671875,2.652587890625
0.5825,2.732666015625,-4.914794921875,1.571533203125
0.583,3.133056640625,-4.674560546875,0.930908203125
0.5835,3.773681640625,-4.434326171875,0.050048828125
0.584,3.853759765625,-4.033935546875,-0.390380859375
0.5845,4.053955078125,-3.553466796875,-1.111083984375
0.585,3.973876953125,-2.632568359375,-1.871826171875
0.5855,4.294189453125,-1.951904296875,-2.872802734375
0.586,3.573486328125,-0.950927734375,-3.193115234375
0.5865,3.573486328125,-0.270263671875,-3.793701171875
0.587,2.732666015625,0.690673828125,-3.833740234375
0.5875,2.412353515625,1.291259765625,-4.114013671875
0.588,1.451416015625,2.412353515625,-4.194091796875
0.5885,0.770751953125,2.972900390625,-4.114013671875
0.589,0.010009765625,3.333251953125,-3.633544921875
0.5895,-0.590576171875,3.773681640625,-3.553466796875
0.59,-1.511474609375,3.893798828125,-2.752685546875
0.5905,-2.192138671875,4.013916015625,-2.192138671875
0.591,-3.353271484375,4.294189453125,-1.311279296875
0.5915,-3.633544921875,3.653564453125,-0.590576171875
0.592,-4.073974609375,3.693603515625,-0.070068359375
0.5925,-4.194091796875,3.012939453125,0.690673828125
0.593,-4.314208984375,2.692626953125,1.211181640625
0.5935,-4.274169921875,1.771728515625,2.052001953125
0.594,-4.434326171875,1.171142578125,2.812744140625
0.5945,-3.793701171875,0.130126953125,3.173095703125
0.595,-3.873779296875,-0.390380859375,3.693603515625
0.5955,-2.952880859375,-1.311279296875,3.693603515625
0.596,-2.712646484375,-1.951904296875,3.973876953125
0.5965,-1.711669921875,-2.992919921875,4.134033203125
0.597,-1.071044921875,-3.353271484375,3.853759765625
0.5975,-0.350341796875,-3.913818359375,3.653564453125
0.598,0.290283203125,-4.194091796875,3.253173828125
0.5985,1.131103515625,-4.434326171875,2.692626953125
0.599,1.931884765625,-4.514404296875,1.931884765625
0.5995,2.932861328125,-4.754638671875,1.291259765625
0.6,3.133056640625,-4.194091796875,0.450439453125
0.6005,3.773681640625,-4.314208984375,0.010009765625
0.601,3.693603515625,-3.473388671875,-0.710693359375
0.6015,3.853759765625,-3.153076171875,-1.271240234375
0.602,3.973876953125,-2.192138671875,-2.272216796875
0.6025,3.853759765625,-1.551513671875,-2.832763671875
0.603,3.373291015625,-0.550537109375,-3.273193359375
0.6035,3.173095703125,0.050048828125,-3.673583984375
0.604,2.492431640625,0.970947265625,-3.833740234375
0.6045,1.971923828125,1.651611328125,-3.993896484375
0.605,1.211181640625,2.612548828125,-4.194091796875
0.6055,0.370361328125,2.972900390625,-3.713623046875
0.606,-0.150146484375,3.493408203125,-3.713623046875
0.6065,-1.031005859375,3.653564453125,-2.952880859375
0.607,-1.751708984375,3.893798828125,-2.552490234375
0.6075,-2.712646484375,3.893798828125,-1.711669921875
0.608,-3.353271484375,3.973876953125,-1.111083984375
0.6085,-3.673583984375,3.413330078125,-0.270263671875
0.609,-3.993896484375,3.493408203125,0.090087890625
0.6095,-3.993896484375,2.692626953125,0.930908203125
0.61,-4.154052734375,2.252197265625,1.451416015625
0.6105,-4.314208984375,1.411376953125,2.492431640625
0.611,-3.993896484375,0.650634765625,2.852783203125
0.6115,-3.713623046875,-0.190185546875,3.373291015625
0.612,-3.313232421875,-0.830810546875,3.573486328125
0.6125,-2.712646484375,-1.671630859375,3.813720703125
0.613,-2.112060546875,-2.432373046875,3.893798828125
0.6135,-1.391357421875,-3.193115234375,3.973876953125
0.614,-0.590576171875,-3.553466796875,3.493408203125
0.6145,-0.150146484375,-4.114013671875,3.573486328125
0.615,0.890869140625,-4.194091796875,2.692626953125
0.6155,1.531494140625,-4.474365234375,2.292236328125
0.616,2.532470703125,-4.554443359375,1.411376953125
0.6165,2.972900390625,-4.434326171875,0.810791015625
0.617,3.293212890625,-4.033935546875,0.170166015625
0.6175,3.533447265625,-3.833740234375,-0.270263671875
0.618,3.693603515625,-3.113037109375,-1.151123046875
0.6185,3.773681640625,-2.552490234375,-1.751708984375
0.619,3.933837890625,-1.791748046875,-2.632568359375
0.6195,3.373291015625,-0.910888671875,-2.992919921875
0.62,3.253173828125,-0.190185546875,-3.553466796875
0.6205,2.612548828125,0.610595703125,-3.713623046875
0.621,2.172119140625,1.411376953125,-3.913818359375
0.6215,1.411376953125,2.252197265625,-4.033935546875
0.622,0.730712890625,2.892822265625,-3.953857421875
0.6225,-0.070068359375,3.173095703125,-3.473388671875
0.623,-0.590576171875,3.653564453125,-3.473388671875
0.6235,-1.671630859375,3.773681640625,-2.512451171875
0.624,-2.272216796875,3.933837890625,-2.072021484375
0.6245,-3.233154296875,3.973876953125,-1.231201171875
0.625,-3.553466796875,3.693603515625,-0.550537109375
0.6255,-3.873779296875,3.453369140625,0.010009765625
0.626,-4.033935546875,3.012939453125,0.610595703125
0.6265,-4.194091796875,2.292236328125,1.451416015625
0.627,-4.194091796875,1.611572265625,2.092041015625
0.6275,-4.354248046875,0.930908203125,2.932861328125
0.628,-3.633544921875,-0.070068359375,3.213134765625
0.6285,-3.713623046875,-0.630615234375,3.773681640625
0.629,-2.752685546875,-1.631591796875,3.813720703125
0.6295,-2.312255859375,-2.352294921875,4.093994140625
0.63,-1.431396484375,-3.193115234375,3.973876953125
0.6305,-0.710693359375,-3.713623046875,3.853759765625
0.631,0.010009765625,-4.033935546875,3.373291015625
0.6315,0.690673828125,-4.514404296875,3.133056640625
0.632,1.811767578125,-4.554443359375,2.132080078125
0.6325,2.412353515625,-4.674560546875,1.571533203125
0.633,3.213134765625,-4.594482421875,0.810791015625
0.6335,3.413330078125,-4.114013671875,0.090087890625
0.634,3.733642578125,-3.913818359375,-0.390380859375
0.6345,3.853759765625,-3.193115234375,-1.191162109375
0.635,3.933837890625,-2.512451171875,-1.951904296875
0.6355,3.813720703125,-1.751708984375,-2.592529296875
0.636,3.773681640625,-0.990966796875,-3.273193359375
0.6365,3.012939453125,0.010009765625,-3.473388671875
0.637,2.972900390625,0.570556640625,-3.913818359375
0.6375,1.931884765625,1.611572265625,-3.953857421875
0.638,1.531494140625,2.252197265625,-4.154052734375
0.6385,0.650634765625,2.972900390625,-3.993896484375
0.639,-0.110107421875,3.413330078125,-3.673583984375
0.6395,-0.670654296875,3.653564453125,-3.353271484375
0.64,-1.551513671875,3.973876953125,-2.872802734375
0.6405,-2.552490234375,4.093994140625,-1.951904296875
0.641,-3.153076171875,4.093994140625,-1.311279296875
0.6415,-3.833740234375,4.053955078125,-0.590576171875
0.642,-3.993896484375,3.453369140625,0.130126953125
0.6425,-4.354248046875,3.333251953125,0.570556640625
0.643,-4.354248046875,2.372314453125,1.571533203125
0.6435,-4.514404296875,1.811767578125,2.252197265625
0.644,-4.314208984375,0.890869140625,2.932861328125
0.6445,-4.194091796875,0.130126953125,3.533447265625
0.645,-3.513427734375,-0.830810546875,3.773681640625
0.6455,-3.313232421875,-1.431396484375,4.134033203125
0.646,-2.192138671875,-2.632568359375,4.214111328125
0.6465,-1.671630859375,-3.193115234375,4.214111328125
0.647,-0.710693359375,-3.993896484375,4.053955078125
0.6475,0.090087890625,-4.394287109375,3.653564453125
0.648,0.730712890625,-4.674560546875,3.253173828125
0.6485,1.771728515625,-4.954833984375,2.492431640625
0.649,2.852783203125,-5.034912109375,1.531494140625
0.6495,3.333251953125,-4.674560546875,0.810791015625
0.65,3.973876953125,-4.634521484375,0.090087890625
0.6505,3.973876953125,-3.873779296875,-0.630615234375
0.651,4.214111328125,-3.633544921875,-1.151123046875
0.6515,4.214111328125,-2.432373046875,-2.272216796875
0.652,4.214111328125,-1.871826171875,-2.912841796875
0.6525,3.853759765625,-0.790771484375,-3.553466796875
0.653,3.533447265625,0.010009765625,-3.953857421875
0.6535,2.772705078125,0.890869140625,-4.033935546875
0.654,2.332275390625,1.571533203125,-4.314208984375
0.6545,1.291259765625,2.732666015625,-4.354248046875
0.655,0.650634765625,3.133056640625,-4.114013671875
0.6555,-0.190185546875,3.733642578125,-3.953857421875
0.656,-0.910888671875,3.853759765625,-3.353271484375
0.6565,-1.551513671875,4.134033203125,-3.072998046875
0.657,-2.672607421875,4.334228515625,-1.991943359375
0.6575,-3.553466796875,4.414306640625,-1.271240234375
0.658,-3.913818359375,3.973876953125,-0.470458984375
0.6585,-4.474365234375,3.893798828125,0.170166015625
0.659,-4.434326171875,3.173095703125,0.850830078125
0.6595,-4.634521484375,2.852783203125,1.331298828125
0.66,-4.714599609375,1.731689453125,2.492431640625
0.6605,-4.554443359375,1.131103515625,3.012939453125
0.661,-4.354248046875,0.130126953125,3.733642578125
0.6615,-3.873779296875,-0.710693359375,4.013916015625
0.662,-3.353271484375,-1.511474609375,4.294189453125
0.6625,-2.672607421875,-2.392333984375,4.414306640625
0.663,-1.751708984375,-3.553466796875,4.614501953125
0.6635,-0.910888671875,-3.913818359375,4.134033203125
0.664,-0.150146484375,-4.674560546875,4.134033203125
0.6645,0.770751953125,-4.834716796875,3.333251953125
0.665,1.451416015625,-5.114990234375,3.052978515625
0.6655,2.772705078125,-5.195068359375,1.771728515625
0.666,3.613525390625,-5.235107421875,1.010986328125
0.6665,3.973876953125,-4.634521484375,0.050048828125
0.667,4.494384765625,-4.514404296875,-0.550537109375
0.6675,4.414306640625,-3.633544921875,-1.311279296875
0.668,4.494384765625,-3.072998046875,-1.951904296875
0.6685,4.614501953125,-1.951904296875,-3.193115234375
0.669,4.134033203125,-1.031005859375,-3.593505859375
0.6695,3.853759765625,-0.070068359375,-4.194091796875
0.67,3.133056640625,0.810791015625,-4.314208984375
0.6705,2.532470703125,1.571533203125,-4.514404296875
0.671,1.611572265625,2.532470703125,-4.514404296875
0.6715,0.810791015625,3.533447265625,-4.634521484375
0.672,-0.190185546875,3.693603515625,-3.913818359375
0.6725,-0.790771484375,4.334228515625,-3.913818359375
0.673,-1.671630859375,4.294189453125,-2.952880859375
0.6735,-2.272216796875,4.534423828125,-2.552490234375
0.674,-3.593505859375,4.574462890625,-1.311279296875
0.6745,-4.114013671875,4.334228515625,-0.630615234375
0.675,-4.514404296875,3.853759765625,0.210205078125
0.6755,-4.714599609375,3.573486328125,0.730712890625
0.676,-4.714599609375,2.852783203125,1.411376953125
0.6765,-4.674560546875,2.172119140625,2.092041015625
0.677,-4.954833984375,1.251220703125,3.213134765625
0.6775,-4.274169921875,0.290283203125,3.453369140625
0.678,-4.234130859375,-0.510498046875,4.174072265625
0.6785,-3.393310546875,-1.351318359375,4.174072265625
0.679,-3.072998046875,-2.072021484375,4.494384765625
0.6795,-2.031982421875,-3.193115234375,4.454345703125
0.68,-1.271240234375,-3.993896484375,4.494384765625
0.6805,-0.270263671875,-4.354248046875,3.853759765625
0.681,0.330322265625,-4.874755859375,3.893798828125
0.6815,1.291259765625,-4.914794921875,2.932861328125
0.682,2.011962890625,-5.114990234375,2.492431640625
0.6825,3.413330078125,-5.315185546875,1.291259765625
0.683,3.773681640625,-4.874755859375,0.530517578125
0.6835,4.254150390625,-4.594482421875,-0.270263671875
0.684,4.414306640625,-4.073974609375,-0.910888671875
0.6845,4.494384765625,-3.393310546875,-1.631591796875
0.685,4.414306640625,-2.472412109375,-2.472412109375
0.6855,4.614501953125,-1.631591796875,-3.553466796875
0.686,3.773681640625,-0.510498046875,-3.793701171875
0.6865,3.733642578125,0.250244140625,-4.394287109375
0.687,2.692626953125,1.291259765625,-4.354248046875
0.6875,2.252197265625,1.891845703125,-4.554443359375
0.688,1.211181640625,3.052978515625,-4.554443359375
0.6885,0.330322265625,3.613525390625,-4.354248046875
0.689,-0.510498046875,3.973876953125,-3.793701171875
0.6895,-1.151123046875,4.374267578125,-3.553466796875
0.69,-2.152099609375,4.414306640625,-2.592529296875
0.6905,-2.832763671875,4.454345703125,-1.951904296875
0.691,-3.993896484375,4.614501953125,-0.990966796875
0.6915,-4.154052734375,3.893798828125,-0.150146484375
0.692,-4.634521484375,3.813720703125,0.410400390625
0.6925,-4.554443359375,3.012939453125,1.131103515625
0.693,-4.674560546875,2.492431640625,1.771728515625
0.6935,-4.594482421875,1.531494140625,2.612548828125
0.694,-4.674560546875,0.770751953125,3.373291015625
0.6945,-3.873779296875,-0.310302734375,3.653564453125
0.695,-3.873779296875,-0.830810546875,4.174072265625
0.6955,-2.912841796875,-1.871826171875,4.134033203125
0.696,-2.552490234375,-2.472412109375,4.334228515625
0.6965,-1.511474609375,-3.593505859375,4.334228515625
0.697,-0.710693359375,-3.913818359375,3.973876953125
0.6975,0.010009765625,-4.474365234375,3.773681640625
0.698,0.770751953125,-4.674560546875,3.333251953125
0.6985,1.651611328125,-4.874755859375,2.572509765625
0.699,2.492431640625,-4.954833984375,1.851806640625
0.6995,3.493408203125,-5.114990234375,1.010986328125
0.7,3.693603515625,-4.394287109375,0.130126953125
0.7005,4.214111328125,-4.474365234375,-0.310302734375
0.701,4.174072265625,-3.553466796875,-1.231201171875
0.7015,4.334228515625,-3.032958984375,-1.831787109375
0.702,4.334228515625,-1.991943359375,-2.872802734375
0.7025,4.214111328125,-1.231201171875,-3.513427734375
0.703,3.533447265625,-0.150146484375,-3.833740234375
0.7035,3.333251953125,0.490478515625,-4.274169921875
0.704,2.332275390625,1.571533203125,-4.354248046875
0.7045,1.811767578125,2.212158203125,-4.514404296875
0.705,0.890869140625,3.293212890625,-4.514404296875
0.7055,-0.070068359375,3.613525390625,-3.873779296875
0.706,-0.630615234375,4.053955078125,-3.753662109375
0.7065,-1.631591796875,4.254150390625,-2.912841796875
0.707,-2.472412109375,4.334228515625,-2.272216796875
0.7075,-3.273193359375,4.294189453125,-1.391357421875
0.708,-3.993896484375,4.254150390625,-0.670654296875
0.7085,-4.114013671875,3.533447265625,0.170166015625
0.709,-4.474365234375,3.533447265625,0.530517578125
0.7095,-4.434326171875,2.492431640625,1.491455078125
0.71,-4.474365234375,1.971923828125,1.971923828125
0.7105,-4.514404296875,1.091064453125,2.932861328125
0.711,-4.114013671875,0.290283203125,3.333251953125
0.7115,-3.713623046875,-0.630615234375,3.693603515625
0.712,-3.313232421875,-1.231201171875,3.933837890625
0.7125,-2.552490234375,-2.192138671875,4.013916015625
0.713,-1.951904296875,-2.752685546875,4.134033203125
0.7135,-1.151123046875,-3.633544921875,4.134033203125
0.714,-0.310302734375,-3.873779296875,3.533447265625
0.7145,0.170166015625,-4.434326171875,3.573486328125
0.715,1.251220703125,-4.514404296875,2.692626953125
0.7155,1.931884765625,-4.714599609375,2.212158203125
0.716,2.812744140625,-4.754638671875,1.331298828125
0.7165,3.333251953125,-4.594482421875,0.690673828125
0.717,3.613525390625,-4.154052734375,0.010009765625
0.7175,3.893798828125,-3.993896484375,-0.510498046875
0.718,4.013916015625,-3.113037109375,-1.431396484375
0.7185,4.053955078125,-2.552490234375,-2.031982421875
0.719,4.134033203125,-1.631591796875,-3.032958984375
0.7195,3.613525390625,-0.790771484375,-3.353271484375
0.72,3.333251953125,0.010009765625,-3.873779296875
0.7205,2.732666015625,0.890869140625,-4.073974609375
0.721,2.052001953125,1.771728515625,-4.194091796875
0.7215,1.371337890625,2.532470703125,-4.234130859375
0.722,0.570556640625,3.253173828125,-4.154052734375
0.7225,-0.310302734375,3.533447265625,-3.553466796875
0.723,-0.830810546875,3.973876953125,-3.513427734375
0.7235,-1.991943359375,4.093994140625,-2.432373046875
0.724,-2.672607421875,4.174072265625,-1.911865234375
0.7245,-3.513427734375,4.134033203125,-1.031005859375
0.725,-3.833740234375,3.813720703125,-0.350341796875
0.7255,-4.073974609375,3.373291015625,0.250244140625
0.726,-4.234130859375,2.972900390625,0.850830078125
0.7265,-4.314208984375,2.132080078125,1.731689453125
0.727,-4.274169921875,1.531494140625,2.252197265625
0.7275,-4.314208984375,0.690673828125,3.093017578125
0.728,-3.633544921875,-0.270263671875,3.253173828125
0.7285,-3.593505859375,-0.790771484375,3.773681640625
0.729,-2.712646484375,-1.751708984375,3.853759765625
0.7295,-2.232177734375,-2.432373046875,4.053955078125
0.73,-1.391357421875,-3.153076171875,3.893798828125
0.7305,-0.710693359375,-3.713623046875,3.813720703125
0.731,0.010009765625,-3.953857421875,3.333251953125
0.7315,0.610595703125,-4.394287109375,3.133056640625
0.732,1.731689453125,-4.474365234375,2.172119140625
0.7325,2.292236328125,-4.594482421875,1.691650390625
0.733,3.052978515625,-4.514404296875,0.930908203125
0.7335,3.253173828125,-4.114013671875,0.290283203125
0.734,3.653564453125,-3.913818359375,-0.270263671875
0.7345,3.693603515625,-3.273193359375,-0.990966796875
0.735,3.853759765625,-2.672607421875,-1.751708984375
0.7355,3.773681640625,-1.951904296875,-2.392333984375
0.736,3.853759765625,-1.231201171875,-3.113037109375
0.7365,3.093017578125,-0.310302734375,-3.353271484375
0.737,3.093017578125,0.330322265625,-3.873779296875
0.7375,2.092041015625,1.411376953125,-3.873779296875
0.738,1.731689453125,2.052001953125,-4.154052734375
0.7385,0.890869140625,2.732666015625,-3.993896484375
0.739,0.130126953125,3.253173828125,-3.753662109375
0.7395,-0.510498046875,3.533447265625,-3.393310546875
0.74,-1.311279296875,3.893798828125,-2.912841796875
0.7405,-2.312255859375,4.013916015625,-2.031982421875
0.741,-2.872802734375,3.973876953125,-1.471435546875
0.7415,-3.553466796875,3.933837890625,-0.750732421875
0.742,-3.713623046875,3.373291015625,-0.110107421875
0.7425,-4.073974609375,3.253173828125,0.370361328125
0.743,-4.073974609375,2.412353515625,1.251220703125
0.7435,-4.314208984375,1.851806640625,1.931884765625
0.744,-4.033935546875,1.010986328125,2.532470703125
0.7445,-3.993896484375,0.290283203125,3.133056640625
0.745,-3.353271484375,-0.510498046875,3.333251953125
0.7455,-3.233154296875,-1.031005859375,3.773681640625
0.746,-2.272216796875,-2.152099609375,3.853759765625
0.7465,-1.871826171875,-2.672607421875,3.933837890625
0.747,-1.031005859375,-3.353271484375,3.773681640625
0.7475,-0.350341796875,-3.753662109375,3.453369140625
0.748,0.250244140625,-4.073974609375,3.213134765625
0.7485,1.171142578125,-4.314208984375,2.532470703125
0.749,2.052001953125,-4.514404296875,1.811767578125
0.7495,2.532470703125,-4.354248046875,1.211181640625
0.75,3.173095703125,-4.354248046875,0.610595703125
0.7505,3.253173828125,-3.793701171875,0.010009765625
0.751,3.613525390625,-3.713623046875,-0.510498046875
0.7515,3.653564453125,-2.712646484375,-1.471435546875
0.752,3.813720703125,-2.312255859375,-2.031982421875
0.7525,3.613525390625,-1.431396484375,-2.752685546875
0.753,3.333251953125,-0.630615234375,-3.193115234375
0.7535,2.852783203125,0.130126953125,-3.473388671875
0.754,2.532470703125,0.810791015625,-3.793701171875
0.7545,1.771728515625,1.851806640625,-3.993896484375
0.755,1.251220703125,2.292236328125,-3.873779296875
0.7555,0.490478515625,3.052978515625,-3.833740234375
0.756,-0.270263671875,3.253173828125,-3.353271484375
0.7565,-0.830810546875,3.693603515625,-3.193115234375
0.757,-1.911865234375,3.853759765625,-2.272216796875
0.7575,-2.712646484375,4.053955078125,-1.671630859375
0.758,-3.193115234375,3.773681640625,-0.990966796875
0.7585,-3.713623046875,3.693603515625,-0.390380859375
0.759,-3.793701171875,3.133056640625,0.250244140625
0.7595,-4.073974609375,2.852783203125,0.730712890625
0.76,-4.154052734375,1.931884765625,1.771728515625
0.7605,-4.154052734375,1.371337890625,2.252197265625
0.761,-4.033935546875,0.610595703125,2.972900390625
0.7615,-3.593505859375,-0.230224609375,3.253173828125
0.762,-3.273193359375,-0.910888671875,3.653564453125
0.7625,-2.592529296875,-1.751708984375,3.773681640625
0.763,-1.951904296875,-2.632568359375,4.013916015625
0.7635,-1.271240234375,-3.072998046875,3.693603515625
0.764,-0.630615234375,-3.793701171875,3.733642578125
0.7645,0.130126953125,-3.913818359375,3.173095703125
0.765,0.770751953125,-4.394287109375,2.972900390625
0.7655,1.971923828125,-4.514404296875,1.931884765625
0.766,2.612548828125,-4.594482421875,1.371337890625
0.7665,3.133056640625,-4.314208984375,0.610595703125
0.767,3.533447265625,-4.154052734375,0.050048828125
0.7675,3.653564453125,-3.673583984375,-0.590576171875
0.768,3.813720703125,-3.153076171875,-1.271240234375
0.7685,4.013916015625,-2.312255859375,-2.312255859375
0.769,3.693603515625,-1.471435546875,-2.672607421875
0.7695,3.653564453125,-0.670654296875,-3.393310546875
0.77,2.932861328125,0.170166015625,-3.553466796875
0.7705,2.692626953125,0.850830078125,-3.913818359375
0.771,1.771728515625,1.851806640625,-3.993896484375
0.7715,1.211181640625,2.612548828125,-4.154052734375
0.772,0.330322265625,3.012939453125,-3.713623046875
0.7725,-0.270263671875,3.573486328125,-3.713623046875
0.773,-1.031005859375,3.653564453125,-2.952880859375
0.7735,-1.671630859375,3.973876953125,-2.632568359375
0.774,-2.912841796875,4.134033203125,-1.591552734375
0.7745,-3.353271484375,3.893798828125,-0.990966796875
0.775,-3.833740234375,3.693603515625,-0.270263671875
0.7755,-4.033935546875,3.253173828125,0.290283203125
0.776,-4.194091796875,2.852783203125,0.890869140625
0.7765,-4.194091796875,2.052001953125,1.611572265625
0.777,-4.514404296875,1.451416015625,2.572509765625
0.7775,-3.993896484375,0.610595703125,2.892822265625
0.778,-3.993896484375,-0.150146484375,3.573486328125
0.7785,-3.193115234375,-0.990966796875,3.653564453125
0.779,-3.032958984375,-1.591552734375,4.013916015625
0.7795,-1.991943359375,-2.712646484375,4.093994140625
0.78,-1.391357421875,-3.353271484375,4.093994140625
0.7805,-0.590576171875,-3.833740234375,3.733642578125
0.781,0.050048828125,-4.314208984375,3.573486328125
0.7815,0.890869140625,-4.434326171875,2.932861328125
0.782,1.731689453125,-4.674560546875,2.372314453125
0.7825,2.932861328125,-4.954833984375,1.411376953125
0.783,3.253173828125,-4.474365234375,0.650634765625
0.7835,3.853759765625,-4.514404296875,0.010009765625
0.784,3.893798828125,-3.873779296875,-0.670654296875
0.7845,4.134033203125,-3.433349609375,-1.311279296875
0.785,4.134033203125,-2.432373046875,-2.272216796875
0.7855,4.294189453125,-1.671630859375,-3.153076171875
0.786,3.613525390625,-0.630615234375,-3.513427734375
0.7865,3.533447265625,0.130126953125,-4.073974609375
0.787,2.612548828125,1.091064453125,-4.114013671875
0.7875,2.212158203125,1.771728515625,-4.354248046875
0.788,1.171142578125,2.972900390625,-4.474365234375
0.7885,0.330322265625,3.453369140625,-4.114013671875
0.789,-0.390380859375,3.853759765625,-3.793701171875
0.7895,-1.191162109375,4.134033203125,-3.353271484375
0.79,-2.031982421875,4.294189453125,-2.552490234375
0.7905,-2.872802734375,4.294189453125,-1.791748046875
0.791,-3.953857421875,4.494384765625,-0.910888671875
0.7915,-4.033935546875,3.653564453125,-0.070068359375
0.792,-4.554443359375,3.693603515625,0.410400390625
0.7925,-4.434326171875,2.772705078125,1.211181640625
0.793,-4.514404296875,2.372314453125,1.771728515625
0.7935,-4.554443359375,1.331298828125,2.732666015625
0.794,-4.434326171875,0.610595703125,3.333251953125
0.7945,-3.873779296875,-0.390380859375,3.693603515625
0.795,-3.673583984375,-0.990966796875,4.093994140625
0.7955,-2.832763671875,-1.871826171875,4.093994140625
0.796,-2.312255859375,-2.552490234375,4.214111328125
0.7965,-1.351318359375,-3.673583984375,4.374267578125
0.797,-0.510498046875,-3.993896484375,3.853759765625
0.7975,0.090087890625,-4.514404296875,3.813720703125
0.798,0.970947265625,-4.674560546875,3.133056640625
0.7985,1.771728515625,-4.914794921875,2.532470703125
0.799,2.772705078125,-4.994873046875,1.611572265625
0.7995,3.653564453125,-5.114990234375,0.810791015625
0.8,3.853759765625,-4.434326171875,0.010009765625
0.8005,4.334228515625,-4.474365234375,-0.510498046875
0.801,4.374267578125,-3.433349609375,-1.471435546875
0.8015,4.414306640625,-2.872802734375,-2.072021484375
0.802,4.534423828125,-1.831787109375,-3.193115234375
0.8025,4.134033203125,-0.910888671875,-3.793701171875
0.803,3.573486328125,0.130126953125,-4.154052734375
0.8035,3.173095703125,0.930908203125,-4.514404296875
0.804,2.212158203125,1.971923828125,-4.554443359375
0.8045,1.531494140625,2.692626953125,-4.554443359375
0.805,0.610595703125,3.773681640625,-4.634521484375
0.8055,-0.470458984375,3.973876953125,-3.873779296875
0.806,-1.031005859375,4.454345703125,-3.753662109375
0.8065,-2.232177734375,4.614501953125,-2.712646484375
0.807,-2.912841796875,4.534423828125,-1.991943359375
0.8075,-3.833740234375,4.494384765625,-1.071044921875
0.808,-4.514404296875,4.334228515625,-0.270263671875
0.8085,-4.514404296875,3.533447265625,0.530517578125
0.809,-4.834716796875,3.373291015625,1.010986328125
0.8095,-4.754638671875,2.292236328125,2.052001953125
0.81,-4.674560546875,1.651611328125,2.532470703125
0.8105,-4.714599609375,0.730712890625,3.493408203125
0.811,-4.114013671875,-0.230224609375,3.813720703125
0.8115,-3.753662109375,-0.990966796875,4.134033203125
0.812,-3.153076171875,-1.791748046875,4.294189453125
0.8125,-2.312255859375,-2.672607421875,4.374267578125
0.813,-1.591552734375,-3.353271484375,4.334228515625
0.8135,-0.790771484375,-4.194091796875,4.294189453125
0.814,0.130126953125,-4.394287109375,3.573486328125
0.8145,0.610595703125,-4.834716796875,3.533447265625
0.815,1.851806640625,-4.994873046875,2.492431640625
0.8155,2.492431640625,-5.074951171875,1.931884765625
0.816,3.413330078125,-5.114990234375,0.970947265625
0.8165,3.893798828125,-4.794677734375,0.250244140625
0.817,4.134033203125,-4.234130859375,-0.430419921875
0.8175,4.414306640625,-3.953857421875,-0.990966796875
0.818,4.454345703125,-2.912841796875,-2.072021484375
0.8185,4.414306640625,-2.272216796875,-2.632568359375
0.819,4.494384765625,-1.271240234375,-3.633544921875
0.8195,3.693603515625,-0.230224609375,-3.953857421875
0.82,3.453369140625,0.530517578125,-4.354248046875
0.8205,2.612548828125,1.571533203125,-4.514404296875
0.821,1.811767578125,2.492431640625,-4.634521484375
0.8215,1.010986328125,3.173095703125,-4.514404296875
0.822,0.050048828125,3.973876953125,-4.354248046875
0.8225,-0.830810546875,4.134033203125,-3.633544921875
0.823,-1.431396484375,4.534423828125,-3.473388671875
0.8235,-2.752685546875,4.534423828125,-2.232177734375
0.824,-3.393310546875,4.534423828125,-1.591552734375
0.8245,-4.154052734375,4.374267578125,-0.630615234375
0.825,-4.514404296875,3.933837890625,0.170166015625
0.8255,-4.634521484375,3.453369140625,0.770751953125
0.826,-4.754638671875,2.852783203125,1.531494140625
0.8265,-4.794677734375,1.891845703125,2.452392578125
0.827,-4.554443359375,1.131103515625,2.932861328125
0.8275,-4.514404296875,0.290283203125,3.733642578125
0.828,-3.713623046875,-0.710693359375,3.893798828125
0.8285,-3.553466796875,-1.271240234375,4.294189453125
0.829,-2.512451171875,-2.432373046875,4.294189453125
0.8295,-1.911865234375,-3.153076171875,4.374267578125
0.83,-1.031005859375,-3.793701171875,4.134033203125
0.8305,-0.270263671875,-4.354248046875,3.893798828125
0.831,0.530517578125,-4.514404296875,3.333251953125
0.8315,1.211181640625,-4.874755859375,3.012939453125
0.832,2.372314453125,-4.914794921875,1.931884765625
0.8325,2.892822265625,-4.874755859375,1.331298828125
0.833,3.613525390625,-4.754638671875,0.570556640625
0.8335,3.853759765625,-4.234130859375,-0.190185546875
0.834,4.134033203125,-3.993896484375,-0.670654296875
0.8345,4.174072265625,-3.233154296875,-1.551513671875
0.835,4.334228515625,-2.512451171875,-2.352294921875
0.8355,4.093994140625,-1.631591796875,-2.952880859375
0.836,4.093994140625,-0.830810546875,-3.713623046875
0.8365,3.213134765625,0.250244140625,-3.873779296875
0.837,3.173095703125,0.810791015625,-4.354248046875
0.8375,1.971923828125,2.011962890625,-4.354248046875
0.838,1.531494140625,2.692626953125,-4.554443359375
0.8385,0.570556640625,3.373291015625,-4.234130859375
0.839,-0.310302734375,3.933837890625,-3.953857421875
0.8395,-0.990966796875,4.093994140625,-3.473388671875
0.84,-1.911865234375,4.454345703125,-2.912841796875
0.8405,-3.072998046875,4.494384765625,-1.871826171875
0.841,-3.553466796875,4.334228515625,-1.151123046875
0.8415,-4.274169921875,4.214111328125,-0.350341796875
0.842,-4.394287109375,3.533447265625,0.450439453125
0.8425,-4.634521484375,3.253173828125,0.970947265625
0.843,-4.634521484375,2.252197265625,1.931884765625
0.8435,-4.714599609375,1.571533203125,2.652587890625
0.844,-4.314208984375,0.610595703125,3.173095703125
0.8445,-4.154052734375,-0.150146484375,3.773681640625
0.845,-3.353271484375,-1.071044921875,3.853759765625
0.8455,-3.153076171875,-1.631591796875,4.174072265625
0.846,-1.991943359375,-2.792724609375,4.174072265625
0.8465,-1.471435546875,-3.273193359375,4.134033203125
0.847,-0.630615234375,-3.913818359375,3.853759765625
0.8475,0.130126953125,-4.314208984375,3.493408203125
0.848,0.730712890625,-4.514404296875,3.093017578125
0.8485,1.691650390625,-4.714599609375,2.332275390625
0.849,2.612548828125,-4.834716796875,1.571533203125
0.8495,3.012939453125,-4.514404296875,0.890869140625
0.85,3.613525390625,-4.474365234375,0.290283203125
0.8505,3.653564453125,-3.833740234375,-0.390380859375
0.851,3.973876953125,-3.673583984375,-0.830810546875
0.8515,3.973876953125,-2.592529296875,-1.871826171875
0.852,4.093994140625,-2.152099609375,-2.472412109375
0.8525,3.813720703125,-1.151123046875,-3.153076171875
0.853,3.533447265625,-0.390380859375,-3.593505859375
0.8535,2.932861328125,0.490478515625,-3.833740234375
0.854,2.572509765625,1.171142578125,-4.154052734375
0.8545,1.651611328125,2.252197265625,-4.314208984375
0.855,1.091064453125,2.692626953125,-4.114013671875
0.8555,0.250244140625,3.373291015625,-4.033935546875
0.856,-0.550537109375,3.653564453125,-3.553466796875
0.8565,-1.191162109375,4.053955078125,-3.273193359375
0.857,-2.272216796875,4.174072265625,-2.272216796875
0.8575,-3.193115234375,4.374267578125,-1.591552734375
0.858,-3.593505859375,3.933837890625,-0.790771484375
0.8585,-4.154052734375,3.893798828125,-0.190185546875
0.859,-4.154052734375,3.173095703125,0.570556640625
0.8595,-4.434326171875,2.892822265625,1.091064453125
0.86,-4.514404296875,1.891845703125,2.172119140625
0.8605,-4.394287109375,1.251220703125,2.692626953125
0.861,-4.154052734375,0.330322265625,3.333251953125
0.8615,-3.673583984375,-0.510498046875,3.653564453125
0.862,-3.193115234375,-1.231201171875,3.853759765625
0.8625,-2.552490234375,-2.031982421875,3.973876953125
0.863,-1.791748046875,-3.032958984375,4.174072265625
0.8635,-1.031005859375,-3.353271484375,3.733642578125
0.864,-0.390380859375,-4.033935546875,3.773681640625
0.8645,0.370361328125,-4.154052734375,3.093017578125
0.865,0.970947265625,-4.514404296875,2.852783203125
0.8655,2.132080078125,-4.554443359375,1.811767578125
0.866,2.772705078125,-4.634521484375,1.291259765625
0.8665,3.173095703125,-4.274169921875,0.490478515625
0.867,3.573486328125,-4.114013671875,0.010009765625
0.8675,3.693603515625,-3.553466796875,-0.630615234375
0.868,3.813720703125,-3.072998046875,-1.271240234375
0.8685,4.013916015625,-2.272216796875,-2.272216796875
0.869,3.693603515625,-1.551513671875,-2.672607421875
0.8695,3.653564453125,-0.750732421875,-3.353271484375
0.87,2.932861328125,0.130126953125,-3.513427734375
0.8705,2.732666015625,0.770751953125,-3.913818359375
0.871,1.891845703125,1.731689453125,-3.953857421875
0.8715,1.371337890625,2.412353515625,-4.194091796875
0.872,0.490478515625,2.852783203125,-3.713623046875
0.8725,-0.070068359375,3.413330078125,-3.793701171875
0.873,-0.910888671875,3.573486328125,-3.072998046875
0.8735,-1.551513671875,3.933837890625,-2.752685546875
0.874,-2.712646484375,4.093994140625,-1.751708984375
0.8745,-3.193115234375,3.933837890625,-1.151123046875
0.875,-3.713623046875,3.733642578125,-0.470458984375
0.8755,-3.913818359375,3.373291015625,0.130126953125
0.876,-4.154052734375,2.972900390625,0.730712890625
0.8765,-4.154052734375,2.252197265625,1.451416015625
0.877,-4.434326171875,1.611572265625,2.372314453125
0.8775,-3.953857421875,0.770751953125,2.692626953125
0.878,-3.993896484375,0.090087890625,3.373291015625
0.8785,-3.193115234375,-0.790771484375,3.493408203125
0.879,-3.072998046875,-1.431396484375,3.853759765625
0.8795,-2.112060546875,-2.512451171875,3.933837890625
0.88,-1.591552734375,-3.072998046875,3.973876953125
0.8805,-0.790771484375,-3.553466796875,3.573486328125
0.881,-0.190185546875,-3.953857421875,3.493408203125
0.8815,0.610595703125,-4.114013671875,2.892822265625
0.882,1.371337890625,-4.354248046875,2.372314453125
0.8825,2.452392578125,-4.634521484375,1.571533203125
0.883,2.772705078125,-4.234130859375,0.890869140625
0.8835,3.333251953125,-4.274169921875,0.370361328125
0.884,3.413330078125,-3.673583984375,-0.310302734375
0.8845,3.693603515625,-3.393310546875,-0.830810546875
0.885,3.693603515625,-2.512451171875,-1.751708984375
0.8855,3.893798828125,-1.951904296875,-2.432373046875
0.886,3.373291015625,-0.990966796875,-2.872802734375
0.8865,3.333251953125,-0.430419921875,-3.353271484375
0.887,2.612548828125,0.490478515625,-3.553466796875
0.8875,2.372314453125,1.091064453125,-3.833740234375
0.888,1.531494140625,2.132080078125,-4.073974609375
0.8885,0.850830078125,2.532470703125,-3.833740234375
0.889,0.210205078125,3.133056640625,-3.673583984375
0.8895,-0.510498046875,3.413330078125,-3.273193359375
0.89,-1.231201171875,3.693603515625,-2.872802734375
0.8905,-2.112060546875,3.853759765625,-2.072021484375
0.891,-3.032958984375,4.093994140625,-1.431396484375
0.8915,-3.273193359375,3.533447265625,-0.630615234375
0.892,-3.793701171875,3.653564453125,-0.270263671875
0.8925,-3.833740234375,2.932861328125,0.490478515625
0.893,-4.114013671875,2.652587890625,0.970947265625
0.8935,-4.194091796875,1.771728515625,1.971923828125
0.894,-4.154052734375,1.171142578125,2.532470703125
0.8945,-3.793701171875,0.250244140625,3.052978515625
0.895,-3.593505859375,-0.350341796875,3.413330078125
0.8955,-2.992919921875,-1.231201171875,3.533447265625
0.896,-2.512451171875,-1.951904296875,3.813720703125
0.8965,-1.791748046875,-2.912841796875,3.973876953125
0.897,-0.990966796875,-3.193115234375,3.573486328125
0.8975,-0.510498046875,-3.833740234375,3.693603515625
0.898,0.370361328125,-3.993896484375,3.012939453125
0.8985,1.051025390625,-4.314208984375,2.652587890625
0.899,2.092041015625,-4.474365234375,1.771728515625
0.8995,2.772705078125,-4.514404296875,1.211181640625
0.9,3.052978515625,-4.073974609375,0.450439453125
0.9005,3.493408203125,-4.114013671875,0.050048828125
0.901,3.573486328125,-3.393310546875,-0.790771484375
0.9015,3.733642578125,-2.912841796875,-1.351318359375
0.902,3.973876953125,-2.112060546875,-2.392333984375
0.9025,3.653564453125,-1.271240234375,-2.832763671875
0.903,3.413330078125,-0.510498046875,-3.393310546875
0.9035,2.892822265625,0.290283203125,-3.673583984375
0.904,2.412353515625,1.010986328125,-3.913818359375
0.9045,1.771728515625,1.931884765625,-4.033935546875
0.905,1.051025390625,2.812744140625,-4.154052734375
0.9055,0.130126953125,3.093017578125,-3.593505859375
0.906,-0.310302734375,3.653564453125,-3.673583984375
0.9065,-1.391357421875,3.813720703125,-2.752685546875
0.907,-2.031982421875,3.973876953125,-2.352294921875
0.9075,-3.072998046875,4.134033203125,-1.391357421875
0.908,-3.553466796875,3.893798828125,-0.750732421875
0.9085,-3.833740234375,3.533447265625,0.010009765625
0.909,-4.114013671875,3.213134765625,0.450439453125
0.9095,-4.154052734375,2.492431640625,1.211181640625
0.91,-4.194091796875,1.891845703125,1.891845703125
0.9105,-4.394287109375,1.131103515625,2.772705078125
0.911,-3.833740234375,0.210205078125,3.093017578125
0.9115,-3.713623046875,-0.430419921875,3.573486328125
0.912,-3.032958984375,-1.271240234375,3.693603515625
0.9125,-2.552490234375,-1.951904296875,3.933837890625
0.913,-1.791748046875,-2.872802734375,3.973876953125
0.9135,-1.111083984375,-3.513427734375,3.933837890625
0.914,-0.310302734375,-3.793701171875,3.453369140625
0.9145,0.210205078125,-4.274169921875,3.453369140625
0.915,1.291259765625,-4.434326171875,2.532470703125
0.9155,1.931884765625,-4.554443359375,2.052001953125
0.916,2.892822265625,-4.754638671875,1.251220703125
0.9165,3.253173828125,-4.354248046875,0.490478515625
0.917,3.653564453125,-4.154052734375,0.010009765625
0.9175,3.853759765625,-3.673583984375,-0.710693359375
0.918,3.933837890625,-2.992919921875,-1.471435546875
0.9185,3.973876953125,-2.272216796875,-2.272216796875
0.919,4.134033203125,-1.511474609375,-3.113037109375
0.9195,3.413330078125,-0.510498046875,-3.473388671875
0.92,3.373291015625,0.130126953125,-3.993896484375
0.9205,2.492431640625,1.251220703125,-4.073974609375
0.921,1.931884765625,1.931884765625,-4.314208984375
0.9215,1.091064453125,2.852783203125,-4.314208984375
0.922,0.250244140625,3.493408203125,-4.033935546875
0.9225,-0.510498046875,3.773681640625,-3.593505859375
0.923,-1.271240234375,4.214111328125,-3.273193359375
0.9235,-2.432373046875,4.334228515625,-2.232177734375
0.924,-3.072998046875,4.294189453125,-1.591552734375
0.9245,-3.993896484375,4.334228515625,-0.750732421875
0.925,-4.194091796875,3.693603515625,0.090087890625
0.9255,-4.474365234375,3.493408203125,0.570556640625
0.926,-4.554443359375,2.652587890625,1.491455078125
0.9265,-4.554443359375,1.931884765625,2.212158203125
0.927,-4.434326171875,1.091064453125,2.892822265625
0.9275,-4.354248046875,0.250244140625,3.533447265625
0.928,-3.553466796875,-0.790771484375,3.693603515625
0.9285,-3.433349609375,-1.271240234375,4.134033203125
0.929,-2.312255859375,-2.392333984375,4.134033203125
0.9295,-1.831787109375,-2.952880859375,4.134033203125
0.93,-0.950927734375,-3.793701171875,4.013916015625
0.9305,-0.150146484375,-4.154052734375,3.653564453125
0.931,0.450439453125,-4.434326171875,3.333251953125
0.9315,1.291259765625,-4.714599609375,2.772705078125
0.932,2.292236328125,-4.754638671875,1.851806640625
0.9325,2.892822265625,-4.674560546875,1.251220703125
0.933,3.613525390625,-4.674560546875,0.530517578125
0.9335,3.773681640625,-4.073974609375,-0.270263671875
0.934,4.053955078125,-3.993896484375,-0.630615234375
0.9345,4.134033203125,-3.032958984375,-1.631591796875
0.935,4.214111328125,-2.432373046875,-2.312255859375
0.9355,4.093994140625,-1.551513671875,-3.113037109375
0.936,3.933837890625,-0.750732421875,-3.713623046875
0.9365,3.213134765625,0.290283203125,-3.913818359375
0.937,3.052978515625,0.970947265625,-4.394287109375
0.9375,1.891845703125,2.212158203125,-4.474365234375
0.938,1.371337890625,2.812744140625,-4.514404296875
0.9385,0.410400390625,3.653564453125,-4.354248046875
0.939,-0.510498046875,4.053955078125,-3.873779296875
0.9395,-1.191162109375,4.334228515625,-3.513427734375
0.94,-2.272216796875,4.614501953125,-2.712646484375
0.9405,-3.353271484375,4.654541015625,-1.671630859375
0.941,-3.913818359375,4.374267578125,-0.910888671875
0.9415,-4.594482421875,4.294189453125,-0.070068359375
0.942,-4.634521484375,3.493408203125,0.770751953125
0.9425,-4.834716796875,3.173095703125,1.251220703125
0.943,-4.834716796875,1.971923828125,2.412353515625
0.9435,-4.834716796875,1.291259765625,3.012939453125
0.944,-4.434326171875,0.250244140625,3.653564453125
0.9445,-4.114013671875,-0.590576171875,4.134033203125
0.945,-3.313232421875,-1.431396484375,4.174072265625
0.9455,-2.912841796875,-2.152099609375,4.414306640625
0.946,-1.791748046875,-3.313232421875,4.454345703125
0.9465,-1.071044921875,-3.713623046875,4.134033203125
0.947,-0.270263671875,-4.394287109375,3.973876953125
0.9475,0.570556640625,-4.594482421875,3.413330078125
0.948,1.131103515625,-4.794677734375,3.052978515625
0.9485,2.252197265625,-4.954833984375,2.052001953125
0.949,3.133056640625,-4.994873046875,1.291259765625
0.9495,3.533447265625,-4.594482421875,0.490478515625
0.95,4.093994140625,-4.514404296875,-0.150146484375
0.9505,4.093994140625,-3.793701171875,-0.830810546875
0.951,4.294189453125,-3.553466796875,-1.271240234375
0.9515,4.334228515625,-2.432373046875,-2.432373046875
0.952,4.214111328125,-1.871826171875,-2.952880859375
0.9525,3.973876953125,-0.790771484375,-3.673583984375
0.953,3.493408203125,0.090087890625,-3.993896484375
0.9535,2.972900390625,0.890869140625,-4.234130859375
0.954,2.372314453125,1.731689453125,-4.434326171875
0.9545,1.451416015625,2.852783203125,-4.634521484375
0.955,0.690673828125,3.213134765625,-4.274169921875
0.9555,-0.150146484375,4.013916015625,-4.194091796875
0.956,-0.990966796875,4.134033203125,-3.513427734375
0.9565,-1.671630859375,4.494384765625,-3.193115234375
0.957,-2.952880859375,4.574462890625,-1.991943359375
0.9575,-3.753662109375,4.614501953125,-1.271240234375
0.958,-4.194091796875,4.134033203125,-0.350341796875
0.9585,-4.714599609375,3.973876953125,0.290283203125
0.959,-4.754638671875,3.093017578125,1.091064453125
0.9595,-4.834716796875,2.692626953125,1.611572265625
0.96,-4.954833984375,1.571533203125,2.852783203125
0.9605,-4.594482421875,0.810791015625,3.253173828125
0.961,-4.354248046875,-0.150146484375,3.973876953125
0.9615,-3.713623046875,-1.031005859375,4.134033203125
0.962,-3.193115234375,-1.751708984375,4.334228515625
0.9625,-2.312255859375,-2.712646484375,4.374267578125
0.963,-1.431396484375,-3.713623046875,4.494384765625
0.9635,-0.590576171875,-3.993896484375,3.893798828125
0.964,0.050048828125,-4.594482421875,3.853759765625
0.9645,0.930908203125,-4.634521484375,3.093017578125
0.965,1.571533203125,-4.874755859375,2.692626953125
0.9655,2.852783203125,-4.994873046875,1.531494140625
0.966,3.373291015625,-4.834716796875,0.890869140625
0.9665,3.813720703125,-4.434326171875,0.050048828125
0.967,4.174072265625,-4.154052734375,-0.590576171875
0.9675,4.134033203125,-3.553466796875,-1.151123046875
0.968,4.134033203125,-2.872802734375,-1.831787109375
0.9685,4.374267578125,-1.991943359375,-2.872802734375
0.969,3.813720703125,-1.151123046875,-3.193115234375
0.9695,3.773681640625,-0.350341796875,-3.873779296875
0.97,2.932861328125,0.610595703125,-3.913818359375
0.9705,2.692626953125,1.211181640625,-4.274169921875
0.971,1.691650390625,2.252197265625,-4.314208984375
0.9715,1.131103515625,3.012939453125,-4.434326171875
0.972,0.130126953125,3.413330078125,-3.873779296875
0.9725,-0.470458984375,3.973876953125,-3.873779296875
0.973,-1.351318359375,4.093994140625,-3.072998046875
0.9735,-2.031982421875,4.334228515625,-2.632568359375
0.974,-3.353271484375,4.534423828125,-1.591552734375
0.9745,-3.793701171875,4.214111328125,-0.870849609375
0.975,-4.434326171875,3.933837890625,0.010009765625
0.9755,-4.514404296875,3.493408203125,0.530517578125
0.976,-4.594482421875,3.012939453125,1.291259765625
0.9765,-4.594482421875,2.092041015625,2.052001953125
0.977,-4.834716796875,1.371337890625,3.012939453125
0.9775,-4.194091796875,0.330322265625,3.333251953125
0.978,-4.154052734375,-0.390380859375,3.973876953125
0.9785,-3.273193359375,-1.311279296875,4.013916015625
0.979,-2.912841796875,-1.951904296875,4.334228515625
0.9795,-1.871826171875,-3.153076171875,4.334228515625
0.98,-1.151123046875,-3.713623046875,4.174072265625
0.9805,-0.310302734375,-4.114013671875,3.733642578125
0.981,0.330322265625,-4.514404296875,3.533447265625
0.9815,1.211181640625,-4.634521484375,2.772705078125
0.982,1.971923828125,-4.754638671875,2.172119140625
0.9825,3.173095703125,-4.954833984375,1.251220703125
0.983,3.373291015625,-4.474365234375,0.370361328125
0.9835,3.853759765625,-4.394287109375,-0.110107421875
0.984,3.733642578125,-3.753662109375,-0.710693359375
0.9845,4.013916015625,-3.233154296875,-1.311279296875
0.985,3.973876953125,-2.272216796875,-2.232177734375
0.9855,4.093994140625,-1.631591796875,-2.912841796875
0.986,3.453369140625,-0.630615234375,-3.313232421875
0.9865,3.373291015625,0.010009765625,-3.793701171875
0.987,2.572509765625,0.890869140625,-3.873779296875
0.9875,2.212158203125,1.491455078125,-4.114013671875
0.988,1.331298828125,2.612548828125,-4.314208984375
0.9885,0.570556640625,3.012939453125,-3.873779296875
0.989,-0.110107421875,3.533447265625,-3.793701171875
0.9895,-0.790771484375,3.773681640625,-3.353271484375
0.99,-1.551513671875,4.013916015625,-2.832763671875
0.9905,-2.472412109375,4.134033203125,-1.991943359375
0.991,-3.393310546875,4.334228515625,-1.271240234375
0.9915,-3.673583984375,3.653564453125,-0.470458984375
0.992,-4.154052734375,3.853759765625,-0.110107421875
0.9925,-4.194091796875,3.012939453125,0.810791015625
0.993,-4.394287109375,2.612548828125,1.331298828125
0.9935,-4.514404296875,1.651611328125,2.372314453125
0.994,-4.394287109375,0.970947265625,2.892822265625
0.9945,-3.913818359375,0.010009765625,3.413330078125
0.995,-3.713623046875,-0.630615234375,3.813720703125
0.9955,-2.952880859375,-1.551513671875,3.933837890625
0.996,-2.432373046875,-2.272216796875,4.093994140625
0.9965,-1.591552734375,-3.273193359375,4.214111328125
0.997,-0.750732421875,-3.593505859375,3.733642578125
0.9975,-0.190185546875,-4.154052734375,3.733642578125
0.998,0.690673828125,-4.354248046875,3.052978515625
0.9985,1.411376953125,-4.554443359375,2.532470703125
0.999,2.412353515625,-4.714599609375,1.611572265625
0.9995,3.093017578125,-4.714599609375,0.970947265625
