wavelength,x,y,z
0.0,-0.2802734375,3.1630859375,-2.9228515625
0.0005,-1.0009765625,3.5234375,-2.642578125
0.001,-1.6015625,3.68359375,-2.2421875
0.0015,-1.9619140625,3.6435546875,-1.8818359375
0.002,-2.2822265625,3.36328125,-1.201171875
0.0025,-2.8828125,3.2431640625,-0.560546875
0.003,-3.1630859375,2.5625,0.400390625
0.0035,-3.5634765625,2.2822265625,1.041015625
0.004,-3.603515625,1.681640625,1.7216796875
0.0045,-3.4033203125,1.201171875,2.0419921875
0.005,-3.283203125,0.48046875,2.6025390625
0.0055,-2.962890625,-0.240234375,3.04296875
0.006,-2.5625,-1.041015625,3.4033203125
0.0065,-2.08203125,-1.6416015625,3.5634765625
0.007,-1.521484375,-2.2021484375,3.5634765625
0.0075,-0.7607421875,-2.5625,3.203125
0.008,-0.080078125,-3.203125,3.203125
0.0085,0.80078125,-3.4833984375,2.5224609375
0.009,1.4013671875,-3.84375,2.322265625
0.0095,1.9619140625,-3.8837890625,1.841796875
0.01,2.2421875,-3.68359375,1.44140625
0.0105,2.642578125,-3.4033203125,0.7607421875
0.011,3.1630859375,-3.0830078125,0.0
0.0115,3.443359375,-2.5224609375,-0.8408203125
0.012,3.68359375,-2.1220703125,-1.4814453125
0.0125,3.7236328125,-1.6015625,-2.0419921875
0.013,3.4833984375,-1.0009765625,-2.40234375
0.0135,3.443359375,-0.3203125,-3.0029296875
0.014,2.9228515625,0.48046875,-3.36328125
0.0145,2.6025390625,1.1611328125,-3.7236328125
0.015,2.0419921875,1.76171875,-3.8037109375
0.0155,1.44140625,2.2421875,-3.6435546875
0.016,0.640625,2.6826171875,-3.283203125
0.0165,-0.0400390625,3.1630859375,-3.203125
0.017,-0.9609375,3.4033203125,-2.5625
0.0175,-1.44140625,3.68359375,-2.3623046875
0.018,-1.9619140625,3.7236328125,-1.8818359375
0.0185,-2.2421875,3.4833984375,-1.361328125
0.019,-2.7626953125,3.3232421875,-0.720703125
0.0195,-3.1630859375,2.7626953125,0.2001953125
0.02,-3.4833984375,2.322265625,0.9208984375
0.0205,-3.5634765625,1.841796875,1.5615234375
0.021,-3.5634765625,1.4013671875,1.9619140625
0.0215,-3.2431640625,0.640625,2.40234375
0.022,-3.203125,0.0,3.0029296875
0.0225,-2.6025390625,-0.8408203125,3.3232421875
0.023,-2.2822265625,-1.44140625,3.6435546875
0.0235,-1.6416015625,-2.08203125,3.603515625
0.024,-1.0009765625,-2.482421875,3.4033203125
0.0245,-0.2802734375,-3.04296875,3.1630859375
0.025,0.48046875,-3.4833984375,2.8427734375
0.0255,1.3212890625,-3.8037109375,2.3623046875
0.026,1.8017578125,-3.8837890625,2.0419921875
0.0265,2.2822265625,-3.8837890625,1.6015625
0.027,2.5625,-3.4833984375,0.9609375
0.0275,3.1630859375,-3.4033203125,0.2802734375
0.028,3.4033203125,-2.6025390625,-0.6806640625
0.0285,3.763671875,-2.2822265625,-1.361328125
0.029,3.763671875,-1.681640625,-1.9619140625
0.0295,3.68359375,-1.201171875,-2.40234375
0.03,3.36328125,-0.4404296875,-2.8828125
0.0305,3.203125,0.240234375,-3.36328125
0.031,2.642578125,1.1611328125,-3.763671875
0.0315,2.2421875,1.681640625,-3.923828125
0.032,1.5615234375,2.2822265625,-3.84375
0.0325,0.7607421875,2.642578125,-3.4833984375
0.033,0.0400390625,3.2431640625,-3.36328125
0.0335,-0.9208984375,3.5234375,-2.72265625
0.034,-1.5615234375,3.84375,-2.322265625
0.0345,-2.001953125,3.8037109375,-1.8818359375
0.035,-2.482421875,3.763671875,-1.4013671875
0.0355,-2.802734375,3.3232421875,-0.640625
0.036,-3.36328125,3.0830078125,0.0400390625
0.0365,-3.5634765625,2.2421875,1.12109375
0.037,-3.84375,1.921875,1.681640625
0.0375,-3.7236328125,1.28125,2.2421875
0.038,-3.4833984375,0.640625,2.642578125
0.0385,-3.203125,-0.1201171875,3.1630859375
0.039,-2.7626953125,-0.9609375,3.5234375
0.0395,-2.2421875,-1.8017578125,3.84375
0.04,-1.6015625,-2.2822265625,3.763671875
0.0405,-1.0009765625,-2.8828125,3.7236328125
0.041,-0.080078125,-3.203125,3.203125
0.0415,0.6005859375,-3.8037109375,3.04296875
0.042,1.6416015625,-3.9638671875,2.2822265625
0.0425,2.2421875,-4.1640625,1.921875
0.043,2.642578125,-4.00390625,1.361328125
0.0435,3.04296875,-3.8037109375,0.80078125
0.044,3.36328125,-3.283203125,0.0
0.0445,3.84375,-2.8828125,-0.8408203125
0.045,4.00390625,-2.0419921875,-1.841796875
0.0455,4.0439453125,-1.5615234375,-2.322265625
0.046,3.923828125,-0.9208984375,-2.9228515625
0.0465,3.5234375,-0.2001953125,-3.2431640625
0.047,3.3232421875,0.5205078125,-3.7236328125
0.0475,2.6025390625,1.4814453125,-4.0439453125
0.048,2.1220703125,2.2021484375,-4.2841796875
0.0485,1.3212890625,2.6025390625,-3.9638671875
0.049,0.640625,3.123046875,-3.84375
0.0495,-0.2802734375,3.4033203125,-3.2431640625
0.05,-1.0009765625,3.8837890625,-2.962890625
0.0505,-2.0419921875,4.0439453125,-2.1220703125
0.051,-2.482421875,4.083984375,-1.7216796875
0.0515,-2.8828125,3.84375,-1.12109375
0.052,-3.203125,3.5234375,-0.5205078125
0.0525,-3.5634765625,3.04296875,0.2802734375
0.053,-3.8837890625,2.40234375,1.2412109375
0.0535,-4.083984375,1.7216796875,2.1220703125
0.054,-3.84375,1.1611328125,2.5224609375
0.0545,-3.763671875,0.5205078125,3.04296875
0.055,-3.203125,-0.2802734375,3.3232421875
0.0555,-2.962890625,-1.0009765625,3.8037109375
0.056,-2.2021484375,-1.9619140625,4.00390625
0.0565,-1.681640625,-2.5625,4.1240234375
0.057,-0.880859375,-3.04296875,3.763671875
0.0575,-0.16015625,-3.5234375,3.5234375
0.058,0.6806640625,-3.8037109375,3.04296875
0.0585,1.521484375,-4.1640625,2.6025390625
0.059,2.482421875,-4.3642578125,1.921875
0.0595,2.7626953125,-4.1640625,1.4013671875
0.06,3.2431640625,-4.00390625,0.80078125
0.0605,3.4833984375,-3.5234375,0.080078125
0.061,3.923828125,-3.0830078125,-0.720703125
0.0615,4.1240234375,-2.2822265625,-1.76171875
0.062,4.32421875,-1.681640625,-2.5224609375
0.0625,3.9638671875,-1.0009765625,-2.8828125
0.063,3.8837890625,-0.3603515625,-3.4033203125
0.0635,3.3232421875,0.48046875,-3.7236328125
0.064,3.04296875,1.201171875,-4.1640625
0.0645,2.2421875,2.162109375,-4.404296875
0.065,1.6015625,2.6025390625,-4.2841796875
0.0655,0.7607421875,3.123046875,-3.9638671875
0.066,-0.0400390625,3.5634765625,-3.5634765625
0.0665,-0.8408203125,3.8837890625,-3.0830078125
0.067,-1.76171875,4.1240234375,-2.482421875
0.0675,-2.5625,4.32421875,-1.841796875
0.068,-2.802734375,3.923828125,-1.28125
0.0685,-3.283203125,3.84375,-0.6806640625
0.069,-3.5234375,3.1630859375,0.1201171875
0.0695,-3.923828125,2.802734375,0.880859375
0.07,-4.083984375,1.921875,1.921875
0.0705,-4.1240234375,1.4013671875,2.5224609375
0.071,-3.7236328125,0.640625,2.8427734375
0.0715,-3.5634765625,0.0400390625,3.3232421875
0.072,-3.04296875,-0.80078125,3.6435546875
0.0725,-2.5625,-1.6015625,3.9638671875
0.073,-1.8818359375,-2.482421875,4.1640625
0.0735,-1.201171875,-2.8427734375,3.84375
0.074,-0.4404296875,-3.36328125,3.68359375
0.0745,0.3603515625,-3.6435546875,3.1630859375
0.075,1.1611328125,-4.0439453125,2.8427734375
0.0755,2.0419921875,-4.2041015625,2.162109375
0.076,2.6826171875,-4.3642578125,1.681640625
0.0765,2.8828125,-3.923828125,1.0810546875
0.077,3.4033203125,-3.84375,0.5205078125
0.0775,3.6435546875,-3.1630859375,-0.3603515625
0.078,4.0439453125,-2.7626953125,-1.1611328125
0.0785,4.1640625,-1.921875,-2.162109375
0.079,4.1240234375,-1.4013671875,-2.6025390625
0.0795,3.84375,-0.6806640625,-3.0830078125
0.08,3.603515625,0.0,-3.4833984375
0.0805,3.1630859375,0.7607421875,-3.8837890625
0.081,2.6025390625,1.5615234375,-4.1640625
0.0815,2.001953125,2.3623046875,-4.404296875
0.082,1.2412109375,2.72265625,-3.923828125
0.0825,0.48046875,3.3232421875,-3.8837890625
0.083,-0.4404296875,3.6435546875,-3.203125
0.0835,-1.1611328125,3.9638671875,-2.8828125
0.084,-2.08203125,4.1240234375,-2.162109375
0.0845,-2.5625,4.1240234375,-1.681640625
0.085,-2.8828125,3.763671875,-1.041015625
0.0855,-3.3232421875,3.5634765625,-0.4404296875
0.086,-3.6435546875,2.8828125,0.48046875
0.0865,-4.00390625,2.4423828125,1.28125
0.087,-4.1640625,1.6416015625,2.2421875
0.0875,-3.84375,1.12109375,2.5625
0.088,-3.68359375,0.400390625,3.123046875
0.0885,-3.2431640625,-0.400390625,3.443359375
0.089,-2.8828125,-1.201171875,3.84375
0.0895,-2.2021484375,-2.08203125,4.00390625
0.09,-1.5615234375,-2.6826171875,4.1240234375
0.0905,-0.6806640625,-3.04296875,3.6435546875
0.091,-0.0400390625,-3.5634765625,3.5634765625
0.0915,0.9208984375,-3.8837890625,2.8828125
0.092,1.6416015625,-4.2041015625,2.5224609375
0.0925,2.5224609375,-4.3642578125,1.841796875
0.093,2.8427734375,-4.1640625,1.28125
0.0935,3.2431640625,-3.84375,0.6806640625
0.094,3.6435546875,-3.4833984375,-0.0400390625
0.0945,3.923828125,-2.802734375,-1.0009765625
0.095,4.1240234375,-2.2421875,-1.8017578125
0.0955,4.32421875,-1.521484375,-2.642578125
0.096,3.84375,-0.80078125,-2.9228515625
0.0965,3.8037109375,-0.240234375,-3.5234375
0.097,3.203125,0.6005859375,-3.8037109375
0.0975,2.8427734375,1.361328125,-4.2041015625
0.098,2.1220703125,2.2822265625,-4.3642578125
0.0985,1.44140625,2.802734375,-4.2041015625
0.099,0.560546875,3.1630859375,-3.763671875
0.0995,-0.16015625,3.68359375,-3.5634765625
0.1,-1.1611328125,3.8837890625,-2.8427734375
0.1005,-1.8017578125,4.1240234375,-2.40234375
0.101,-2.6025390625,4.244140625,-1.76171875
0.1015,-2.8427734375,3.84375,-1.1611328125
0.102,-3.283203125,3.68359375,-0.5205078125
0.1025,-3.5634765625,3.04296875,0.2802734375
0.103,-3.8837890625,2.5224609375,1.1611328125
0.1035,-4.00390625,1.841796875,1.921875
0.104,-4.0439453125,1.28125,2.5224609375
0.1045,-3.5634765625,0.48046875,2.8427734375
0.105,-3.5234375,-0.0400390625,3.3232421875
0.1055,-2.8427734375,-1.0009765625,3.5634765625
0.106,-2.4423828125,-1.6416015625,3.923828125
0.1065,-1.76171875,-2.4423828125,4.00390625
0.107,-1.0810546875,-2.7626953125,3.7236328125
0.1075,-0.3203125,-3.2431640625,3.4833984375
0.108,0.4404296875,-3.6435546875,3.123046875
0.1085,1.28125,-3.8837890625,2.5625
0.109,1.921875,-4.1240234375,2.162109375
0.1095,2.482421875,-4.1640625,1.6416015625
0.11,2.6826171875,-3.7236328125,1.0810546875
0.1105,3.203125,-3.68359375,0.5205078125
0.111,3.4833984375,-2.962890625,-0.400390625
0.1115,3.84375,-2.642578125,-1.12109375
0.112,3.9638671875,-1.9619140625,-1.921875
0.1125,3.8837890625,-1.521484375,-2.2822265625
0.113,3.603515625,-0.80078125,-2.7626953125
0.1135,3.4833984375,-0.2001953125,-3.283203125
0.114,3.04296875,0.6806640625,-3.6435546875
0.1145,2.642578125,1.361328125,-3.923828125
0.115,2.0419921875,2.0419921875,-4.0439453125
0.1155,1.3212890625,2.3623046875,-3.7236328125
0.116,0.640625,3.0029296875,-3.6435546875
0.1165,-0.2001953125,3.3232421875,-3.123046875
0.117,-0.9208984375,3.68359375,-2.8427734375
0.1175,-1.6015625,3.84375,-2.322265625
0.118,-2.001953125,3.84375,-1.9619140625
0.1185,-2.322265625,3.5234375,-1.3212890625
0.119,-2.9228515625,3.4833984375,-0.720703125
0.1195,-3.2431640625,2.802734375,0.240234375
0.12,-3.603515625,2.5224609375,0.9208984375
0.1205,-3.8037109375,1.841796875,1.6416015625
0.121,-3.5634765625,1.4013671875,1.921875
0.1215,-3.4833984375,0.6806640625,2.5224609375
0.122,-3.1630859375,0.0,3.0029296875
0.1225,-2.7626953125,-0.80078125,3.4033203125
0.123,-2.322265625,-1.4814453125,3.6435546875
0.1235,-1.8017578125,-2.001953125,3.7236328125
0.124,-1.041015625,-2.4423828125,3.36328125
0.1245,-0.400390625,-3.0830078125,3.4033203125
0.125,0.48046875,-3.36328125,2.802734375
0.1255,1.12109375,-3.8037109375,2.6025390625
0.126,1.8017578125,-3.923828125,2.1220703125
0.1265,2.08203125,-3.84375,1.76171875
0.127,2.5224609375,-3.603515625,1.12109375
0.1275,3.0029296875,-3.36328125,0.3603515625
0.128,3.36328125,-2.7626953125,-0.5205078125
0.1285,3.68359375,-2.482421875,-1.2412109375
0.129,3.8037109375,-1.921875,-1.8818359375
0.1295,3.5234375,-1.3212890625,-2.2421875
0.13,3.5634765625,-0.640625,-2.8427734375
0.1305,3.1630859375,0.16015625,-3.2431640625
0.131,2.8828125,0.880859375,-3.7236328125
0.1315,2.322265625,1.5615234375,-3.84375
0.132,1.76171875,2.001953125,-3.8037109375
0.1325,0.9609375,2.482421875,-3.4833984375
0.133,0.2802734375,3.0830078125,-3.36328125
0.1335,-0.640625,3.36328125,-2.8427734375
0.134,-1.201171875,3.7236328125,-2.5625
0.1345,-1.8017578125,3.84375,-2.08203125
0.135,-2.08203125,3.5634765625,-1.6015625
0.1355,-2.642578125,3.4833984375,-1.0009765625
0.136,-3.04296875,2.962890625,-0.080078125
0.1365,-3.443359375,2.5625,0.640625
0.137,-3.603515625,2.0419921875,1.361328125
0.1375,-3.7236328125,1.5615234375,1.8017578125
0.138,-3.36328125,0.9208984375,2.2421875
0.1385,-3.36328125,0.2802734375,2.8427734375
0.139,-2.802734375,-0.6005859375,3.203125
0.1395,-2.5224609375,-1.2412109375,3.5634765625
0.14,-1.8818359375,-1.921875,3.68359375
0.1405,-1.28125,-2.2822265625,3.443359375
0.141,-0.560546875,-2.8427734375,3.283203125
0.1415,0.2001953125,-3.283203125,3.0029296875
0.142,1.0009765625,-3.603515625,2.5224609375
0.1425,1.5615234375,-3.84375,2.2421875
0.143,2.0419921875,-3.8837890625,1.841796875
0.1435,2.322265625,-3.5634765625,1.2412109375
0.144,2.9228515625,-3.5234375,0.6005859375
0.1445,3.203125,-2.8427734375,-0.3203125
0.145,3.603515625,-2.5625,-1.0009765625
0.1455,3.68359375,-1.9619140625,-1.7216796875
0.146,3.6435546875,-1.4814453125,-2.0419921875
0.1465,3.443359375,-0.80078125,-2.5625
0.147,3.3232421875,-0.16015625,-3.0830078125
0.1475,2.8427734375,0.6806640625,-3.4833984375
0.148,2.5224609375,1.28125,-3.763671875
0.1485,1.921875,1.8818359375,-3.8037109375
0.149,1.2412109375,2.2421875,-3.4833984375
0.1495,0.560546875,2.8427734375,-3.4033203125
0.15,-0.3203125,3.1630859375,-2.8828125
0.1505,-1.0009765625,3.5634765625,-2.642578125
0.151,-1.521484375,3.68359375,-2.2421875
0.1515,-1.8818359375,3.68359375,-1.8818359375
0.152,-2.2822265625,3.3232421875,-1.2412109375
0.1525,-2.8427734375,3.203125,-0.6005859375
0.153,-3.1630859375,2.5224609375,0.3203125
0.1535,-3.5234375,2.2822265625,0.9208984375
0.154,-3.5634765625,1.76171875,1.5615234375
0.1545,-3.4033203125,1.28125,1.921875
0.155,-3.283203125,0.6005859375,2.5224609375
0.1555,-2.962890625,-0.16015625,2.962890625
0.156,-2.642578125,-0.9208984375,3.36328125
0.1565,-2.162109375,-1.4814453125,3.5234375
0.157,-1.6416015625,-2.001953125,3.5634765625
0.1575,-0.880859375,-2.4423828125,3.2431640625
0.158,-0.240234375,-3.0830078125,3.2431640625
0.1585,0.6806640625,-3.36328125,2.642578125
0.159,1.2412109375,-3.763671875,2.5224609375
0.1595,1.8017578125,-3.84375,2.0419921875
0.16,2.08203125,-3.68359375,1.6015625
0.1605,2.5625,-3.5234375,0.9208984375
0.161,3.04296875,-3.1630859375,0.1201171875
0.1615,3.36328125,-2.642578125,-0.720703125
0.162,3.6435546875,-2.2421875,-1.3212890625
0.1625,3.68359375,-1.76171875,-1.8818359375
0.163,3.4833984375,-1.12109375,-2.2822265625
0.1635,3.4833984375,-0.4404296875,-2.9228515625
0.164,3.0029296875,0.3603515625,-3.283203125
0.1645,2.72265625,1.0009765625,-3.7236328125
0.165,2.08203125,1.6416015625,-3.7236328125
0.1655,1.521484375,2.08203125,-3.603515625
0.166,0.720703125,2.5625,-3.283203125
0.1665,0.0400390625,3.123046875,-3.1630859375
0.167,-0.80078125,3.36328125,-2.6025390625
0.1675,-1.3212890625,3.6435546875,-2.40234375
0.168,-1.8017578125,3.68359375,-1.9619140625
0.1685,-2.08203125,3.4033203125,-1.44140625
0.169,-2.6826171875,3.283203125,-0.7607421875
0.1695,-3.04296875,2.6826171875,0.0400390625
0.17,-3.4033203125,2.40234375,0.80078125
0.1705,-3.4833984375,1.921875,1.4013671875
0.171,-3.5234375,1.4814453125,1.8017578125
0.1715,-3.203125,0.7607421875,2.2421875
0.172,-3.1630859375,0.1201171875,2.8427734375
0.1725,-2.6025390625,-0.720703125,3.1630859375
0.173,-2.3623046875,-1.28125,3.4833984375
0.1735,-1.76171875,-1.8818359375,3.4833984375
0.174,-1.1611328125,-2.2822265625,3.283203125
0.1745,-0.400390625,-2.8427734375,3.1630859375
0.175,0.3603515625,-3.2431640625,2.802734375
0.1755,1.0810546875,-3.5634765625,2.482421875
0.176,1.521484375,-3.7236328125,2.2021484375
0.1765,1.921875,-3.8037109375,1.841796875
0.177,2.2421875,-3.4033203125,1.201171875
0.1775,2.8427734375,-3.36328125,0.48046875
0.178,3.123046875,-2.642578125,-0.3603515625
0.1785,3.5234375,-2.4423828125,-1.0009765625
0.179,3.5634765625,-1.921875,-1.5615234375
0.1795,3.5234375,-1.521484375,-1.921875
0.18,3.36328125,-0.80078125,-2.5224609375
0.1805,3.203125,-0.080078125,-3.04296875
0.181,2.8427734375,0.640625,-3.4033203125
0.1815,2.4423828125,1.2412109375,-3.603515625
0.182,1.921875,1.76171875,-3.603515625
0.1825,1.1611328125,2.2021484375,-3.36328125
0.183,0.5205078125,2.8427734375,-3.36328125
0.1835,-0.3203125,3.123046875,-2.8427734375
0.184,-0.9208984375,3.5234375,-2.642578125
0.1845,-1.361328125,3.5234375,-2.2822265625
0.185,-1.7216796875,3.5234375,-1.9619140625
0.1855,-2.2021484375,3.203125,-1.2412109375
0.186,-2.7626953125,3.0830078125,-0.5205078125
0.1865,-3.0830078125,2.5224609375,0.3203125
0.187,-3.36328125,2.2421875,0.880859375
0.1875,-3.443359375,1.8017578125,1.4013671875
0.188,-3.283203125,1.28125,1.8017578125
0.1885,-3.2431640625,0.560546875,2.5224609375
0.189,-2.8828125,-0.2001953125,2.8828125
0.1895,-2.6025390625,-0.880859375,3.3232421875
0.19,-2.08203125,-1.4013671875,3.3232421875
0.1905,-1.6015625,-1.921875,3.4033203125
0.191,-0.80078125,-2.40234375,3.123046875
0.1915,-0.16015625,-3.0029296875,3.123046875
0.192,0.640625,-3.36328125,2.5625
0.1925,1.12109375,-3.7236328125,2.482421875
0.193,1.6416015625,-3.7236328125,2.0419921875
0.1935,1.9619140625,-3.603515625,1.5615234375
0.194,2.5625,-3.36328125,0.8408203125
0.1945,3.0029296875,-2.962890625,0.0
0.195,3.36328125,-2.5625,-0.720703125
0.1955,3.5634765625,-2.162109375,-1.3212890625
0.196,3.6435546875,-1.7216796875,-1.8017578125
0.1965,3.36328125,-1.0009765625,-2.2822265625
0.197,3.4033203125,-0.3603515625,-2.9228515625
0.1975,2.8828125,0.48046875,-3.3232421875
0.198,2.642578125,1.12109375,-3.68359375
0.1985,1.9619140625,1.6416015625,-3.603515625
0.199,1.361328125,2.162109375,-3.5234375
0.1995,0.560546875,2.6826171875,-3.2431640625
0.2,-0.16015625,3.1630859375,-3.0029296875
0.2005,-1.0009765625,3.443359375,-2.5625
0.201,-1.4013671875,3.603515625,-2.322265625
0.2015,-1.921875,3.5634765625,-1.921875
0.202,-2.2021484375,3.3232421875,-1.2412109375
0.2025,-2.8427734375,3.203125,-0.5205078125
0.203,-3.123046875,2.5224609375,0.3603515625
0.2035,-3.4833984375,2.2421875,1.041015625
0.204,-3.443359375,1.6416015625,1.5615234375
0.2045,-3.443359375,1.2412109375,2.001953125
0.205,-3.1630859375,0.4404296875,2.482421875
0.2055,-3.0029296875,-0.2001953125,3.0029296875
0.206,-2.4423828125,-1.041015625,3.3232421875
0.2065,-2.0419921875,-1.5615234375,3.5234375
0.207,-1.44140625,-2.1220703125,3.4833984375
0.2075,-0.720703125,-2.5625,3.203125
0.208,0.0,-3.123046875,3.04296875
0.2085,0.80078125,-3.443359375,2.5625
0.209,1.44140625,-3.8037109375,2.2421875
0.2095,1.8017578125,-3.763671875,1.841796875
0.21,2.2421875,-3.7236328125,1.521484375
0.2105,2.5625,-3.283203125,0.7607421875
0.211,3.1630859375,-3.1630859375,0.0
0.2115,3.36328125,-2.40234375,-0.880859375
0.212,3.68359375,-2.1220703125,-1.44140625
0.2125,3.5634765625,-1.521484375,-1.9619140625
0.213,3.4833984375,-1.041015625,-2.3623046875
0.2135,3.283203125,-0.2802734375,-2.9228515625
0.214,2.962890625,0.48046875,-3.36328125
0.2145,2.5625,1.201171875,-3.7236328125
0.215,2.0419921875,1.681640625,-3.68359375
0.2155,1.44140625,2.2421875,-3.6435546875
0.216,0.6005859375,2.642578125,-3.2431640625
0.2165,-0.0400390625,3.203125,-3.1630859375
0.217,-0.9609375,3.443359375,-2.5625
0.2175,-1.4814453125,3.68359375,-2.3623046875
0.218,-1.921875,3.603515625,-1.841796875
0.2185,-2.2822265625,3.5234375,-1.361328125
0.219,-2.72265625,3.123046875,-0.6005859375
0.2195,-3.203125,2.802734375,0.16015625
0.22,-3.4833984375,2.2021484375,1.0810546875
0.2205,-3.5634765625,1.841796875,1.521484375
0.221,-3.5634765625,1.28125,2.0419921875
0.2215,-3.2431640625,0.6005859375,2.4423828125
0.222,-3.0830078125,-0.080078125,3.0029296875
0.2225,-2.5625,-1.0009765625,3.36328125
0.223,-2.2021484375,-1.6015625,3.68359375
0.2235,-1.5615234375,-2.0419921875,3.4833984375
0.224,-1.0009765625,-2.5625,3.443359375
0.2245,-0.1201171875,-3.0029296875,3.04296875
0.225,0.6005859375,-3.5634765625,2.8427734375
0.2255,1.44140625,-3.8037109375,2.2421875
0.226,1.841796875,-3.8837890625,1.9619140625
0.2265,2.2822265625,-3.7236328125,1.4814453125
0.227,2.6025390625,-3.5234375,0.9208984375
0.2275,3.123046875,-3.203125,0.1201171875
0.228,3.443359375,-2.6025390625,-0.7607421875
0.2285,3.7236328125,-2.08203125,-1.521484375
0.229,3.6435546875,-1.6015625,-1.9619140625
0.2295,3.6435546875,-1.0810546875,-2.4423828125
0.23,3.3232421875,-0.3603515625,-2.8427734375
0.2305,3.1630859375,0.2802734375,-3.4033203125
0.231,2.5224609375,1.201171875,-3.7236328125
0.2315,2.162109375,1.76171875,-3.84375
0.232,1.44140625,2.2021484375,-3.603515625
0.2325,0.7607421875,2.642578125,-3.4833984375
0.233,0.0,3.0830078125,-3.1630859375
0.2335,-0.80078125,3.443359375,-2.7626953125
0.234,-1.6015625,3.763671875,-2.2822265625
0.2345,-1.8818359375,3.68359375,-1.921875
0.235,-2.322265625,3.6435546875,-1.44140625
0.2355,-2.642578125,3.203125,-0.720703125
0.236,-3.203125,3.0029296875,0.0
0.2365,-3.443359375,2.2822265625,0.9609375
0.237,-3.7236328125,1.921875,1.5615234375
0.2375,-3.4833984375,1.28125,1.9619140625
0.238,-3.4833984375,0.8408203125,2.482421875
0.2385,-3.0830078125,0.0,2.8828125
0.239,-2.8427734375,-0.6806640625,3.36328125
0.2395,-2.2421875,-1.5615234375,3.6435546875
0.24,-1.76171875,-2.001953125,3.603515625
0.2405,-1.041015625,-2.5625,3.5234375
0.241,-0.3203125,-2.962890625,3.1630859375
0.2415,0.400390625,-3.5234375,2.8828125
0.242,1.28125,-3.7236328125,2.40234375
0.2425,1.921875,-4.00390625,2.0419921875
0.243,2.2021484375,-3.763671875,1.5615234375
0.2435,2.6826171875,-3.763671875,1.12109375
0.244,2.962890625,-3.203125,0.2802734375
0.2445,3.4833984375,-2.9228515625,-0.48046875
0.245,3.68359375,-2.2021484375,-1.4013671875
0.2455,3.84375,-1.8017578125,-1.921875
0.246,3.6435546875,-1.1611328125,-2.40234375
0.2465,3.5234375,-0.6005859375,-2.8828125
0.247,3.203125,0.2001953125,-3.3232421875
0.2475,2.802734375,0.9609375,-3.7236328125
0.248,2.2822265625,1.76171875,-4.0439453125
0.2485,1.6015625,2.1220703125,-3.7236328125
0.249,0.9609375,2.6826171875,-3.7236328125
0.2495,0.080078125,3.0830078125,-3.2431640625
0.25,-0.640625,3.5634765625,-3.0029296875
0.2505,-1.521484375,3.8037109375,-2.322265625
0.251,-2.08203125,3.923828125,-1.9619140625
0.2515,-2.3623046875,3.6435546875,-1.361328125
0.252,-2.8427734375,3.5634765625,-0.8408203125
0.2525,-3.203125,2.962890625,0.0
0.253,-3.603515625,2.5625,0.80078125
0.2535,-3.84375,1.8818359375,1.76171875
0.254,-3.7236328125,1.361328125,2.162109375
0.2545,-3.603515625,0.6806640625,2.6826171875
0.255,-3.2431640625,0.0,3.0830078125
0.2555,-2.9228515625,-0.80078125,3.5234375
0.256,-2.2822265625,-1.6416015625,3.8037109375
0.2565,-1.8017578125,-2.40234375,3.9638671875
0.257,-1.0009765625,-2.7626953125,3.5634765625
0.2575,-0.3203125,-3.36328125,3.5234375
0.258,0.6005859375,-3.603515625,2.962890625
0.2585,1.3212890625,-4.00390625,2.6025390625
0.259,2.2822265625,-4.2041015625,1.921875
0.2595,2.6826171875,-4.083984375,1.4013671875
0.26,3.04296875,-3.84375,0.80078125
0.2605,3.443359375,-3.5234375,0.1201171875
0.261,3.763671875,-2.8828125,-0.80078125
0.2615,4.00390625,-2.2822265625,-1.6015625
0.262,4.2041015625,-1.6015625,-2.5224609375
0.2625,3.84375,-0.9609375,-2.802734375
0.263,3.8037109375,-0.3203125,-3.36328125
0.2635,3.2431640625,0.48046875,-3.68359375
0.264,2.8427734375,1.2412109375,-4.083984375
0.2645,2.162109375,2.1220703125,-4.2841796875
0.265,1.521484375,2.6826171875,-4.244140625
0.2655,0.6005859375,3.04296875,-3.763671875
0.266,-0.0400390625,3.5634765625,-3.5634765625
0.2665,-1.041015625,3.84375,-2.8828125
0.267,-1.76171875,4.083984375,-2.4423828125
0.2675,-2.6025390625,4.2041015625,-1.76171875
0.268,-2.8828125,3.84375,-1.1611328125
0.2685,-3.203125,3.68359375,-0.6005859375
0.269,-3.5634765625,3.1630859375,0.240234375
0.2695,-3.8837890625,2.5224609375,1.12109375
0.27,-4.0439453125,1.8818359375,1.921875
0.2705,-4.1640625,1.28125,2.6826171875
0.271,-3.6435546875,0.5205078125,2.8828125
0.2715,-3.603515625,-0.0400390625,3.4833984375
0.272,-2.9228515625,-1.0009765625,3.7236328125
0.2725,-2.482421875,-1.76171875,4.00390625
0.273,-1.7216796875,-2.6025390625,4.1240234375
0.2735,-1.041015625,-3.0830078125,3.8837890625
0.274,-0.2001953125,-3.443359375,3.5634765625
0.2745,0.560546875,-3.8837890625,3.2431640625
0.275,1.521484375,-4.1640625,2.5625
0.2755,2.2421875,-4.32421875,2.1220703125
0.276,2.9228515625,-4.404296875,1.521484375
0.2765,3.123046875,-3.923828125,0.880859375
0.277,3.6435546875,-3.8037109375,0.2802734375
0.2775,3.84375,-3.04296875,-0.720703125
0.278,4.1240234375,-2.5224609375,-1.521484375
0.2785,4.2841796875,-1.76171875,-2.40234375
0.279,4.2041015625,-1.1611328125,-2.962890625
0.2795,3.763671875,-0.3603515625,-3.2431640625
0.28,3.6435546875,0.240234375,-3.8037109375
0.2805,2.9228515625,1.201171875,-4.083984375
0.281,2.482421875,1.921875,-4.32421875
0.2815,1.7216796875,2.6826171875,-4.4443359375
0.282,0.9208984375,3.04296875,-3.923828125
0.2825,0.1201171875,3.5234375,-3.7236328125
0.283,-0.80078125,3.8837890625,-3.1630859375
0.2835,-1.6416015625,4.1240234375,-2.5625
0.284,-2.2822265625,4.1640625,-2.001953125
0.2845,-2.8828125,4.1640625,-1.44140625
0.285,-3.0830078125,3.6435546875,-0.720703125
0.2855,-3.5634765625,3.5234375,-0.16015625
0.286,-3.8037109375,2.642578125,0.9208984375
0.2865,-4.0439453125,2.2421875,1.6015625
0.287,-4.1240234375,1.44140625,2.4423828125
0.2875,-3.8837890625,0.880859375,2.802734375
0.288,-3.5234375,0.1201171875,3.203125
0.2885,-3.203125,-0.6005859375,3.6435546875
0.289,-2.6025390625,-1.5615234375,3.8837890625
0.2895,-2.08203125,-2.2021484375,4.0439453125
0.29,-1.361328125,-2.8427734375,4.1240234375
0.2905,-0.560546875,-3.123046875,3.5634765625
0.291,0.1201171875,-3.68359375,3.4833984375
0.2915,1.1611328125,-3.9638671875,2.802734375
0.292,1.921875,-4.244140625,2.3623046875
0.2925,2.5224609375,-4.2841796875,1.76171875
0.293,2.962890625,-4.2041015625,1.28125
0.2935,3.203125,-3.7236328125,0.560546875
0.294,3.763671875,-3.5234375,-0.1201171875
0.2945,3.9638671875,-2.6025390625,-1.2412109375
0.295,4.1640625,-2.2421875,-1.8818359375
0.2955,4.244140625,-1.4814453125,-2.642578125
0.296,3.8837890625,-0.80078125,-2.962890625
0.2965,3.68359375,-0.16015625,-3.5234375
0.297,3.2431640625,0.720703125,-3.923828125
0.2975,2.6826171875,1.5615234375,-4.244140625
0.298,2.08203125,2.2421875,-4.32421875
0.2985,1.44140625,2.8427734375,-4.2841796875
0.299,0.48046875,3.1630859375,-3.68359375
0.2995,-0.2001953125,3.8037109375,-3.603515625
0.3,-1.3212890625,3.9638671875,-2.72265625
0.3005,-1.9619140625,4.2041015625,-2.40234375
0.301,-2.6025390625,4.1640625,-1.681640625
0.3015,-2.962890625,3.923828125,-1.1611328125
0.302,-3.283203125,3.5234375,-0.400390625
0.3025,-3.8037109375,3.1630859375,0.4404296875
0.303,-4.00390625,2.2822265625,1.4814453125
0.3035,-4.1240234375,1.841796875,2.0419921875
0.304,-4.1240234375,1.12109375,2.72265625
0.3045,-3.603515625,0.3603515625,3.0029296875
0.305,-3.5234375,-0.3203125,3.5634765625
0.3055,-2.7626953125,-1.3212890625,3.84375
0.306,-2.2822265625,-2.0419921875,4.1240234375
0.3065,-1.5615234375,-2.642578125,4.083984375
0.307,-0.8408203125,-3.1630859375,3.923828125
0.3075,0.0400390625,-3.4833984375,3.36328125
0.308,0.7607421875,-4.0439453125,3.1630859375
0.3085,1.8818359375,-4.2041015625,2.2822265625
0.309,2.3623046875,-4.3642578125,1.9619140625
0.3095,2.9228515625,-4.244140625,1.3212890625
0.31,3.203125,-3.84375,0.6806640625
0.3105,3.6435546875,-3.5234375,0.0
0.311,3.9638671875,-2.8828125,-1.0009765625
0.3115,4.2041015625,-2.2021484375,-1.8818359375
0.312,4.1640625,-1.6015625,-2.4423828125
0.3125,4.1240234375,-1.041015625,-3.04296875
0.313,3.603515625,-0.240234375,-3.283203125
0.3135,3.5234375,0.400390625,-3.923828125
0.314,2.6826171875,1.521484375,-4.1640625
0.3145,2.2822265625,2.08203125,-4.3642578125
0.315,1.521484375,2.6826171875,-4.1640625
0.3155,0.7607421875,3.123046875,-3.8837890625
0.316,-0.080078125,3.4833984375,-3.443359375
0.3165,-0.9208984375,3.923828125,-3.0830078125
0.317,-1.8818359375,4.083984375,-2.322265625
0.3175,-2.2822265625,4.083984375,-1.9619140625
0.318,-2.802734375,4.0439453125,-1.4013671875
0.3185,-3.0029296875,3.5234375,-0.6806640625
0.319,-3.5634765625,3.3232421875,0.0
0.3195,-3.763671875,2.482421875,1.041015625
0.32,-4.00390625,2.0419921875,1.76171875
0.3205,-3.8837890625,1.4013671875,2.2822265625
0.321,-3.8037109375,0.880859375,2.6826171875
0.3215,-3.36328125,0.0,3.04296875
0.322,-3.1630859375,-0.640625,3.603515625
0.3225,-2.40234375,-1.6015625,3.8037109375
0.323,-2.001953125,-2.08203125,3.9638671875
0.3235,-1.28125,-2.6826171875,3.84375
0.324,-0.5205078125,-3.04296875,3.4833984375
0.3245,0.2001953125,-3.5634765625,3.2431640625
0.325,1.12109375,-3.84375,2.6826171875
0.3255,1.841796875,-4.1240234375,2.2421875
0.326,2.2421875,-4.0439453125,1.841796875
0.3265,2.6826171875,-4.00390625,1.361328125
0.327,2.962890625,-3.4833984375,0.6005859375
0.3275,3.5234375,-3.36328125,-0.080078125
0.328,3.7236328125,-2.482421875,-1.12109375
0.3285,4.00390625,-2.2822265625,-1.681640625
0.329,3.923828125,-1.5615234375,-2.2822265625
0.3295,3.763671875,-1.041015625,-2.72265625
0.33,3.4833984375,-0.16015625,-3.203125
0.3305,3.1630859375,0.560546875,-3.68359375
0.331,2.642578125,1.4013671875,-4.00390625
0.3315,2.162109375,1.921875,-4.00390625
0.332,1.4814453125,2.482421875,-3.9638671875
0.3325,0.6005859375,2.8828125,-3.5234375
0.333,-0.080078125,3.5234375,-3.4033203125
0.3335,-1.041015625,3.68359375,-2.642578125
0.334,-1.6416015625,3.9638671875,-2.4423828125
0.3345,-2.08203125,3.84375,-1.8818359375
0.335,-2.482421875,3.763671875,-1.44140625
0.3355,-2.8828125,3.3232421875,-0.640625
0.336,-3.4033203125,3.04296875,0.16015625
0.3365,-3.603515625,2.2822265625,1.0810546875
0.337,-3.8037109375,1.9619140625,1.5615234375
0.3375,-3.7236328125,1.28125,2.1220703125
0.338,-3.4033203125,0.6806640625,2.5224609375
0.3385,-3.2431640625,-0.0400390625,3.123046875
0.339,-2.72265625,-0.880859375,3.443359375
0.3395,-2.322265625,-1.5615234375,3.763671875
0.34,-1.7216796875,-2.001953125,3.603515625
0.3405,-1.1611328125,-2.5625,3.5634765625
0.341,-0.3203125,-2.9228515625,3.1630859375
0.3415,0.3603515625,-3.4833984375,3.04296875
0.342,1.28125,-3.7236328125,2.40234375
0.3425,1.6416015625,-3.923828125,2.2421875
0.343,2.162109375,-3.84375,1.7216796875
0.3435,2.482421875,-3.603515625,1.201171875
0.344,3.0029296875,-3.3232421875,0.400390625
0.3445,3.36328125,-2.8828125,-0.400390625
0.345,3.6435546875,-2.4423828125,-1.1611328125
0.3455,3.7236328125,-2.001953125,-1.681640625
0.346,3.763671875,-1.4814453125,-2.162109375
0.3465,3.443359375,-0.720703125,-2.6025390625
0.347,3.4033203125,-0.0400390625,-3.2431640625
0.3475,2.802734375,0.80078125,-3.5634765625
0.348,2.5625,1.3212890625,-3.84375
0.3485,1.8818359375,1.8818359375,-3.7236328125
0.349,1.28125,2.3623046875,-3.603515625
0.3495,0.400390625,2.8828125,-3.3232421875
0.35,-0.3203125,3.3232421875,-3.0830078125
0.3505,-1.12109375,3.6435546875,-2.6025390625
0.351,-1.4814453125,3.763671875,-2.322265625
0.3515,-2.001953125,3.763671875,-1.8818359375
0.352,-2.3623046875,3.4033203125,-1.201171875
0.3525,-2.962890625,3.2431640625,-0.48046875
0.353,-3.2431640625,2.5625,0.48046875
0.3535,-3.6435546875,2.2822265625,1.12109375
0.354,-3.5634765625,1.76171875,1.6015625
0.3545,-3.5634765625,1.28125,2.08203125
0.355,-3.203125,0.400390625,2.6025390625
0.3555,-3.0830078125,-0.2802734375,3.1630859375
0.356,-2.5224609375,-1.1611328125,3.4833984375
0.3565,-2.1220703125,-1.6416015625,3.6435546875
0.357,-1.44140625,-2.2021484375,3.5234375
0.3575,-0.6806640625,-2.642578125,3.283203125
0.358,0.0400390625,-3.2431640625,3.123046875
0.3585,0.880859375,-3.5634765625,2.6025390625
0.359,1.521484375,-3.8837890625,2.2822265625
0.3595,1.8818359375,-3.8037109375,1.921875
0.36,2.322265625,-3.8037109375,1.4814453125
0.3605,2.72265625,-3.36328125,0.640625
0.361,3.2431640625,-3.203125,-0.0400390625
0.3615,3.5234375,-2.3623046875,-1.0009765625
0.362,3.7236328125,-2.1220703125,-1.521484375
0.3625,3.603515625,-1.4814453125,-2.001953125
0.363,3.5234375,-1.0009765625,-2.4423828125
0.3635,3.2431640625,-0.16015625,-3.0029296875
0.364,2.9228515625,0.560546875,-3.4033203125
0.3645,2.5224609375,1.28125,-3.763671875
0.365,1.9619140625,1.681640625,-3.68359375
0.3655,1.4013671875,2.2421875,-3.6435546875
0.366,0.5205078125,2.6826171875,-3.2431640625
0.3665,-0.1201171875,3.203125,-3.1630859375
0.367,-1.0009765625,3.443359375,-2.5224609375
0.3675,-1.44140625,3.7236328125,-2.3623046875
0.368,-1.8017578125,3.5234375,-1.8818359375
0.3685,-2.1220703125,3.5234375,-1.44140625
0.369,-2.642578125,3.0830078125,-0.6005859375
0.3695,-3.0830078125,2.8828125,0.1201171875
0.37,-3.4033203125,2.2421875,0.9609375
0.3705,-3.5234375,1.9619140625,1.3212890625
0.371,-3.4833984375,1.4013671875,1.921875
0.3715,-3.2431640625,0.720703125,2.322265625
0.372,-3.123046875,0.0,2.9228515625
0.3725,-2.642578125,-0.80078125,3.2431640625
0.373,-2.322265625,-1.4013671875,3.5634765625
0.3735,-1.681640625,-1.841796875,3.4033203125
0.374,-1.201171875,-2.40234375,3.443359375
0.3745,-0.2802734375,-2.8828125,3.0830078125
0.375,0.3603515625,-3.36328125,2.9228515625
0.3755,1.2412109375,-3.68359375,2.40234375
0.376,1.5615234375,-3.84375,2.2421875
0.3765,2.08203125,-3.7236328125,1.681640625
0.377,2.40234375,-3.5634765625,1.12109375
0.3775,3.0029296875,-3.1630859375,0.3603515625
0.378,3.283203125,-2.72265625,-0.5205078125
0.3785,3.6435546875,-2.322265625,-1.2412109375
0.379,3.603515625,-1.8818359375,-1.6416015625
0.3795,3.68359375,-1.361328125,-2.2021484375
0.38,3.3232421875,-0.560546875,-2.6826171875
0.3805,3.2431640625,0.1201171875,-3.283203125
0.381,2.6826171875,0.9609375,-3.5634765625
0.3815,2.322265625,1.44140625,-3.763671875
0.382,1.6015625,1.921875,-3.5634765625
0.3825,0.9609375,2.482421875,-3.4833984375
0.383,0.16015625,2.9228515625,-3.1630859375
0.3835,-0.5205078125,3.3232421875,-2.8427734375
0.384,-1.28125,3.6435546875,-2.4423828125
0.3845,-1.4814453125,3.5634765625,-2.162109375
0.385,-2.08203125,3.5634765625,-1.6416015625
0.3855,-2.40234375,3.2431640625,-0.80078125
0.386,-3.0029296875,3.0029296875,-0.16015625
0.3865,-3.2431640625,2.322265625,0.720703125
0.387,-3.5634765625,2.0419921875,1.28125
0.3875,-3.36328125,1.4814453125,1.6416015625
0.388,-3.36328125,1.041015625,2.162109375
0.3885,-3.04296875,0.16015625,2.642578125
0.389,-2.8427734375,-0.5205078125,3.123046875
0.3895,-2.322265625,-1.2412109375,3.443359375
0.39,-1.921875,-1.6416015625,3.4033203125
0.3905,-1.28125,-2.2021484375,3.36328125
0.391,-0.560546875,-2.642578125,3.0830078125
0.3915,0.1201171875,-3.1630859375,2.9228515625
0.392,0.9208984375,-3.4833984375,2.5224609375
0.3925,1.5615234375,-3.763671875,2.2021484375
0.393,1.681640625,-3.603515625,1.921875
0.3935,2.2021484375,-3.68359375,1.44140625
0.394,2.6025390625,-3.1630859375,0.6005859375
0.3945,3.123046875,-2.962890625,-0.080078125
0.395,3.36328125,-2.3623046875,-0.9208984375
0.3955,3.5634765625,-2.1220703125,-1.3212890625
0.396,3.4833984375,-1.5615234375,-1.8818359375
0.3965,3.443359375,-1.0009765625,-2.322265625
0.397,3.203125,-0.2001953125,-2.9228515625
0.3975,2.8828125,0.48046875,-3.283203125
0.398,2.5625,1.12109375,-3.68359375
0.3985,2.001953125,1.521484375,-3.5234375
0.399,1.44140625,2.1220703125,-3.5634765625
0.3995,0.560546875,2.6025390625,-3.203125
0.4,-0.0400390625,3.123046875,-3.0830078125
0.4005,-0.720703125,3.443359375,-2.6826171875
0.401,-1.2412109375,3.5634765625,-2.4423828125
0.4015,-1.6416015625,3.443359375,-1.9619140625
0.402,-2.08203125,3.443359375,-1.4814453125
0.4025,-2.6025390625,3.04296875,-0.640625
0.403,-3.04296875,2.72265625,0.1201171875
0.4035,-3.36328125,2.2822265625,0.880859375
0.404,-3.36328125,1.921875,1.201171875
0.4045,-3.4033203125,1.44140625,1.76171875
0.405,-3.203125,0.640625,2.2822265625
0.4055,-3.0830078125,0.0,2.8427734375
0.406,-2.6025390625,-0.80078125,3.203125
0.4065,-2.2822265625,-1.3212890625,3.443359375
0.407,-1.6416015625,-1.8017578125,3.283203125
0.4075,-1.041015625,-2.3623046875,3.3232421875
0.408,-0.2001953125,-2.8828125,3.0029296875
0.4085,0.560546875,-3.2431640625,2.802734375
0.409,1.201171875,-3.7236328125,2.40234375
0.4095,1.44140625,-3.7236328125,2.162109375
0.41,1.9619140625,-3.68359375,1.6416015625
0.4105,2.4423828125,-3.36328125,0.9609375
0.411,3.0029296875,-3.0830078125,0.16015625
0.4115,3.283203125,-2.5625,-0.640625
0.412,3.5634765625,-2.2822265625,-1.28125
0.4125,3.4833984375,-1.7216796875,-1.6416015625
0.413,3.5634765625,-1.2412109375,-2.2421875
0.4135,3.2431640625,-0.3603515625,-2.7626953125
0.414,3.0830078125,0.2802734375,-3.283203125
0.4145,2.5625,1.0810546875,-3.603515625
0.415,2.162109375,1.5615234375,-3.6435546875
0.4155,1.44140625,2.0419921875,-3.5234375
0.416,0.7607421875,2.5625,-3.3232421875
0.4165,0.0,3.04296875,-3.0830078125
0.417,-0.7607421875,3.3232421875,-2.72265625
0.4175,-1.361328125,3.603515625,-2.3623046875
0.418,-1.6416015625,3.5234375,-1.921875
0.4185,-2.2021484375,3.5234375,-1.4814453125
0.419,-2.6025390625,3.04296875,-0.640625
0.4195,-3.0830078125,2.802734375,0.080078125
0.42,-3.36328125,2.2021484375,0.9609375
0.4205,-3.5234375,1.921875,1.4013671875
0.421,-3.283203125,1.28125,1.841796875
0.4215,-3.283203125,0.7607421875,2.3623046875
0.422,-2.9228515625,-0.080078125,2.8427734375
0.4225,-2.6025390625,-0.80078125,3.2431640625
0.423,-2.2021484375,-1.4814453125,3.5234375
0.4235,-1.6015625,-1.8818359375,3.36328125
0.424,-1.0009765625,-2.4423828125,3.3232421875
0.4245,-0.2001953125,-2.8828125,3.0029296875
0.425,0.48046875,-3.36328125,2.802734375
0.4255,1.28125,-3.7236328125,2.2822265625
0.426,1.7216796875,-3.8037109375,2.0419921875
0.4265,2.001953125,-3.5634765625,1.5615234375
0.427,2.5224609375,-3.5634765625,1.0810546875
0.4275,2.8828125,-3.04296875,0.16015625
0.428,3.3232421875,-2.72265625,-0.560546875
0.4285,3.603515625,-2.1220703125,-1.361328125
0.429,3.603515625,-1.8017578125,-1.76171875
0.4295,3.5234375,-1.1611328125,-2.2822265625
0.43,3.36328125,-0.5205078125,-2.7626953125
0.4305,3.123046875,0.240234375,-3.283203125
0.431,2.6826171875,1.0009765625,-3.603515625
0.4315,2.2421875,1.6015625,-3.84375
0.432,1.521484375,2.0419921875,-3.5634765625
0.4325,0.880859375,2.642578125,-3.5634765625
0.433,0.0,3.0029296875,-3.0830078125
0.4335,-0.6806640625,3.4033203125,-2.8427734375
0.434,-1.4814453125,3.68359375,-2.2822265625
0.4345,-1.8017578125,3.68359375,-1.9619140625
0.435,-2.2021484375,3.4833984375,-1.44140625
0.4355,-2.642578125,3.283203125,-0.80078125
0.436,-3.0830078125,2.802734375,0.0400390625
0.4365,-3.4033203125,2.40234375,0.80078125
0.437,-3.6435546875,1.921875,1.5615234375
0.4375,-3.4033203125,1.361328125,1.8818359375
0.438,-3.4033203125,0.80078125,2.482421875
0.4385,-3.04296875,0.0,2.8828125
0.439,-2.7626953125,-0.720703125,3.3232421875
0.4395,-2.2021484375,-1.4814453125,3.5634765625
0.44,-1.7216796875,-1.9619140625,3.5634765625
0.4405,-1.0009765625,-2.4423828125,3.283203125
0.441,-0.3203125,-2.962890625,3.203125
0.4415,0.48046875,-3.36328125,2.72265625
0.442,1.201171875,-3.7236328125,2.482421875
0.4425,1.921875,-3.8837890625,2.001953125
0.443,2.08203125,-3.7236328125,1.6015625
0.4435,2.5625,-3.603515625,1.041015625
0.444,2.9228515625,-3.1630859375,0.2802734375
0.4445,3.36328125,-2.7626953125,-0.5205078125
0.445,3.603515625,-2.2421875,-1.28125
0.4455,3.763671875,-1.8017578125,-1.8818359375
0.446,3.4833984375,-1.1611328125,-2.2021484375
0.4465,3.5234375,-0.640625,-2.802734375
0.447,3.0830078125,0.2001953125,-3.203125
0.4475,2.802734375,0.880859375,-3.603515625
0.448,2.2421875,1.6015625,-3.84375
0.4485,1.6416015625,2.001953125,-3.68359375
0.449,0.9609375,2.482421875,-3.4833984375
0.4495,0.2001953125,2.962890625,-3.2431640625
0.45,-0.5205078125,3.3232421875,-2.8427734375
0.4505,-1.2412109375,3.603515625,-2.4423828125
0.451,-1.8017578125,3.8037109375,-2.0419921875
0.4515,-2.08203125,3.4833984375,-1.5615234375
0.452,-2.6025390625,3.5234375,-1.041015625
0.4525,-2.962890625,2.8828125,-0.1201171875
0.453,-3.36328125,2.6025390625,0.6005859375
0.4535,-3.5634765625,2.001953125,1.4013671875
0.454,-3.603515625,1.6015625,1.76171875
0.4545,-3.36328125,0.9208984375,2.2421875
0.455,-3.283203125,0.3203125,2.802734375
0.4555,-2.8427734375,-0.5205078125,3.1630859375
0.456,-2.482421875,-1.2412109375,3.5234375
0.4565,-1.921875,-1.921875,3.68359375
0.457,-1.28125,-2.322265625,3.4033203125
0.4575,-0.640625,-2.9228515625,3.36328125
0.458,0.2802734375,-3.283203125,2.9228515625
0.4585,0.9609375,-3.68359375,2.6025390625
0.459,1.681640625,-3.8837890625,2.162109375
0.4595,2.1220703125,-3.923828125,1.8017578125
0.46,2.40234375,-3.5634765625,1.201171875
0.4605,2.962890625,-3.5234375,0.560546875
0.461,3.283203125,-2.8427734375,-0.3603515625
0.4615,3.68359375,-2.482421875,-1.0810546875
0.462,3.84375,-1.8818359375,-1.8818359375
0.4625,3.68359375,-1.361328125,-2.2021484375
0.463,3.5634765625,-0.6806640625,-2.7626953125
0.4635,3.283203125,0.0,-3.2431640625
0.464,2.8828125,0.8408203125,-3.68359375
0.4645,2.40234375,1.5615234375,-3.8837890625
0.465,1.841796875,2.1220703125,-3.9638671875
0.4655,1.0009765625,2.482421875,-3.5634765625
0.466,0.3603515625,3.1630859375,-3.5234375
0.4665,-0.640625,3.443359375,-2.8427734375
0.467,-1.28125,3.8037109375,-2.5625
0.4675,-2.001953125,3.8837890625,-2.001953125
0.468,-2.322265625,3.8037109375,-1.5615234375
0.4685,-2.72265625,3.443359375,-0.9208984375
0.469,-3.203125,3.203125,-0.16015625
0.4695,-3.5234375,2.482421875,0.80078125
0.47,-3.8037109375,2.08203125,1.521484375
0.4705,-3.8837890625,1.44140625,2.2021484375
0.471,-3.5234375,0.80078125,2.5224609375
0.4715,-3.443359375,0.1201171875,3.123046875
0.472,-2.8828125,-0.7607421875,3.443359375
0.4725,-2.4423828125,-1.5615234375,3.84375
0.473,-1.8017578125,-2.2421875,3.8837890625
0.4735,-1.1611328125,-2.7626953125,3.8037109375
0.474,-0.3203125,-3.1630859375,3.3232421875
0.4745,0.3603515625,-3.7236328125,3.203125
0.475,1.44140625,-3.923828125,2.4423828125
0.4755,2.0419921875,-4.1640625,2.1220703125
0.476,2.6826171875,-4.1640625,1.521484375
0.4765,2.9228515625,-3.84375,0.9609375
0.477,3.3232421875,-3.5634765625,0.2802734375
0.4775,3.763671875,-2.962890625,-0.640625
0.478,3.9638671875,-2.2822265625,-1.5615234375
0.4785,4.083984375,-1.76171875,-2.2021484375
0.479,4.0439453125,-1.12109375,-2.8427734375
0.4795,3.5634765625,-0.3603515625,-3.0830078125
0.48,3.5234375,0.240234375,-3.68359375
0.4805,2.7626953125,1.28125,-3.9638671875
0.481,2.322265625,1.921875,-4.244140625
0.4815,1.5615234375,2.5625,-4.1640625
0.482,0.880859375,2.962890625,-3.8837890625
0.4825,0.0400390625,3.36328125,-3.443359375
0.483,-0.80078125,3.84375,-3.0830078125
0.4835,-1.76171875,4.00390625,-2.322265625
0.484,-2.2421875,4.083984375,-1.9619140625
0.4845,-2.8427734375,4.0439453125,-1.361328125
0.485,-3.04296875,3.5634765625,-0.6806640625
0.4855,-3.5234375,3.36328125,-0.0400390625
0.486,-3.8037109375,2.5224609375,1.0009765625
0.4865,-4.00390625,2.0419921875,1.76171875
0.487,-4.00390625,1.361328125,2.3623046875
0.4875,-3.84375,0.80078125,2.8427734375
0.488,-3.36328125,0.0,3.1630859375
0.4885,-3.203125,-0.640625,3.7236328125
0.489,-2.40234375,-1.76171875,3.9638671875
0.4895,-1.9619140625,-2.322265625,4.083984375
0.49,-1.201171875,-2.962890625,3.9638671875
0.4905,-0.400390625,-3.283203125,3.603515625
0.491,0.3603515625,-3.7236328125,3.283203125
0.4915,1.3212890625,-4.083984375,2.7626953125
0.492,2.2021484375,-4.2841796875,2.08203125
0.4925,2.6025390625,-4.244140625,1.6416015625
0.493,3.123046875,-4.1640625,1.12109375
0.4935,3.3232421875,-3.5634765625,0.3203125
0.494,3.8837890625,-3.36328125,-0.3603515625
0.4945,4.083984375,-2.40234375,-1.5615234375
0.495,4.2841796875,-1.9619140625,-2.2021484375
0.4955,4.1240234375,-1.2412109375,-2.802734375
0.496,3.8837890625,-0.6005859375,-3.203125
0.4965,3.4833984375,0.16015625,-3.5634765625
0.497,3.1630859375,0.9609375,-4.0439453125
0.4975,2.40234375,1.921875,-4.32421875
0.498,1.8818359375,2.40234375,-4.32421875
0.4985,1.12109375,3.04296875,-4.1640625
0.499,0.240234375,3.36328125,-3.603515625
0.4995,-0.5205078125,3.84375,-3.36328125
0.5,-1.6015625,4.083984375,-2.5625
0.5005,-2.2822265625,4.2041015625,-2.08203125
0.501,-2.642578125,4.00390625,-1.521484375
0.5015,-3.123046875,3.8837890625,-1.0009765625
0.502,-3.36328125,3.3232421875,-0.16015625
0.5025,-3.84375,3.04296875,0.6005859375
0.503,-4.00390625,2.0419921875,1.7216796875
0.5035,-4.1240234375,1.6416015625,2.2021484375
0.504,-3.923828125,0.9208984375,2.802734375
0.5045,-3.5634765625,0.2802734375,3.123046875
0.505,-3.2431640625,-0.5205078125,3.5634765625
0.5055,-2.72265625,-1.4013671875,3.8837890625
0.506,-2.1220703125,-2.2421875,4.1240234375
0.5065,-1.44140625,-2.642578125,3.9638671875
0.507,-0.80078125,-3.203125,3.84375
0.5075,0.1201171875,-3.4833984375,3.2431640625
0.508,0.80078125,-4.00390625,3.1630859375
0.5085,1.921875,-4.1640625,2.2421875
0.509,2.4423828125,-4.3642578125,1.921875
0.5095,2.8427734375,-4.1240234375,1.28125
0.51,3.203125,-3.8837890625,0.7607421875
0.5105,3.5234375,-3.36328125,-0.080078125
0.511,3.9638671875,-2.9228515625,-0.9208984375
0.5115,4.1240234375,-2.08203125,-1.921875
0.512,4.1240234375,-1.6416015625,-2.40234375
0.5125,4.083984375,-0.9609375,-3.0029296875
0.513,3.6435546875,-0.240234375,-3.36328125
0.5135,3.443359375,0.48046875,-3.8837890625
0.514,2.6826171875,1.44140625,-4.1640625
0.5145,2.2421875,2.2021484375,-4.404296875
0.515,1.44140625,2.642578125,-4.083984375
0.5155,0.7607421875,3.1630859375,-3.9638671875
0.516,-0.16015625,3.5234375,-3.36328125
0.5165,-0.9609375,3.9638671875,-3.123046875
0.517,-1.9619140625,4.1240234375,-2.2822265625
0.5175,-2.40234375,4.1640625,-1.921875
0.518,-2.8828125,3.9638671875,-1.28125
0.5185,-3.203125,3.603515625,-0.6005859375
0.519,-3.603515625,3.1630859375,0.240234375
0.5195,-3.8837890625,2.5224609375,1.201171875
0.52,-4.1240234375,1.841796875,2.0419921875
0.5205,-3.8837890625,1.28125,2.40234375
0.521,-3.84375,0.6005859375,3.0029296875
0.5215,-3.283203125,-0.2001953125,3.283203125
0.522,-3.0830078125,-0.9609375,3.8037109375
0.5225,-2.2822265625,-1.9619140625,4.0439453125
0.523,-1.76171875,-2.5224609375,4.1240234375
0.5235,-1.0009765625,-2.962890625,3.8037109375
0.524,-0.240234375,-3.443359375,3.603515625
0.5245,0.640625,-3.8037109375,3.0830078125
0.525,1.44140625,-4.1640625,2.642578125
0.5255,2.40234375,-4.3642578125,1.9619140625
0.526,2.6826171875,-4.1640625,1.521484375
0.5265,3.203125,-4.0439453125,0.9208984375
0.527,3.4833984375,-3.5234375,0.1201171875
0.5275,3.8837890625,-3.1630859375,-0.640625
0.528,4.1240234375,-2.2822265625,-1.681640625
0.5285,4.32421875,-1.76171875,-2.40234375
0.529,3.9638671875,-1.12109375,-2.7626953125
0.5295,3.8837890625,-0.5205078125,-3.3232421875
0.53,3.3232421875,0.3603515625,-3.7236328125
0.5305,3.04296875,1.12109375,-4.1240234375
0.531,2.2822265625,2.1220703125,-4.3642578125
0.5315,1.681640625,2.5625,-4.2041015625
0.532,0.880859375,3.0830078125,-3.923828125
0.5325,0.0400390625,3.443359375,-3.5634765625
0.533,-0.7607421875,3.84375,-3.1630859375
0.5335,-1.6015625,4.083984375,-2.5224609375
0.534,-2.40234375,4.244140625,-1.9619140625
0.5345,-2.6025390625,3.8837890625,-1.44140625
0.535,-3.1630859375,3.84375,-0.8408203125
0.5355,-3.36328125,3.1630859375,0.0
0.536,-3.84375,2.8427734375,0.7607421875
0.5365,-3.9638671875,1.9619140625,1.76171875
0.537,-4.0439453125,1.521484375,2.2822265625
0.5375,-3.7236328125,0.7607421875,2.6826171875
0.538,-3.5634765625,0.16015625,3.0830078125
0.5385,-3.0830078125,-0.640625,3.5234375
0.539,-2.6025390625,-1.361328125,3.84375
0.5395,-1.9619140625,-2.2021484375,4.0439453125
0.54,-1.3212890625,-2.5625,3.763671875
0.5405,-0.640625,-3.0830078125,3.68359375
0.541,0.2001953125,-3.443359375,3.1630859375
0.5415,0.9208984375,-3.8837890625,2.9228515625
0.542,1.76171875,-4.0439453125,2.2421875
0.5425,2.322265625,-4.1640625,1.921875
0.543,2.5625,-3.84375,1.3212890625
0.5435,3.04296875,-3.8037109375,0.80078125
0.544,3.3232421875,-3.1630859375,-0.080078125
0.5445,3.763671875,-2.8427734375,-0.8408203125
0.545,3.9638671875,-2.1220703125,-1.76171875
0.5455,3.923828125,-1.7216796875,-2.1220703125
0.546,3.763671875,-1.041015625,-2.72265625
0.5465,3.5234375,-0.3203125,-3.0830078125
0.547,3.2431640625,0.4404296875,-3.5634765625
0.5475,2.72265625,1.2412109375,-3.84375
0.548,2.2822265625,1.8818359375,-4.1240234375
0.5485,1.5615234375,2.2421875,-3.763671875
0.549,0.9208984375,2.8427734375,-3.763671875
0.5495,0.0,3.203125,-3.203125
0.55,-0.640625,3.6435546875,-3.04296875
0.5505,-1.521484375,3.84375,-2.40234375
0.551,-1.8818359375,3.84375,-2.1220703125
0.5515,-2.2822265625,3.6435546875,-1.521484375
0.552,-2.6826171875,3.4833984375,-0.9609375
0.5525,-3.1630859375,3.0029296875,-0.0400390625
0.553,-3.5234375,2.5224609375,0.6806640625
0.5535,-3.763671875,2.001953125,1.4814453125
0.554,-3.603515625,1.5615234375,1.76171875
0.5545,-3.5634765625,0.9609375,2.40234375
0.555,-3.203125,0.16015625,2.8427734375
0.5555,-3.0029296875,-0.5205078125,3.3232421875
0.556,-2.4423828125,-1.3212890625,3.5634765625
0.5565,-2.001953125,-1.8017578125,3.7236328125
0.557,-1.28125,-2.2822265625,3.443359375
0.5575,-0.6806640625,-2.8427734375,3.4033203125
0.558,0.16015625,-3.2431640625,3.0029296875
0.5585,0.880859375,-3.68359375,2.72265625
0.559,1.6015625,-3.923828125,2.2421875
0.5595,1.8818359375,-3.84375,1.921875
0.56,2.40234375,-3.763671875,1.4013671875
0.5605,2.802734375,-3.36328125,0.640625
0.561,3.3232421875,-3.123046875,-0.16015625
0.5615,3.5634765625,-2.5224609375,-1.0009765625
0.562,3.8037109375,-2.2021484375,-1.6015625
0.5625,3.6435546875,-1.521484375,-2.001953125
0.563,3.68359375,-1.0009765625,-2.6025390625
0.5635,3.283203125,-0.080078125,-3.0830078125
0.564,3.0830078125,0.560546875,-3.5634765625
0.5645,2.5224609375,1.4013671875,-3.8837890625
0.565,2.0419921875,1.8017578125,-3.8037109375
0.5655,1.28125,2.3623046875,-3.6435546875
0.566,0.5205078125,2.8427734375,-3.443359375
0.5665,-0.2802734375,3.3232421875,-3.0830078125
0.567,-1.0009765625,3.6435546875,-2.6826171875
0.5675,-1.6416015625,3.84375,-2.2822265625
0.568,-1.921875,3.603515625,-1.8017578125
0.5685,-2.482421875,3.6435546875,-1.28125
0.569,-2.8427734375,3.04296875,-0.400390625
0.5695,-3.36328125,2.802734375,0.3203125
0.57,-3.603515625,2.1220703125,1.201171875
0.5705,-3.68359375,1.841796875,1.6416015625
0.571,-3.443359375,1.12109375,2.1220703125
0.5715,-3.36328125,0.560546875,2.642578125
0.572,-2.962890625,-0.3203125,3.123046875
0.5725,-2.642578125,-1.0009765625,3.4833984375
0.573,-2.08203125,-1.76171875,3.68359375
0.5735,-1.4814453125,-2.08203125,3.4833984375
0.574,-0.80078125,-2.72265625,3.443359375
0.5745,0.0,-3.123046875,3.04296875
0.575,0.720703125,-3.5634765625,2.802734375
0.5755,1.44140625,-3.8037109375,2.2822265625
0.576,1.921875,-3.8837890625,1.9619140625
0.5765,2.2021484375,-3.603515625,1.4013671875
0.577,2.72265625,-3.603515625,0.880859375
0.5775,3.0830078125,-3.04296875,-0.0400390625
0.578,3.4833984375,-2.72265625,-0.7607421875
0.5785,3.7236328125,-2.08203125,-1.5615234375
0.579,3.6435546875,-1.681640625,-1.8818359375
0.5795,3.5634765625,-1.041015625,-2.40234375
0.58,3.3232421875,-0.3603515625,-2.8828125
0.5805,3.04296875,0.3603515625,-3.36328125
0.581,2.6025390625,1.12109375,-3.68359375
0.5815,2.2021484375,1.6416015625,-3.84375
0.582,1.4814453125,2.0419921875,-3.5234375
0.5825,0.8408203125,2.642578125,-3.5634765625
0.583,0.0,3.04296875,-3.0830078125
0.5835,-0.640625,3.443359375,-2.8427734375
0.584,-1.4013671875,3.68359375,-2.3623046875
0.5845,-1.6416015625,3.6435546875,-2.08203125
0.585,-2.1220703125,3.443359375,-1.521484375
0.5855,-2.6025390625,3.283203125,-0.8408203125
0.586,-3.04296875,2.802734375,0.0
0.5865,-3.36328125,2.4423828125,0.6806640625
0.587,-3.603515625,1.9619140625,1.4013671875
0.5875,-3.4033203125,1.521484375,1.7216796875
0.588,-3.4833984375,0.9208984375,2.3623046875
0.5885,-3.0830078125,0.0400390625,2.802734375
0.589,-2.8427734375,-0.6005859375,3.2431640625
0.5895,-2.322265625,-1.361328125,3.5234375
0.59,-1.8818359375,-1.8017578125,3.5234375
0.5905,-1.1611328125,-2.2822265625,3.3232421875
0.591,-0.5205078125,-2.8828125,3.283203125
0.5915,0.3603515625,-3.2431640625,2.8427734375
0.592,1.0009765625,-3.68359375,2.6025390625
0.5925,1.6416015625,-3.8837890625,2.2021484375
0.593,1.921875,-3.7236328125,1.8017578125
0.5935,2.4423828125,-3.7236328125,1.201171875
0.594,2.8427734375,-3.2431640625,0.3603515625
0.5945,3.283203125,-2.8427734375,-0.3603515625
0.595,3.5634765625,-2.322265625,-1.1611328125
0.5955,3.68359375,-1.9619140625,-1.681640625
0.596,3.4833984375,-1.3212890625,-2.08203125
0.5965,3.5234375,-0.720703125,-2.6826171875
0.597,3.123046875,0.080078125,-3.1630859375
0.5975,2.8427734375,0.7607421875,-3.5634765625
0.598,2.2822265625,1.521484375,-3.8037109375
0.5985,1.76171875,1.921875,-3.603515625
0.599,1.0009765625,2.4423828125,-3.4833984375
0.5995,0.2802734375,2.9228515625,-3.203125
0.6,-0.5205078125,3.2431640625,-2.8427734375
0.6005,-1.1611328125,3.5634765625,-2.5224609375
0.601,-1.6416015625,3.68359375,-2.162109375
0.6015,-1.9619140625,3.36328125,-1.6416015625
0.602,-2.5224609375,3.443359375,-1.12109375
0.6025,-2.8427734375,2.8427734375,-0.16015625
0.603,-3.283203125,2.6025390625,0.48046875
0.6035,-3.4833984375,2.001953125,1.28125
0.604,-3.4833984375,1.681640625,1.5615234375
0.6045,-3.283203125,1.0009765625,2.0419921875
0.605,-3.203125,0.400390625,2.6025390625
0.6055,-2.8427734375,-0.400390625,3.04296875
0.606,-2.5224609375,-1.041015625,3.36328125
0.6065,-2.001953125,-1.6416015625,3.5234375
0.607,-1.361328125,-2.001953125,3.283203125
0.6075,-0.7607421875,-2.642578125,3.283203125
0.608,0.0400390625,-3.0830078125,2.8828125
0.6085,0.720703125,-3.4833984375,2.6826171875
0.609,1.361328125,-3.763671875,2.2421875
0.6095,1.7216796875,-3.8037109375,2.001953125
0.61,2.0419921875,-3.5634765625,1.4013671875
0.6105,2.6025390625,-3.4833984375,0.880859375
0.611,3.0029296875,-2.8828125,-0.0400390625
0.6115,3.4033203125,-2.6025390625,-0.720703125
0.612,3.5634765625,-2.1220703125,-1.4013671875
0.6125,3.4833984375,-1.681640625,-1.681640625
0.613,3.4833984375,-1.0810546875,-2.322265625
0.6135,3.2431640625,-0.3203125,-2.8427734375
0.614,3.0029296875,0.3603515625,-3.283203125
0.6145,2.5625,1.041015625,-3.5634765625
0.615,2.162109375,1.5615234375,-3.68359375
0.6155,1.4013671875,1.9619140625,-3.4033203125
0.616,0.80078125,2.6025390625,-3.443359375
0.6165,-0.0400390625,3.0029296875,-2.962890625
0.617,-0.640625,3.3232421875,-2.802734375
0.6175,-1.28125,3.5234375,-2.40234375
0.618,-1.5615234375,3.4833984375,-2.1220703125
0.6185,-2.0419921875,3.4033203125,-1.4814453125
0.619,-2.5625,3.1630859375,-0.7607421875
0.6195,-2.962890625,2.72265625,0.0400390625
0.62,-3.283203125,2.3623046875,0.720703125
0.6205,-3.4833984375,1.9619140625,1.28125
0.621,-3.283203125,1.4013671875,1.6416015625
0.6215,-3.36328125,0.8408203125,2.2822265625
0.622,-2.9228515625,0.0,2.72265625
0.6225,-2.72265625,-0.640625,3.1630859375
0.623,-2.2421875,-1.3212890625,3.4033203125
0.6235,-1.8017578125,-1.7216796875,3.36328125
0.624,-1.041015625,-2.2822265625,3.203125
0.6245,-0.3603515625,-2.8828125,3.1630859375
0.625,0.4404296875,-3.2431640625,2.6826171875
0.6255,1.041015625,-3.603515625,2.5224609375
0.626,1.5615234375,-3.84375,2.1220703125
0.6265,1.841796875,-3.5634765625,1.76171875
0.627,2.482421875,-3.5634765625,1.12109375
0.6275,2.8427734375,-3.04296875,0.240234375
0.628,3.283203125,-2.72265625,-0.4404296875
0.6285,3.5234375,-2.2421875,-1.201171875
0.629,3.603515625,-1.921875,-1.6416015625
0.6295,3.443359375,-1.2412109375,-2.08203125
0.63,3.4833984375,-0.6005859375,-2.72265625
0.6305,3.04296875,0.240234375,-3.203125
0.631,2.7626953125,0.9208984375,-3.5634765625
0.6315,2.2021484375,1.5615234375,-3.7236328125
0.632,1.5615234375,1.921875,-3.5234375
0.6325,0.880859375,2.5625,-3.443359375
0.633,0.0400390625,3.0029296875,-3.0830078125
0.6335,-0.640625,3.3232421875,-2.72265625
0.634,-1.3212890625,3.5634765625,-2.40234375
0.6345,-1.7216796875,3.6435546875,-2.001953125
0.635,-2.0419921875,3.36328125,-1.44140625
0.6355,-2.642578125,3.36328125,-0.80078125
0.636,-2.962890625,2.6826171875,0.1201171875
0.6365,-3.4033203125,2.40234375,0.7607421875
0.637,-3.5234375,1.841796875,1.44140625
0.6375,-3.4033203125,1.4013671875,1.841796875
0.638,-3.203125,0.720703125,2.322265625
0.6385,-3.0830078125,0.0,2.8427734375
0.639,-2.6025390625,-0.7607421875,3.203125
0.6395,-2.2421875,-1.4013671875,3.4833984375
0.64,-1.7216796875,-1.9619140625,3.5234375
0.6405,-1.0009765625,-2.322265625,3.203125
0.641,-0.3203125,-2.962890625,3.203125
0.6415,0.560546875,-3.3232421875,2.6826171875
0.642,1.1611328125,-3.7236328125,2.40234375
0.6425,1.76171875,-3.8037109375,2.001953125
0.643,2.0419921875,-3.7236328125,1.6416015625
0.6435,2.482421875,-3.4033203125,1.0009765625
0.644,3.0029296875,-3.203125,0.2802734375
0.6445,3.2431640625,-2.6025390625,-0.6005859375
0.645,3.603515625,-2.2822265625,-1.2412109375
0.6455,3.68359375,-1.7216796875,-1.8818359375
0.646,3.4833984375,-1.2412109375,-2.162109375
0.6465,3.443359375,-0.560546875,-2.802734375
0.647,3.04296875,0.240234375,-3.203125
0.6475,2.72265625,0.9609375,-3.603515625
0.648,2.2021484375,1.5615234375,-3.7236328125
0.6485,1.6416015625,2.0419921875,-3.7236328125
0.649,0.8408203125,2.482421875,-3.36328125
0.6495,0.2001953125,3.04296875,-3.3232421875
0.65,-0.720703125,3.283203125,-2.72265625
0.6505,-1.28125,3.6435546875,-2.4423828125
0.651,-1.841796875,3.68359375,-1.9619140625
0.6515,-2.08203125,3.5234375,-1.521484375
0.652,-2.6025390625,3.3232421875,-0.8408203125
0.6525,-3.04296875,2.8828125,0.0
0.653,-3.36328125,2.40234375,0.7607421875
0.6535,-3.5634765625,1.9619140625,1.4013671875
0.654,-3.603515625,1.4814453125,1.921875
0.6545,-3.2431640625,0.8408203125,2.2421875
0.655,-3.2431640625,0.16015625,2.8828125
0.6555,-2.6826171875,-0.6806640625,3.203125
0.656,-2.3623046875,-1.3212890625,3.5234375
0.6565,-1.76171875,-1.9619140625,3.5634765625
0.657,-1.1611328125,-2.40234375,3.36328125
0.6575,-0.400390625,-2.8427734375,3.1630859375
0.658,0.2802734375,-3.36328125,2.9228515625
0.6585,1.201171875,-3.603515625,2.40234375
0.659,1.6416015625,-3.84375,2.162109375
0.6595,2.162109375,-3.84375,1.7216796875
0.66,2.40234375,-3.5234375,1.12109375
0.6605,3.0029296875,-3.4033203125,0.48046875
0.661,3.283203125,-2.72265625,-0.48046875
0.6615,3.603515625,-2.322265625,-1.201171875
0.662,3.68359375,-1.8017578125,-1.8017578125
0.6625,3.6435546875,-1.3212890625,-2.2421875
0.663,3.3232421875,-0.640625,-2.642578125
0.6635,3.283203125,0.0400390625,-3.2431640625
0.664,2.6826171875,0.9609375,-3.5634765625
0.6645,2.40234375,1.4814453125,-3.84375
0.665,1.76171875,2.0419921875,-3.8037109375
0.6655,1.0009765625,2.40234375,-3.4833984375
0.666,0.2802734375,2.9228515625,-3.36328125
0.6665,-0.560546875,3.36328125,-2.8427734375
0.667,-1.28125,3.68359375,-2.4423828125
0.6675,-1.7216796875,3.7236328125,-2.08203125
0.668,-2.162109375,3.7236328125,-1.6416015625
0.6685,-2.482421875,3.283203125,-1.0009765625
0.669,-3.0830078125,3.1630859375,-0.2802734375
0.6695,-3.3232421875,2.40234375,0.6806640625
0.67,-3.6435546875,2.162109375,1.28125
0.6705,-3.603515625,1.521484375,1.921875
0.671,-3.4833984375,1.0009765625,2.2421875
0.6715,-3.203125,0.240234375,2.802734375
0.672,-2.9228515625,-0.48046875,3.203125
0.6725,-2.4423828125,-1.3212890625,3.5634765625
0.673,-1.9619140625,-1.8818359375,3.6435546875
0.6735,-1.3212890625,-2.40234375,3.603515625
0.674,-0.560546875,-2.8427734375,3.203125
0.6745,0.1201171875,-3.36328125,3.1630859375
0.675,1.0810546875,-3.6435546875,2.5224609375
0.6755,1.681640625,-3.923828125,2.2421875
0.676,2.1220703125,-3.84375,1.76171875
0.6765,2.5224609375,-3.8037109375,1.28125
0.677,2.8828125,-3.36328125,0.5205078125
0.6775,3.4033203125,-3.0830078125,-0.240234375
0.678,3.6435546875,-2.322265625,-1.201171875
0.6785,3.84375,-1.9619140625,-1.76171875
0.679,3.8037109375,-1.361328125,-2.322265625
0.6795,3.5234375,-0.720703125,-2.6826171875
0.68,3.36328125,0.0,-3.283203125
0.6805,2.8828125,0.8408203125,-3.68359375
0.681,2.4423828125,1.5615234375,-3.9638671875
0.6815,1.8017578125,2.0419921875,-3.84375
0.682,1.1611328125,2.5625,-3.84375
0.6825,0.2802734375,3.0029296875,-3.3232421875
0.683,-0.400390625,3.5634765625,-3.203125
0.6835,-1.44140625,3.763671875,-2.4423828125
0.684,-1.921875,3.923828125,-2.1220703125
0.6845,-2.3623046875,3.8037109375,-1.5615234375
0.685,-2.72265625,3.5234375,-1.0009765625
0.6855,-3.1630859375,3.1630859375,-0.2001953125
0.686,-3.5634765625,2.6826171875,0.6806640625
0.6865,-3.84375,2.001953125,1.6015625
0.687,-3.8037109375,1.521484375,2.0419921875
0.6875,-3.7236328125,0.880859375,2.6025390625
0.688,-3.283203125,0.1201171875,2.962890625
0.6885,-3.123046875,-0.6005859375,3.5234375
0.689,-2.40234375,-1.6015625,3.8037109375
0.6895,-1.9619140625,-2.2421875,3.9638671875
0.69,-1.1611328125,-2.72265625,3.68359375
0.6905,-0.48046875,-3.203125,3.5634765625
0.691,0.3603515625,-3.5634765625,3.0830078125
0.6915,1.201171875,-4.00390625,2.72265625
0.692,2.2021484375,-4.2041015625,1.9619140625
0.6925,2.5625,-4.1640625,1.5615234375
0.693,3.04296875,-4.00390625,0.9609375
0.6935,3.3232421875,-3.5634765625,0.2802734375
0.694,3.763671875,-3.1630859375,-0.5205078125
0.6945,4.00390625,-2.3623046875,-1.521484375
0.695,4.2041015625,-1.76171875,-2.322265625
0.6955,3.923828125,-1.12109375,-2.72265625
0.696,3.84375,-0.5205078125,-3.2431640625
0.6965,3.3232421875,0.2802734375,-3.5634765625
0.697,3.04296875,1.0009765625,-4.0439453125
0.6975,2.2421875,2.0419921875,-4.2841796875
0.698,1.681640625,2.5224609375,-4.2841796875
0.6985,0.880859375,3.04296875,-3.923828125
0.699,0.1201171875,3.443359375,-3.603515625
0.6995,-0.720703125,3.8037109375,-3.123046875
0.7,-1.6015625,4.0439453125,-2.5625
0.7005,-2.482421875,4.2041015625,-1.921875
0.701,-2.72265625,3.9638671875,-1.361328125
0.7015,-3.203125,3.84375,-0.80078125
0.702,-3.443359375,3.2431640625,0.0
0.7025,-3.8837890625,2.8828125,0.7607421875
0.703,-4.0439453125,1.9619140625,1.841796875
0.7035,-4.1640625,1.44140625,2.5224609375
0.704,-3.8037109375,0.720703125,2.8427734375
0.7045,-3.68359375,0.1201171875,3.36328125
0.705,-3.0830078125,-0.80078125,3.68359375
0.7055,-2.6826171875,-1.5615234375,4.00390625
0.706,-1.9619140625,-2.5224609375,4.2041015625
0.7065,-1.28125,-2.8828125,4.00390625
0.707,-0.48046875,-3.4033203125,3.8037109375
0.7075,0.3603515625,-3.763671875,3.3232421875
0.708,1.201171875,-4.1640625,2.8828125
0.7085,2.1220703125,-4.3642578125,2.2021484375
0.709,2.8828125,-4.5244140625,1.6015625
0.7095,3.0830078125,-4.0439453125,1.0009765625
0.71,3.5634765625,-3.9638671875,0.48046875
0.7105,3.8037109375,-3.203125,-0.48046875
0.711,4.1240234375,-2.802734375,-1.2412109375
0.7115,4.32421875,-1.8818359375,-2.322265625
0.712,4.244140625,-1.28125,-2.8427734375
0.7125,3.8837890625,-0.5205078125,-3.2431640625
0.713,3.6435546875,0.0400390625,-3.68359375
0.7135,3.1630859375,0.9208984375,-4.00390625
0.714,2.6025390625,1.7216796875,-4.3642578125
0.7145,1.921875,2.642578125,-4.5244140625
0.715,1.12109375,2.9228515625,-4.0439453125
0.7155,0.3603515625,3.4833984375,-3.8837890625
0.716,-0.5205078125,3.763671875,-3.2431640625
0.7165,-1.28125,4.1240234375,-2.8828125
0.717,-2.2421875,4.2041015625,-2.1220703125
0.7175,-2.7626953125,4.2041015625,-1.6015625
0.718,-3.04296875,3.8037109375,-0.9208984375
0.7185,-3.443359375,3.6435546875,-0.3603515625
0.719,-3.68359375,2.8828125,0.560546875
0.7195,-4.0439453125,2.482421875,1.3212890625
0.72,-4.1640625,1.6015625,2.322265625
0.7205,-3.923828125,1.0810546875,2.6826171875
0.721,-3.7236328125,0.3203125,3.123046875
0.7215,-3.283203125,-0.400390625,3.4833984375
0.722,-2.8828125,-1.2412109375,3.84375
0.7225,-2.2421875,-2.001953125,4.083984375
0.723,-1.6416015625,-2.6826171875,4.1640625
0.7235,-0.80078125,-2.962890625,3.68359375
0.724,-0.16015625,-3.5634765625,3.6435546875
0.7245,0.7607421875,-3.84375,2.962890625
0.725,1.521484375,-4.2041015625,2.642578125
0.7255,2.40234375,-4.3642578125,1.921875
0.726,2.802734375,-4.2041015625,1.44140625
0.7265,3.1630859375,-3.8837890625,0.80078125
0.727,3.5634765625,-3.603515625,0.1201171875
0.7275,3.84375,-2.9228515625,-0.80078125
0.728,4.1240234375,-2.40234375,-1.6015625
0.7285,4.32421875,-1.681640625,-2.5224609375
0.729,3.9638671875,-1.041015625,-2.802734375
0.7295,3.8837890625,-0.400390625,-3.4033203125
0.73,3.36328125,0.400390625,-3.8037109375
0.7305,3.0029296875,1.2412109375,-4.1640625
0.731,2.2822265625,2.08203125,-4.3642578125
0.7315,1.6416015625,2.6826171875,-4.3642578125
0.732,0.7607421875,3.04296875,-3.84375
0.7325,0.0400390625,3.603515625,-3.7236328125
0.733,-0.9609375,3.84375,-2.962890625
0.7335,-1.6416015625,4.1240234375,-2.6025390625
0.734,-2.5224609375,4.2841796875,-1.921875
0.7345,-2.8427734375,3.9638671875,-1.3212890625
0.735,-3.2431640625,3.763671875,-0.6806640625
0.7355,-3.603515625,3.2431640625,0.16015625
0.736,-3.923828125,2.642578125,1.041015625
0.7365,-4.1240234375,1.9619140625,1.921875
0.737,-4.1640625,1.3212890625,2.6025390625
0.7375,-3.68359375,0.560546875,2.8828125
0.738,-3.68359375,-0.0400390625,3.443359375
0.7385,-2.962890625,-1.0009765625,3.763671875
0.739,-2.5625,-1.7216796875,4.083984375
0.7395,-1.8017578125,-2.5625,4.2041015625
0.74,-1.0810546875,-3.0029296875,3.9638671875
0.7405,-0.2802734375,-3.4033203125,3.5634765625
0.741,0.560546875,-3.8837890625,3.3232421875
0.7415,1.521484375,-4.1240234375,2.6025390625
0.742,2.162109375,-4.3642578125,2.2021484375
0.7425,2.8828125,-4.4443359375,1.5615234375
0.743,3.123046875,-3.923828125,0.880859375
0.7435,3.603515625,-3.8037109375,0.2802734375
0.744,3.84375,-3.04296875,-0.720703125
0.7445,4.1240234375,-2.5625,-1.521484375
0.745,4.2041015625,-1.8017578125,-2.3623046875
0.7455,4.2041015625,-1.2412109375,-2.8828125
0.746,3.7236328125,-0.48046875,-3.203125
0.7465,3.6435546875,0.2001953125,-3.7236328125
0.747,2.9228515625,1.12109375,-4.0439453125
0.7475,2.5224609375,1.841796875,-4.2841796875
0.748,1.76171875,2.6025390625,-4.3642578125
0.7485,0.9609375,2.9228515625,-3.923828125
0.749,0.2001953125,3.443359375,-3.68359375
0.7495,-0.640625,3.8037109375,-3.1630859375
0.75,-1.4814453125,4.00390625,-2.6025390625
0.7505,-2.1220703125,4.1240234375,-2.08203125
0.751,-2.642578125,4.083984375,-1.6015625
0.7515,-2.8828125,3.603515625,-0.9208984375
0.752,-3.36328125,3.5234375,-0.3203125
0.7525,-3.603515625,2.6826171875,0.6806640625
0.753,-3.923828125,2.2822265625,1.3212890625
0.7535,-4.00390625,1.5615234375,2.1220703125
0.754,-3.8037109375,1.0009765625,2.482421875
0.7545,-3.4833984375,0.3203125,2.9228515625
0.755,-3.2431640625,-0.3203125,3.36328125
0.7555,-2.642578125,-1.201171875,3.68359375
0.756,-2.2021484375,-1.8017578125,3.8837890625
0.7565,-1.6015625,-2.4423828125,3.923828125
0.757,-0.8408203125,-2.7626953125,3.4833984375
0.7575,-0.16015625,-3.36328125,3.4833984375
0.758,0.7607421875,-3.6435546875,2.8427734375
0.7585,1.4013671875,-4.00390625,2.5224609375
0.759,2.0419921875,-4.083984375,2.001953125
0.7595,2.482421875,-4.00390625,1.6015625
0.76,2.7626953125,-3.6435546875,0.9609375
0.7605,3.283203125,-3.4833984375,0.2802734375
0.761,3.5634765625,-2.802734375,-0.6806640625
0.7615,3.8837890625,-2.482421875,-1.361328125
0.762,3.9638671875,-1.8017578125,-2.1220703125
0.7625,3.763671875,-1.2412109375,-2.40234375
0.763,3.68359375,-0.5205078125,-3.04296875
0.7635,3.283203125,0.240234375,-3.443359375
0.764,2.8427734375,1.0009765625,-3.84375
0.7645,2.40234375,1.681640625,-4.00390625
0.765,1.8017578125,2.2421875,-4.00390625
0.7655,0.9609375,2.6025390625,-3.5634765625
0.766,0.2802734375,3.2431640625,-3.5634765625
0.7665,-0.640625,3.5234375,-2.8828125
0.767,-1.28125,3.84375,-2.642578125
0.7675,-1.9619140625,3.8837890625,-2.08203125
0.768,-2.2421875,3.68359375,-1.6416015625
0.7685,-2.6826171875,3.4833984375,-0.9609375
0.769,-3.1630859375,3.123046875,-0.16015625
0.7695,-3.4833984375,2.5224609375,0.720703125
0.77,-3.7236328125,2.08203125,1.3212890625
0.7705,-3.763671875,1.5615234375,1.921875
0.771,-3.4033203125,0.9609375,2.2421875
0.7715,-3.443359375,0.2802734375,2.9228515625
0.772,-2.8828125,-0.6005859375,3.2431640625
0.7725,-2.5625,-1.2412109375,3.6435546875
0.773,-1.9619140625,-1.921875,3.68359375
0.7735,-1.361328125,-2.2822265625,3.5634765625
0.774,-0.6005859375,-2.7626953125,3.283203125
0.7745,0.080078125,-3.3232421875,3.1630859375
0.775,0.9609375,-3.603515625,2.5625
0.7755,1.521484375,-3.8837890625,2.3623046875
0.776,2.0419921875,-3.923828125,1.8818359375
0.7765,2.2822265625,-3.6435546875,1.361328125
0.777,2.8828125,-3.5634765625,0.720703125
0.7775,3.203125,-2.962890625,-0.2001953125
0.778,3.5634765625,-2.642578125,-0.9208984375
0.7785,3.7236328125,-2.0419921875,-1.5615234375
0.779,3.763671875,-1.6416015625,-2.001953125
0.7795,3.4833984375,-0.9609375,-2.4423828125
0.78,3.4833984375,-0.3203125,-3.0830078125
0.7805,2.9228515625,0.560546875,-3.4833984375
0.781,2.6826171875,1.201171875,-3.8037109375
0.7815,2.0419921875,1.841796875,-3.84375
0.782,1.4013671875,2.2021484375,-3.603515625
0.7825,0.6806640625,2.802734375,-3.4833984375
0.783,-0.1201171875,3.203125,-3.0830078125
0.7835,-0.9208984375,3.5634765625,-2.72265625
0.784,-1.44140625,3.763671875,-2.40234375
0.7845,-1.921875,3.8037109375,-2.001953125
0.785,-2.2421875,3.443359375,-1.361328125
0.7855,-2.8828125,3.4033203125,-0.6806640625
0.786,-3.203125,2.642578125,0.240234375
0.7865,-3.5634765625,2.482421875,0.880859375
0.787,-3.603515625,1.841796875,1.5615234375
0.7875,-3.5634765625,1.4013671875,1.921875
0.788,-3.3232421875,0.6005859375,2.5224609375
0.7885,-3.1630859375,-0.080078125,3.04296875
0.789,-2.642578125,-0.9208984375,3.36328125
0.7895,-2.2421875,-1.521484375,3.5634765625
0.79,-1.681640625,-2.08203125,3.6435546875
0.7905,-0.9609375,-2.482421875,3.3232421875
0.791,-0.2802734375,-3.1630859375,3.3232421875
0.7915,0.640625,-3.443359375,2.6826171875
0.792,1.28125,-3.8037109375,2.4423828125
0.7925,1.841796875,-3.84375,2.001953125
0.793,2.162109375,-3.84375,1.6015625
0.7935,2.5625,-3.4833984375,0.9208984375
0.794,3.0830078125,-3.283203125,0.16015625
0.7945,3.3232421875,-2.5625,-0.720703125
0.795,3.68359375,-2.2822265625,-1.3212890625
0.7955,3.68359375,-1.681640625,-1.921875
0.796,3.4833984375,-1.1611328125,-2.2822265625
0.7965,3.443359375,-0.4404296875,-2.8828125
0.797,3.04296875,0.3203125,-3.283203125
0.7975,2.6826171875,1.041015625,-3.68359375
0.798,2.162109375,1.6015625,-3.7236328125
0.7985,1.5615234375,2.08203125,-3.7236328125
0.799,0.80078125,2.5224609375,-3.3232421875
0.7995,0.1201171875,3.123046875,-3.283203125
0.8,-0.7607421875,3.36328125,-2.642578125
0.8005,-1.28125,3.68359375,-2.4423828125
0.801,-1.76171875,3.6435546875,-1.9619140625
0.8015,-2.0419921875,3.4833984375,-1.5615234375
0.802,-2.6025390625,3.203125,-0.9208984375
0.8025,-3.04296875,2.8828125,-0.0400390625
0.803,-3.36328125,2.40234375,0.720703125
0.8035,-3.5634765625,2.0419921875,1.28125
0.804,-3.5634765625,1.5615234375,1.76171875
0.8045,-3.283203125,0.880859375,2.2021484375
0.805,-3.2431640625,0.240234375,2.8427734375
0.8055,-2.72265625,-0.640625,3.1630859375
0.806,-2.482421875,-1.2412109375,3.5234375
0.8065,-1.8818359375,-1.8017578125,3.5234375
0.807,-1.3212890625,-2.2421875,3.443359375
0.8075,-0.5205078125,-2.72265625,3.1630859375
0.808,0.2001953125,-3.283203125,3.0029296875
0.8085,1.041015625,-3.5634765625,2.5224609375
0.809,1.44140625,-3.84375,2.2822265625
0.8095,1.9619140625,-3.84375,1.841796875
0.81,2.2421875,-3.5634765625,1.2412109375
0.8105,2.8828125,-3.4033203125,0.560546875
0.811,3.203125,-2.7626953125,-0.3203125
0.8115,3.5634765625,-2.4423828125,-1.0009765625
0.812,3.6435546875,-1.9619140625,-1.6015625
0.8125,3.6435546875,-1.521484375,-2.0419921875
0.813,3.36328125,-0.720703125,-2.5224609375
0.8135,3.3232421875,-0.080078125,-3.1630859375
0.814,2.802734375,0.7607421875,-3.4833984375
0.8145,2.482421875,1.28125,-3.7236328125
0.815,1.841796875,1.921875,-3.7236328125
0.8155,1.1611328125,2.2822265625,-3.443359375
0.816,0.400390625,2.8828125,-3.3232421875
0.8165,-0.3603515625,3.203125,-2.8828125
0.817,-1.041015625,3.5234375,-2.5224609375
0.8175,-1.521484375,3.5634765625,-2.162109375
0.818,-1.9619140625,3.603515625,-1.8017578125
0.8185,-2.2822265625,3.2431640625,-1.12109375
0.819,-2.8828125,3.1630859375,-0.4404296875
0.8195,-3.1630859375,2.4423828125,0.48046875
0.82,-3.4833984375,2.2421875,1.0810546875
0.8205,-3.443359375,1.6416015625,1.5615234375
0.821,-3.36328125,1.201171875,1.921875
0.8215,-3.1630859375,0.4404296875,2.5224609375
0.822,-2.8828125,-0.2802734375,3.0029296875
0.8225,-2.482421875,-1.0009765625,3.3232421875
0.823,-2.0419921875,-1.521484375,3.4033203125
0.8235,-1.521484375,-2.0419921875,3.443359375
0.824,-0.7607421875,-2.4423828125,3.123046875
0.8245,-0.1201171875,-3.0830078125,3.123046875
0.825,0.720703125,-3.36328125,2.5625
0.8255,1.28125,-3.763671875,2.40234375
0.826,1.6015625,-3.7236328125,1.9619140625
0.8265,2.0419921875,-3.603515625,1.6015625
0.827,2.482421875,-3.283203125,0.880859375
0.8275,3.0029296875,-3.0830078125,0.1201171875
0.828,3.2431640625,-2.5224609375,-0.6806640625
0.8285,3.5234375,-2.2421875,-1.201171875
0.829,3.5234375,-1.7216796875,-1.7216796875
0.8295,3.4033203125,-1.1611328125,-2.1220703125
0.83,3.36328125,-0.48046875,-2.8427734375
0.8305,2.962890625,0.2802734375,-3.203125
0.831,2.72265625,0.9208984375,-3.5634765625
0.8315,2.162109375,1.4013671875,-3.5634765625
0.832,1.6015625,1.921875,-3.5634765625
0.8325,0.80078125,2.4423828125,-3.2431640625
0.833,0.1201171875,2.9228515625,-3.203125
0.8335,-0.640625,3.2431640625,-2.642578125
0.834,-1.0810546875,3.5234375,-2.5224609375
0.8345,-1.5615234375,3.5634765625,-2.08203125
0.835,-1.8818359375,3.4033203125,-1.6416015625
0.8355,-2.5224609375,3.203125,-0.8408203125
0.836,-2.8828125,2.7626953125,-0.0400390625
0.8365,-3.283203125,2.4423828125,0.640625
0.837,-3.36328125,2.0419921875,1.12109375
0.8375,-3.443359375,1.6015625,1.6416015625
0.838,-3.203125,0.880859375,2.1220703125
0.8385,-3.1630859375,0.16015625,2.7626953125
0.839,-2.642578125,-0.640625,3.123046875
0.8395,-2.4423828125,-1.1611328125,3.443359375
0.84,-1.8017578125,-1.7216796875,3.36328125
0.8405,-1.2412109375,-2.2021484375,3.3232421875
0.841,-0.400390625,-2.8828125,3.0830078125
0.8415,0.2802734375,-3.2431640625,2.8427734375
0.842,1.1611328125,-3.6435546875,2.3623046875
0.8425,1.44140625,-3.7236328125,2.2421875
0.843,1.921875,-3.763671875,1.841796875
0.8435,2.2822265625,-3.443359375,1.1611328125
0.844,2.8828125,-3.283203125,0.4404296875
0.8445,3.1630859375,-2.6025390625,-0.5205078125
0.845,3.5634765625,-2.3623046875,-1.1611328125
0.8455,3.5234375,-1.8017578125,-1.6416015625
0.846,3.5634765625,-1.361328125,-2.1220703125
0.8465,3.3232421875,-0.5205078125,-2.6826171875
0.847,3.1630859375,0.1201171875,-3.203125
0.8475,2.6826171875,0.9609375,-3.5634765625
0.848,2.2421875,1.44140625,-3.68359375
0.8485,1.6015625,2.001953125,-3.603515625
0.849,0.9208984375,2.4423828125,-3.36328125
0.8495,0.1201171875,2.962890625,-3.203125
0.85,-0.640625,3.4033203125,-2.642578125
0.8505,-1.3212890625,3.6435546875,-2.40234375
0.851,-1.681640625,3.5234375,-1.9619140625
0.8515,-2.1220703125,3.5234375,-1.5615234375
0.852,-2.482421875,3.1630859375,-0.80078125
0.8525,-3.04296875,2.962890625,-0.0400390625
0.853,-3.283203125,2.2421875,0.80078125
0.8535,-3.5234375,1.9619140625,1.3212890625
0.854,-3.4033203125,1.361328125,1.841796875
0.8545,-3.2431640625,0.8408203125,2.2421875
0.855,-3.04296875,0.0400390625,2.802734375
0.8555,-2.642578125,-0.6806640625,3.1630859375
0.856,-2.2822265625,-1.361328125,3.5234375
0.8565,-1.7216796875,-1.8017578125,3.4033203125
0.857,-1.201171875,-2.322265625,3.4833984375
0.8575,-0.3603515625,-2.7626953125,3.0029296875
0.858,0.2802734375,-3.36328125,2.8427734375
0.8585,1.1611328125,-3.5634765625,2.3623046875
0.859,1.6416015625,-3.8037109375,2.162109375
0.8595,1.9619140625,-3.6435546875,1.6416015625
0.86,2.40234375,-3.5634765625,1.201171875
0.8605,2.8427734375,-3.1630859375,0.3603515625
0.861,3.2431640625,-2.802734375,-0.3603515625
0.8615,3.5634765625,-2.2421875,-1.201171875
0.862,3.6435546875,-1.8818359375,-1.6416015625
0.8625,3.6435546875,-1.3212890625,-2.2021484375
0.863,3.36328125,-0.640625,-2.6025390625
0.8635,3.2431640625,0.080078125,-3.203125
0.864,2.72265625,0.880859375,-3.5634765625
0.8645,2.3623046875,1.521484375,-3.84375
0.865,1.5615234375,1.921875,-3.5234375
0.8655,1.0810546875,2.4423828125,-3.5634765625
0.866,0.2001953125,2.8828125,-3.203125
0.8665,-0.5205078125,3.36328125,-2.9228515625
0.867,-1.3212890625,3.6435546875,-2.40234375
0.8675,-1.681640625,3.68359375,-2.08203125
0.868,-2.162109375,3.603515625,-1.6015625
0.8685,-2.5224609375,3.3232421875,-1.0009765625
0.869,-3.04296875,3.04296875,-0.16015625
0.8695,-3.36328125,2.4423828125,0.6806640625
0.87,-3.603515625,2.001953125,1.44140625
0.8705,-3.4833984375,1.4814453125,1.8017578125
0.871,-3.4833984375,0.9609375,2.322265625
0.8715,-3.0830078125,0.1201171875,2.7626953125
0.872,-2.9228515625,-0.5205078125,3.2431640625
0.8725,-2.2822265625,-1.361328125,3.5234375
0.873,-1.8818359375,-2.001953125,3.4833984375
0.8735,-1.1611328125,-2.40234375,3.443359375
0.874,-0.5205078125,-2.8828125,3.2431640625
0.8745,0.2802734375,-3.2431640625,2.8828125
0.875,1.0810546875,-3.603515625,2.5224609375
0.8755,1.8017578125,-3.8837890625,2.0419921875
0.876,2.0419921875,-3.7236328125,1.681640625
0.8765,2.5224609375,-3.7236328125,1.2412109375
0.877,2.8427734375,-3.2431640625,0.4404296875
0.8775,3.36328125,-2.962890625,-0.2802734375
0.878,3.5634765625,-2.2822265625,-1.201171875
0.8785,3.763671875,-1.8818359375,-1.8017578125
0.879,3.5234375,-1.28125,-2.162109375
0.8795,3.5234375,-0.80078125,-2.642578125
0.88,3.1630859375,0.0,-3.123046875
0.8805,2.8828125,0.7607421875,-3.5634765625
0.881,2.40234375,1.521484375,-3.923828125
0.8815,1.8017578125,1.921875,-3.7236328125
0.882,1.12109375,2.4423828125,-3.603515625
0.8825,0.3603515625,2.8427734375,-3.2431640625
0.883,-0.3603515625,3.3232421875,-3.0029296875
0.8835,-1.1611328125,3.5634765625,-2.482421875
0.884,-1.76171875,3.8037109375,-2.1220703125
0.8845,-2.001953125,3.5234375,-1.6416015625
0.885,-2.5224609375,3.5634765625,-1.201171875
0.8855,-2.8828125,3.04296875,-0.3203125
0.886,-3.36328125,2.7626953125,0.400390625
0.8865,-3.5634765625,2.0419921875,1.28125
0.887,-3.6435546875,1.7216796875,1.76171875
0.8875,-3.4833984375,1.041015625,2.2421875
0.888,-3.283203125,0.4404296875,2.6826171875
0.8885,-2.962890625,-0.3203125,3.1630859375
0.889,-2.5224609375,-1.12109375,3.4833984375
0.8895,-2.08203125,-1.8818359375,3.7236328125
0.89,-1.4013671875,-2.2421875,3.4833984375
0.8905,-0.80078125,-2.7626953125,3.4833984375
0.891,0.0400390625,-3.1630859375,3.04296875
0.8915,0.7607421875,-3.603515625,2.802734375
0.892,1.6416015625,-3.8837890625,2.2421875
0.8925,2.08203125,-3.9638671875,1.8818359375
0.893,2.40234375,-3.7236328125,1.28125
0.8935,2.8828125,-3.5634765625,0.7607421875
0.894,3.2431640625,-3.04296875,-0.16015625
0.8945,3.6435546875,-2.6025390625,-0.9609375
0.895,3.84375,-1.9619140625,-1.8017578125
0.8955,3.7236328125,-1.44140625,-2.2021484375
0.896,3.68359375,-0.8408203125,-2.72265625
0.8965,3.3232421875,-0.080078125,-3.1630859375
0.897,3.04296875,0.640625,-3.6435546875
0.8975,2.482421875,1.44140625,-3.923828125
0.898,1.921875,2.08203125,-4.0439453125
0.8985,1.1611328125,2.482421875,-3.68359375
0.899,0.48046875,3.0830078125,-3.603515625
0.8995,-0.4404296875,3.4033203125,-3.0029296875
0.9,-1.1611328125,3.8037109375,-2.72265625
0.9005,-2.001953125,3.9638671875,-2.08203125
0.901,-2.40234375,3.84375,-1.6015625
0.9015,-2.7626953125,3.6435546875,-1.0009765625
0.902,-3.203125,3.283203125,-0.2802734375
0.9025,-3.5634765625,2.72265625,0.6005859375
0.903,-3.84375,2.162109375,1.44140625
0.9035,-4.00390625,1.521484375,2.2421875
0.904,-3.603515625,0.880859375,2.5224609375
0.9045,-3.603515625,0.2802734375,3.123046875
0.905,-3.0029296875,-0.6005859375,3.443359375
0.9055,-2.642578125,-1.4013671875,3.84375
0.906,-1.9619140625,-2.2822265625,4.00390625
0.9065,-1.28125,-2.7626953125,3.8837890625
0.907,-0.48046875,-3.1630859375,3.5234375
0.9075,0.2802734375,-3.68359375,3.3232421875
0.908,1.28125,-3.923828125,2.642578125
0.9085,1.9619140625,-4.2041015625,2.2421875
0.909,2.7626953125,-4.32421875,1.6015625
0.9095,2.962890625,-3.923828125,0.9609375
0.91,3.443359375,-3.763671875,0.400390625
0.9105,3.7236328125,-3.123046875,-0.5205078125
0.911,4.00390625,-2.5625,-1.361328125
0.9115,4.1240234375,-1.841796875,-2.2021484375
0.912,4.1640625,-1.2412109375,-2.8828125
0.9125,3.68359375,-0.48046875,-3.123046875
0.913,3.6435546875,0.080078125,-3.6435546875
0.9135,2.9228515625,1.041015625,-3.9638671875
0.914,2.482421875,1.76171875,-4.244140625
0.9145,1.8017578125,2.6025390625,-4.3642578125
0.915,1.0009765625,2.962890625,-4.00390625
0.9155,0.240234375,3.36328125,-3.6435546875
0.916,-0.640625,3.8037109375,-3.203125
0.9165,-1.5615234375,4.00390625,-2.5625
0.917,-2.2021484375,4.1240234375,-2.08203125
0.9175,-2.8427734375,4.1640625,-1.4814453125
0.918,-3.0029296875,3.68359375,-0.8408203125
0.9185,-3.5234375,3.603515625,-0.2802734375
0.919,-3.7236328125,2.72265625,0.80078125
0.9195,-4.0439453125,2.2822265625,1.521484375
0.92,-4.1240234375,1.521484375,2.3623046875
0.9205,-3.9638671875,0.9208984375,2.8427734375
0.921,-3.5634765625,0.16015625,3.1630859375
0.9215,-3.36328125,-0.5205078125,3.6435546875
0.922,-2.6025390625,-1.521484375,3.8837890625
0.9225,-2.1220703125,-2.1220703125,4.1240234375
0.923,-1.4013671875,-2.8828125,4.1640625
0.9235,-0.6005859375,-3.203125,3.68359375
0.924,0.080078125,-3.7236328125,3.5234375
0.9245,1.0810546875,-4.0439453125,2.8828125
0.925,1.921875,-4.2841796875,2.322265625
0.9255,2.5625,-4.3642578125,1.76171875
0.926,3.0830078125,-4.2841796875,1.28125
0.9265,3.283203125,-3.7236328125,0.5205078125
0.927,3.84375,-3.5634765625,-0.1201171875
0.9275,4.00390625,-2.6025390625,-1.28125
0.928,4.244140625,-2.2021484375,-1.9619140625
0.9285,4.2841796875,-1.4013671875,-2.72265625
0.929,3.9638671875,-0.80078125,-3.123046875
0.9295,3.68359375,-0.080078125,-3.5634765625
0.93,3.3232421875,0.720703125,-4.00390625
0.9305,2.6025390625,1.7216796875,-4.244140625
0.931,2.0419921875,2.2822265625,-4.3642578125
0.9315,1.361328125,2.9228515625,-4.32421875
0.932,0.48046875,3.203125,-3.7236328125
0.9325,-0.240234375,3.763671875,-3.5634765625
0.933,-1.3212890625,3.9638671875,-2.72265625
0.9335,-2.001953125,4.1640625,-2.2822265625
0.934,-2.5625,4.1240234375,-1.681640625
0.9345,-2.962890625,3.9638671875,-1.1611328125
0.935,-3.203125,3.4833984375,-0.400390625
0.9355,-3.7236328125,3.203125,0.3203125
0.936,-3.923828125,2.2822265625,1.4013671875
0.9365,-4.1240234375,1.921875,1.9619140625
0.937,-4.083984375,1.1611328125,2.6826171875
0.9375,-3.6435546875,0.48046875,2.9228515625
0.938,-3.4833984375,-0.2001953125,3.4833984375
0.9385,-2.8828125,-1.12109375,3.84375
0.939,-2.322265625,-1.9619140625,4.083984375
0.9395,-1.681640625,-2.5224609375,4.083984375
0.94,-1.041015625,-3.0830078125,3.9638671875
0.9405,-0.1201171875,-3.36328125,3.443359375
0.941,0.560546875,-3.9638671875,3.3232421875
0.9415,1.6416015625,-4.1240234375,2.40234375
0.942,2.2021484375,-4.3642578125,2.1220703125
0.9425,2.8427734375,-4.2841796875,1.521484375
0.943,3.123046875,-3.9638671875,0.9208984375
0.9435,3.4833984375,-3.603515625,0.16015625
0.944,3.8837890625,-3.0830078125,-0.720703125
0.9445,4.1240234375,-2.322265625,-1.681640625
0.945,4.2041015625,-1.841796875,-2.2421875
0.9455,4.1640625,-1.1611328125,-2.8828125
0.946,3.68359375,-0.4404296875,-3.203125
0.9465,3.603515625,0.240234375,-3.84375
0.947,2.8427734375,1.28125,-4.1240234375
0.9475,2.40234375,1.9619140625,-4.3642578125
0.948,1.6416015625,2.6025390625,-4.2041015625
0.9485,0.9208984375,3.0830078125,-4.00390625
0.949,0.0,3.4033203125,-3.4833984375
0.9495,-0.720703125,3.923828125,-3.2431640625
0.95,-1.8017578125,4.083984375,-2.40234375
0.9505,-2.2421875,4.1640625,-2.0419921875
0.951,-2.8427734375,4.083984375,-1.44140625
0.9515,-3.0830078125,3.68359375,-0.720703125
0.952,-3.5634765625,3.4033203125,0.0
0.9525,-3.84375,2.642578125,0.9609375
0.953,-4.083984375,2.0419921875,1.8017578125
0.9535,-4.00390625,1.4013671875,2.2822265625
0.954,-3.923828125,0.8408203125,2.8427734375
0.9545,-3.4033203125,0.0,3.1630859375
0.955,-3.2431640625,-0.640625,3.763671875
0.9555,-2.40234375,-1.7216796875,3.9638671875
0.956,-1.9619140625,-2.2822265625,4.1240234375
0.9565,-1.1611328125,-2.8828125,3.9638671875
0.957,-0.4404296875,-3.2431640625,3.6435546875
0.9575,0.3603515625,-3.7236328125,3.2431640625
0.958,1.2412109375,-4.083984375,2.802734375
0.9585,2.162109375,-4.32421875,2.08203125
0.959,2.5224609375,-4.244140625,1.7216796875
0.9595,3.0830078125,-4.1640625,1.12109375
0.96,3.283203125,-3.603515625,0.3603515625
0.9605,3.84375,-3.36328125,-0.3203125
0.961,4.00390625,-2.4423828125,-1.44140625
0.9615,4.2041015625,-2.0419921875,-2.1220703125
0.962,4.083984375,-1.3212890625,-2.642578125
0.9625,3.8837890625,-0.720703125,-3.1630859375
0.963,3.443359375,0.1201171875,-3.4833984375
0.9635,3.203125,0.880859375,-4.00390625
0.964,2.4423828125,1.841796875,-4.244140625
0.9645,1.921875,2.322265625,-4.244140625
0.965,1.201171875,2.8828125,-4.083984375
0.9655,0.3203125,3.203125,-3.603515625
0.966,-0.400390625,3.7236328125,-3.36328125
0.9665,-1.361328125,3.9638671875,-2.6025390625
0.967,-2.08203125,4.1240234375,-2.162109375
0.9675,-2.4423828125,3.9638671875,-1.6416015625
0.968,-2.8828125,3.84375,-1.12109375
0.9685,-3.1630859375,3.283203125,-0.3203125
0.969,-3.68359375,3.0830078125,0.3603515625
0.9695,-3.84375,2.1220703125,1.44140625
0.97,-4.00390625,1.8017578125,1.921875
0.9705,-3.84375,1.0810546875,2.482421875
0.971,-3.5634765625,0.48046875,2.8427734375
0.9715,-3.203125,-0.3203125,3.3232421875
0.972,-2.7626953125,-1.0810546875,3.68359375
0.9725,-2.2021484375,-1.921875,3.9638671875
0.973,-1.6416015625,-2.322265625,3.84375
0.9735,-1.0009765625,-2.8828125,3.763671875
0.974,-0.1201171875,-3.203125,3.2431640625
0.9745,0.560546875,-3.763671875,3.123046875
0.975,1.5615234375,-3.923828125,2.3623046875
0.9755,2.0419921875,-4.1640625,2.08203125
0.976,2.4423828125,-3.9638671875,1.5615234375
0.9765,2.8427734375,-3.8037109375,1.041015625
0.977,3.203125,-3.3232421875,0.2001953125
0.9775,3.68359375,-3.0029296875,-0.6005859375
0.978,3.84375,-2.2822265625,-1.4814453125
0.9785,3.923828125,-1.9619140625,-1.9619140625
0.979,3.84375,-1.2412109375,-2.5224609375
0.9795,3.5234375,-0.6005859375,-2.8828125
0.98,3.443359375,0.16015625,-3.4833984375
0.9805,2.802734375,1.041015625,-3.8037109375
0.981,2.4423828125,1.6416015625,-4.083984375
0.9815,1.76171875,2.1220703125,-3.84375
0.982,1.12109375,2.642578125,-3.8037109375
0.9825,0.2001953125,3.04296875,-3.283203125
0.983,-0.4404296875,3.5634765625,-3.1630859375
0.9835,-1.3212890625,3.7236328125,-2.4423828125
0.984,-1.7216796875,3.84375,-2.2822265625
0.9845,-2.2021484375,3.763671875,-1.681640625
0.985,-2.5224609375,3.4833984375,-1.12109375
0.9855,-3.04296875,3.1630859375,-0.3203125
0.986,-3.36328125,2.6025390625,0.5205078125
0.9865,-3.68359375,2.162109375,1.2412109375
0.987,-3.603515625,1.7216796875,1.681640625
0.9875,-3.603515625,1.201171875,2.2021484375
0.988,-3.203125,0.400390625,2.6025390625
0.9885,-3.1630859375,-0.2802734375,3.203125
0.989,-2.5224609375,-1.1611328125,3.4833984375
0.9895,-2.2021484375,-1.6416015625,3.68359375
0.99,-1.4814453125,-2.1220703125,3.5234375
0.9905,-0.9208984375,-2.6025390625,3.443359375
0.991,-0.0400390625,-3.1630859375,3.123046875
0.9915,0.6806640625,-3.5634765625,2.802734375
0.992,1.44140625,-3.84375,2.3623046875
0.9925,1.76171875,-3.84375,2.08203125
0.993,2.2421875,-3.84375,1.6015625
0.9935,2.6025390625,-3.4833984375,0.880859375
0.994,3.203125,-3.283203125,0.1201171875
0.9945,3.443359375,-2.642578125,-0.80078125
0.995,3.8037109375,-2.2822265625,-1.361328125
0.9955,3.6435546875,-1.681640625,-1.8818359375
0.996,3.68359375,-1.2412109375,-2.3623046875
0.9965,3.36328125,-0.3603515625,-2.9228515625
0.997,3.1630859375,0.3203125,-3.4833984375
0.9975,2.6826171875,1.201171875,-3.8037109375
0.998,2.2421875,1.6416015625,-3.84375
0.9985,1.521484375,2.2421875,-3.7236328125
0.999,0.720703125,2.6826171875,-3.443359375
0.9995,0.0,3.2431640625,-3.2431640625
