wavelength,x,y,z
0.0,3.9638671875,-2.2421875,-2.2822265625
0.0005,3.5634765625,-1.3212890625,-2.8427734375
0.001,3.443359375,-0.6806640625,-3.3232421875
0.0015,2.802734375,0.2802734375,-3.5234375
0.002,2.5224609375,0.9208984375,-3.84375
0.0025,1.76171875,1.9619140625,-4.083984375
0.003,1.12109375,2.40234375,-3.8837890625
0.0035,0.4404296875,3.04296875,-3.8037109375
0.004,-0.3203125,3.283203125,-3.36328125
0.0045,-1.0009765625,3.6435546875,-3.0029296875
0.005,-2.001953125,3.84375,-2.2421875
0.0055,-2.8828125,4.083984375,-1.6015625
0.006,-3.283203125,3.68359375,-0.80078125
0.0065,-3.84375,3.763671875,-0.3603515625
0.007,-3.923828125,3.04296875,0.4404296875
0.0075,-4.244140625,2.8427734375,0.9609375
0.008,-4.4443359375,1.921875,1.9619140625
0.0085,-4.3642578125,1.3212890625,2.5224609375
0.009,-4.083984375,0.3603515625,3.123046875
0.0095,-3.8037109375,-0.2802734375,3.5234375
0.01,-3.203125,-1.1611328125,3.8037109375
0.0105,-2.72265625,-1.921875,4.00390625
0.011,-1.9619140625,-2.9228515625,4.2041015625
0.0115,-1.1611328125,-3.283203125,3.8037109375
0.012,-0.560546875,-3.923828125,3.84375
0.0125,0.2802734375,-4.1240234375,3.1630859375
0.013,1.0009765625,-4.4443359375,2.7626953125
0.0135,2.08203125,-4.564453125,1.921875
0.014,2.8427734375,-4.6845703125,1.201171875
0.0145,3.1630859375,-4.2041015625,0.48046875
0.015,3.6435546875,-4.1640625,0.0
0.0155,3.763671875,-3.4833984375,-0.80078125
0.016,3.9638671875,-3.0830078125,-1.44140625
0.0165,4.1640625,-2.2822265625,-2.482421875
0.017,3.84375,-1.4814453125,-2.8828125
0.0175,3.6435546875,-0.6005859375,-3.5234375
0.018,3.0830078125,0.240234375,-3.763671875
0.0185,2.6025390625,1.0009765625,-4.00390625
0.019,1.921875,1.8818359375,-4.2041015625
0.0195,1.2412109375,2.7626953125,-4.3642578125
0.02,0.3203125,3.0830078125,-3.8037109375
0.0205,-0.2001953125,3.68359375,-3.84375
0.021,-1.1611328125,3.8037109375,-2.962890625
0.0215,-1.8818359375,4.1240234375,-2.6025390625
0.022,-3.04296875,4.2841796875,-1.6015625
0.0225,-3.6435546875,4.1240234375,-0.9208984375
0.023,-4.00390625,3.7236328125,-0.16015625
0.0235,-4.32421875,3.4833984375,0.4404296875
0.024,-4.4443359375,2.7626953125,1.2412109375
0.0245,-4.564453125,2.2021484375,1.8818359375
0.025,-4.8046875,1.3212890625,2.8828125
0.0255,-4.2041015625,0.4404296875,3.2431640625
0.026,-4.1240234375,-0.3203125,3.84375
0.0265,-3.36328125,-1.2412109375,3.9638671875
0.027,-2.9228515625,-1.9619140625,4.244140625
0.0275,-2.0419921875,-2.9228515625,4.32421875
0.028,-1.2412109375,-3.7236328125,4.32421875
0.0285,-0.3603515625,-4.00390625,3.68359375
0.029,0.240234375,-4.5244140625,3.68359375
0.0295,1.3212890625,-4.6044921875,2.6826171875
0.03,1.9619140625,-4.8447265625,2.2421875
0.0305,3.1630859375,-5.0048828125,1.28125
0.031,3.5234375,-4.6044921875,0.48046875
0.0315,3.8837890625,-4.32421875,-0.2001953125
0.032,4.1640625,-3.8037109375,-0.80078125
0.0325,4.244140625,-3.203125,-1.7216796875
0.033,4.2841796875,-2.482421875,-2.40234375
0.0335,4.484375,-1.6015625,-3.36328125
0.034,3.68359375,-0.560546875,-3.6435546875
0.0345,3.5634765625,0.16015625,-4.1640625
0.035,2.6025390625,1.28125,-4.244140625
0.0355,2.162109375,1.921875,-4.5244140625
0.036,1.28125,2.9228515625,-4.5244140625
0.0365,0.4404296875,3.5634765625,-4.32421875
0.037,-0.48046875,3.84375,-3.763671875
0.0375,-1.1611328125,4.32421875,-3.5234375
0.038,-2.3623046875,4.404296875,-2.4423828125
0.0385,-2.9228515625,4.484375,-1.9619140625
0.039,-4.0439453125,4.564453125,-0.9208984375
0.0395,-4.32421875,3.9638671875,-0.1201171875
0.04,-4.6845703125,3.8037109375,0.560546875
0.0405,-4.8447265625,2.962890625,1.361328125
0.041,-4.8447265625,2.2421875,2.08203125
0.0415,-4.8447265625,1.44140625,2.8828125
0.042,-4.884765625,0.640625,3.763671875
0.0425,-4.00390625,-0.5205078125,3.923828125
0.043,-3.923828125,-1.1611328125,4.484375
0.0435,-2.7626953125,-2.322265625,4.484375
0.044,-2.322265625,-2.9228515625,4.6044921875
0.0445,-1.2412109375,-3.8837890625,4.484375
0.045,-0.400390625,-4.4443359375,4.1240234375
0.0455,0.4404296875,-4.6845703125,3.603515625
0.046,1.2412109375,-5.0849609375,3.1630859375
0.0465,2.40234375,-5.125,2.08203125
0.047,2.962890625,-5.0849609375,1.521484375
0.0475,3.923828125,-5.0849609375,0.6005859375
0.048,4.00390625,-4.404296875,-0.240234375
0.0485,4.404296875,-4.244140625,-0.80078125
0.049,4.6044921875,-3.203125,-1.921875
0.0495,4.6044921875,-2.642578125,-2.5224609375
0.05,4.4443359375,-1.6416015625,-3.2431640625
0.0505,4.32421875,-0.8408203125,-4.00390625
0.051,3.443359375,0.2802734375,-4.1240234375
0.0515,3.2431640625,0.9208984375,-4.564453125
0.052,2.0419921875,2.2421875,-4.64453125
0.0525,1.6416015625,2.72265625,-4.724609375
0.053,0.6005859375,3.68359375,-4.5244140625
0.0535,-0.3203125,4.0439453125,-4.083984375
0.054,-1.041015625,4.32421875,-3.603515625
0.0545,-2.08203125,4.6044921875,-2.9228515625
0.055,-3.203125,4.7646484375,-1.9619140625
0.0555,-3.8037109375,4.5244140625,-1.201171875
0.056,-4.64453125,4.484375,-0.3603515625
0.0565,-4.6845703125,3.68359375,0.5205078125
0.057,-4.96484375,3.5234375,1.0009765625
0.0575,-5.0849609375,2.40234375,2.2421875
0.058,-5.125,1.841796875,2.8427734375
0.0585,-4.8447265625,0.7607421875,3.5234375
0.059,-4.64453125,-0.080078125,4.1640625
0.0595,-3.7236328125,-1.1611328125,4.32421875
0.06,-3.443359375,-1.841796875,4.64453125
0.0605,-2.2421875,-3.1630859375,4.6845703125
0.061,-1.6416015625,-3.5634765625,4.564453125
0.0615,-0.640625,-4.4443359375,4.32421875
0.062,0.2802734375,-4.6845703125,3.763671875
0.0625,0.9609375,-4.96484375,3.3232421875
0.063,2.0419921875,-5.125,2.4423828125
0.0635,2.962890625,-5.2451171875,1.6416015625
0.064,3.443359375,-4.96484375,0.80078125
0.0645,4.1240234375,-4.884765625,0.080078125
0.065,4.1240234375,-4.0439453125,-0.7607421875
0.0655,4.484375,-3.84375,-1.201171875
0.066,4.5244140625,-2.6826171875,-2.40234375
0.0665,4.484375,-2.162109375,-2.8828125
0.067,4.2041015625,-1.12109375,-3.603515625
0.0675,3.84375,-0.3203125,-4.0439453125
0.068,3.123046875,0.6806640625,-4.2041015625
0.0685,2.6826171875,1.44140625,-4.5244140625
0.069,1.76171875,2.5625,-4.64453125
0.0695,1.12109375,2.962890625,-4.4443359375
0.07,0.240234375,3.8037109375,-4.32421875
0.0705,-0.6806640625,3.9638671875,-3.6435546875
0.071,-1.3212890625,4.3642578125,-3.36328125
0.0715,-2.6025390625,4.484375,-2.2822265625
0.072,-3.36328125,4.6044921875,-1.681640625
0.0725,-3.923828125,4.2041015625,-0.80078125
0.073,-4.5244140625,4.1240234375,-0.1201171875
0.0735,-4.564453125,3.36328125,0.7607421875
0.074,-4.8447265625,3.123046875,1.28125
0.0745,-4.96484375,2.0419921875,2.482421875
0.075,-4.8447265625,1.4013671875,2.9228515625
0.0755,-4.64453125,0.400390625,3.68359375
0.076,-4.083984375,-0.5205078125,4.00390625
0.0765,-3.5234375,-1.361328125,4.2841796875
0.077,-2.8427734375,-2.2421875,4.4443359375
0.0775,-2.001953125,-3.2431640625,4.6044921875
0.078,-1.201171875,-3.603515625,4.1240234375
0.0785,-0.400390625,-4.3642578125,4.083984375
0.079,0.48046875,-4.484375,3.3232421875
0.0795,1.12109375,-4.8447265625,3.04296875
0.08,2.3623046875,-4.96484375,1.921875
0.0805,3.0029296875,-5.0048828125,1.3212890625
0.081,3.4833984375,-4.6044921875,0.4404296875
0.0815,3.8837890625,-4.3642578125,-0.1201171875
0.082,3.9638671875,-3.7236328125,-0.8408203125
0.0825,4.1640625,-3.283203125,-1.44140625
0.083,4.3642578125,-2.4423828125,-2.482421875
0.0835,4.083984375,-1.7216796875,-2.8828125
0.084,3.9638671875,-0.8408203125,-3.603515625
0.0845,3.203125,0.1201171875,-3.763671875
0.085,2.9228515625,0.80078125,-4.1640625
0.0855,2.08203125,1.76171875,-4.2841796875
0.086,1.5615234375,2.5224609375,-4.5244140625
0.0865,0.6806640625,2.962890625,-4.00390625
0.087,0.0400390625,3.603515625,-4.00390625
0.0875,-0.880859375,3.763671875,-3.2431640625
0.088,-1.5615234375,4.1240234375,-2.962890625
0.0885,-2.72265625,4.244140625,-1.9619140625
0.089,-3.2431640625,4.1240234375,-1.361328125
0.0895,-3.8837890625,3.9638671875,-0.560546875
0.09,-4.1240234375,3.6435546875,0.080078125
0.0905,-4.3642578125,3.1630859375,0.7607421875
0.091,-4.484375,2.5224609375,1.4814453125
0.0915,-4.8046875,1.841796875,2.40234375
0.092,-4.32421875,1.0009765625,2.802734375
0.0925,-4.3642578125,0.2802734375,3.5634765625
0.093,-3.5634765625,-0.720703125,3.68359375
0.0935,-3.36328125,-1.361328125,4.1240234375
0.094,-2.40234375,-2.4423828125,4.2041015625
0.0945,-1.841796875,-3.0830078125,4.2841796875
0.095,-0.9208984375,-3.5634765625,3.84375
0.0955,-0.3203125,-4.1240234375,3.763671875
0.096,0.560546875,-4.32421875,3.04296875
0.0965,1.3212890625,-4.64453125,2.6025390625
0.097,2.4423828125,-4.8447265625,1.681640625
0.0975,2.8427734375,-4.5244140625,1.0810546875
0.098,3.443359375,-4.4443359375,0.4404296875
0.0985,3.5634765625,-3.8837890625,-0.2802734375
0.099,3.84375,-3.5634765625,-0.9208984375
0.0995,3.923828125,-2.7626953125,-1.681640625
0.1,4.1240234375,-2.2021484375,-2.482421875
0.1005,3.68359375,-1.28125,-2.8828125
0.101,3.603515625,-0.640625,-3.4833984375
0.1015,2.7626953125,0.3603515625,-3.5634765625
0.102,2.6025390625,0.9609375,-4.00390625
0.1025,1.76171875,2.001953125,-4.1640625
0.103,1.201171875,2.482421875,-4.0439453125
0.1035,0.400390625,3.04296875,-3.8037109375
0.104,-0.2802734375,3.3232421875,-3.5234375
0.1045,-1.041015625,3.603515625,-3.04296875
0.105,-1.921875,3.84375,-2.4423828125
0.1055,-2.8828125,4.1240234375,-1.6416015625
0.106,-3.203125,3.7236328125,-1.0009765625
0.1065,-3.8037109375,3.84375,-0.4404296875
0.107,-3.8837890625,3.123046875,0.3203125
0.1075,-4.244140625,2.9228515625,0.880859375
0.108,-4.3642578125,2.08203125,1.8017578125
0.1085,-4.484375,1.5615234375,2.40234375
0.109,-4.0439453125,0.6005859375,2.9228515625
0.1095,-3.923828125,0.0,3.443359375
0.11,-3.203125,-1.0009765625,3.6435546875
0.1105,-2.962890625,-1.6416015625,3.9638671875
0.111,-2.08203125,-2.6826171875,4.1240234375
0.1115,-1.44140625,-3.0830078125,3.84375
0.112,-0.720703125,-3.763671875,3.8037109375
0.1125,0.0400390625,-4.00390625,3.203125
0.113,0.80078125,-4.3642578125,2.8427734375
0.1135,1.76171875,-4.5244140625,2.08203125
0.114,2.6025390625,-4.6845703125,1.44140625
0.1145,2.9228515625,-4.2041015625,0.6806640625
0.115,3.443359375,-4.244140625,0.240234375
0.1155,3.5234375,-3.5634765625,-0.6005859375
0.116,3.84375,-3.203125,-1.1611328125
0.1165,3.9638671875,-2.40234375,-2.1220703125
0.117,3.84375,-1.7216796875,-2.6025390625
0.1175,3.5234375,-0.8408203125,-3.203125
0.118,3.1630859375,-0.080078125,-3.5234375
0.1185,2.6025390625,0.6806640625,-3.763671875
0.119,2.1220703125,1.44140625,-4.00390625
0.1195,1.44140625,2.40234375,-4.1640625
0.12,0.640625,2.642578125,-3.7236328125
0.1205,0.1201171875,3.2431640625,-3.763671875
0.121,-0.80078125,3.36328125,-3.0830078125
0.1215,-1.4814453125,3.8037109375,-2.72265625
0.122,-2.5224609375,3.9638671875,-1.8017578125
0.1225,-3.123046875,3.923828125,-1.2412109375
0.123,-3.4833984375,3.5234375,-0.48046875
0.1235,-3.84375,3.443359375,0.0
0.124,-3.9638671875,2.802734375,0.7607421875
0.1245,-4.2041015625,2.40234375,1.28125
0.125,-4.4443359375,1.6416015625,2.2421875
0.1255,-4.0439453125,0.9208984375,2.6025390625
0.126,-3.9638671875,0.16015625,3.283203125
0.1265,-3.36328125,-0.640625,3.443359375
0.127,-3.0830078125,-1.361328125,3.84375
0.1275,-2.3623046875,-2.2021484375,3.8837890625
0.128,-1.681640625,-2.962890625,4.00390625
0.1285,-0.9208984375,-3.36328125,3.5634765625
0.129,-0.400390625,-3.923828125,3.5634765625
0.1295,0.560546875,-4.00390625,2.8427734375
0.13,1.2412109375,-4.3642578125,2.5224609375
0.1305,2.2822265625,-4.5244140625,1.6416015625
0.131,2.72265625,-4.3642578125,1.041015625
0.1315,3.1630859375,-4.1640625,0.400390625
0.132,3.443359375,-3.84375,-0.16015625
0.1325,3.68359375,-3.3232421875,-0.9208984375
0.133,3.8037109375,-2.7626953125,-1.6015625
0.1335,4.0439453125,-2.1220703125,-2.482421875
0.134,3.4833984375,-1.1611328125,-2.8828125
0.1345,3.4833984375,-0.5205078125,-3.4833984375
0.135,2.6826171875,0.48046875,-3.5634765625
0.1355,2.4423828125,1.12109375,-4.00390625
0.136,1.6416015625,1.9619140625,-4.083984375
0.1365,0.9609375,2.6025390625,-4.00390625
0.137,0.240234375,2.962890625,-3.603515625
0.1375,-0.400390625,3.4833984375,-3.4833984375
0.138,-1.4013671875,3.6435546875,-2.6025390625
0.1385,-2.08203125,3.8837890625,-2.2421875
0.139,-3.0830078125,4.083984375,-1.361328125
0.1395,-3.36328125,3.603515625,-0.6806640625
0.14,-3.84375,3.5634765625,-0.16015625
0.1405,-3.9638671875,2.962890625,0.560546875
0.141,-4.2041015625,2.5224609375,1.2412109375
0.1415,-4.244140625,1.8017578125,1.9619140625
0.142,-4.3642578125,1.201171875,2.72265625
0.1425,-3.763671875,0.2001953125,3.04296875
0.143,-3.8037109375,-0.3603515625,3.5634765625
0.1435,-2.8828125,-1.3212890625,3.68359375
0.144,-2.642578125,-2.001953125,3.9638671875
0.1445,-1.76171875,-2.962890625,3.9638671875
0.145,-1.041015625,-3.443359375,3.763671875
0.1455,-0.3603515625,-3.8037109375,3.5234375
0.146,0.400390625,-4.1640625,3.1630859375
0.1465,1.3212890625,-4.404296875,2.40234375
0.147,2.0419921875,-4.564453125,1.921875
0.1475,2.9228515625,-4.6845703125,1.1611328125
0.148,3.1630859375,-4.1640625,0.4404296875
0.1485,3.6435546875,-4.1640625,0.0
0.149,3.763671875,-3.36328125,-1.0009765625
0.1495,4.00390625,-2.962890625,-1.6015625
0.15,3.9638671875,-2.08203125,-2.4423828125
0.1505,3.9638671875,-1.361328125,-3.0830078125
0.151,3.283203125,-0.3603515625,-3.36328125
0.1515,3.1630859375,0.2802734375,-3.84375
0.152,2.2421875,1.3212890625,-4.00390625
0.1525,1.921875,1.921875,-4.244140625
0.153,1.0009765625,2.802734375,-4.244140625
0.1535,0.2001953125,3.1630859375,-3.8037109375
0.154,-0.4404296875,3.6435546875,-3.5634765625
0.1545,-1.44140625,3.8837890625,-2.8828125
0.155,-2.322265625,4.1240234375,-2.2021484375
0.1555,-3.0830078125,4.083984375,-1.44140625
0.156,-3.8037109375,4.1240234375,-0.80078125
0.1565,-3.8837890625,3.4833984375,0.0
0.157,-4.32421875,3.443359375,0.4404296875
0.1575,-4.404296875,2.40234375,1.521484375
0.158,-4.5244140625,2.0419921875,2.0419921875
0.1585,-4.5244140625,1.12109375,2.8828125
0.159,-4.2041015625,0.3203125,3.36328125
0.1595,-3.68359375,-0.6005859375,3.68359375
0.16,-3.36328125,-1.3212890625,4.00390625
0.1605,-2.4423828125,-2.40234375,4.1240234375
0.161,-1.921875,-2.962890625,4.1240234375
0.1615,-1.0009765625,-3.763671875,4.1240234375
0.162,-0.2001953125,-4.00390625,3.5634765625
0.1625,0.4404296875,-4.484375,3.4033203125
0.163,1.5615234375,-4.64453125,2.482421875
0.1635,2.322265625,-4.8447265625,1.921875
0.164,3.04296875,-4.6845703125,1.0810546875
0.1645,3.603515625,-4.64453125,0.4404296875
0.165,3.763671875,-3.9638671875,-0.3603515625
0.1655,4.1240234375,-3.8037109375,-0.880859375
0.166,4.2041015625,-2.7626953125,-2.001953125
0.1665,4.2041015625,-2.2822265625,-2.5224609375
0.167,4.1640625,-1.3212890625,-3.36328125
0.1675,3.68359375,-0.400390625,-3.7236328125
0.168,3.123046875,0.4404296875,-4.0439453125
0.1685,2.5625,1.3212890625,-4.3642578125
0.169,1.76171875,2.322265625,-4.5244140625
0.1695,1.0810546875,2.8427734375,-4.32421875
0.17,0.240234375,3.68359375,-4.244140625
0.1705,-0.640625,3.84375,-3.5634765625
0.171,-1.28125,4.244140625,-3.3232421875
0.1715,-2.6025390625,4.404296875,-2.2021484375
0.172,-3.3232421875,4.484375,-1.5615234375
0.1725,-4.00390625,4.2041015625,-0.640625
0.173,-4.484375,4.00390625,0.0400390625
0.1735,-4.5244140625,3.283203125,0.80078125
0.174,-4.8046875,2.9228515625,1.4013671875
0.1745,-4.9248046875,1.921875,2.5625
0.175,-4.724609375,1.2412109375,3.0029296875
0.1755,-4.6044921875,0.2802734375,3.8037109375
0.176,-3.8837890625,-0.6806640625,4.00390625
0.1765,-3.5234375,-1.4814453125,4.32421875
0.177,-2.642578125,-2.5224609375,4.484375
0.1775,-1.8818359375,-3.36328125,4.6044921875
0.178,-1.0009765625,-3.84375,4.1640625
0.1785,-0.240234375,-4.5244140625,4.083984375
0.179,0.6806640625,-4.6044921875,3.3232421875
0.1795,1.3212890625,-5.0048828125,3.0029296875
0.18,2.6826171875,-5.125,1.8017578125
0.1805,3.2431640625,-5.0849609375,1.201171875
0.181,3.84375,-4.724609375,0.2802734375
0.1815,4.244140625,-4.4443359375,-0.400390625
0.182,4.32421875,-3.8037109375,-1.12109375
0.1825,4.484375,-3.203125,-1.8818359375
0.183,4.6845703125,-2.2822265625,-2.9228515625
0.1835,4.244140625,-1.4013671875,-3.36328125
0.184,4.1640625,-0.560546875,-4.1640625
0.1845,3.2431640625,0.48046875,-4.244140625
0.185,2.9228515625,1.201171875,-4.6044921875
0.1855,1.921875,2.3623046875,-4.64453125
0.186,1.2412109375,3.1630859375,-4.8046875
0.1865,0.240234375,3.603515625,-4.1640625
0.187,-0.48046875,4.2041015625,-4.1240234375
0.1875,-1.4013671875,4.244140625,-3.2431640625
0.188,-2.162109375,4.6044921875,-2.8427734375
0.1885,-3.5234375,4.7646484375,-1.6416015625
0.189,-4.0439453125,4.484375,-0.880859375
0.1895,-4.564453125,4.1640625,0.0
0.19,-4.8447265625,3.7236328125,0.6806640625
0.1905,-4.9248046875,3.123046875,1.4013671875
0.191,-5.044921875,2.2822265625,2.2421875
0.1915,-5.205078125,1.44140625,3.2431640625
0.192,-4.6044921875,0.4404296875,3.5634765625
0.1925,-4.564453125,-0.400390625,4.32421875
0.193,-3.5634765625,-1.44140625,4.32421875
0.1935,-3.203125,-2.0419921875,4.64453125
0.194,-2.1220703125,-3.2431640625,4.724609375
0.1945,-1.3212890625,-3.9638671875,4.64453125
0.195,-0.3203125,-4.3642578125,4.0439453125
0.1955,0.3603515625,-4.9248046875,3.8837890625
0.196,1.28125,-4.9248046875,3.0029296875
0.1965,2.08203125,-5.1650390625,2.4423828125
0.197,3.36328125,-5.3251953125,1.3212890625
0.1975,3.763671875,-4.884765625,0.5205078125
0.198,4.2841796875,-4.64453125,-0.240234375
0.1985,4.404296875,-4.00390625,-0.9609375
0.199,4.5244140625,-3.4833984375,-1.6015625
0.1995,4.564453125,-2.5625,-2.5224609375
0.2,4.6845703125,-1.841796875,-3.4833984375
0.2005,3.923828125,-0.7607421875,-3.763671875
0.201,3.8837890625,0.0,-4.404296875
0.2015,2.8427734375,1.12109375,-4.32421875
0.202,2.5224609375,1.7216796875,-4.64453125
0.2025,1.4814453125,2.8828125,-4.724609375
0.203,0.6806640625,3.443359375,-4.484375
0.2035,-0.2001953125,3.8837890625,-4.00390625
0.204,-0.9609375,4.244140625,-3.7236328125
0.2045,-1.841796875,4.3642578125,-2.8828125
0.205,-2.642578125,4.5244140625,-2.2822265625
0.2055,-3.8837890625,4.724609375,-1.28125
0.206,-4.1240234375,4.083984375,-0.400390625
0.2065,-4.6845703125,4.0439453125,0.240234375
0.207,-4.6845703125,3.203125,1.0009765625
0.2075,-4.884765625,2.802734375,1.6015625
0.208,-4.9248046875,1.841796875,2.5625
0.2085,-4.96484375,1.0810546875,3.3232421875
0.209,-4.2841796875,0.0,3.68359375
0.2095,-4.2041015625,-0.6806640625,4.2841796875
0.21,-3.203125,-1.681640625,4.2841796875
0.2105,-2.8427734375,-2.322265625,4.5244140625
0.211,-1.76171875,-3.5634765625,4.6044921875
0.2115,-0.9609375,-3.9638671875,4.2041015625
0.212,-0.16015625,-4.484375,3.9638671875
0.2125,0.6806640625,-4.7646484375,3.443359375
0.213,1.5615234375,-4.884765625,2.6826171875
0.2135,2.40234375,-5.044921875,1.9619140625
0.214,3.4833984375,-5.125,1.12109375
0.2145,3.68359375,-4.484375,0.240234375
0.215,4.1240234375,-4.484375,-0.3203125
0.2155,4.1640625,-3.5634765625,-1.1611328125
0.216,4.3642578125,-3.203125,-1.8017578125
0.2165,4.4443359375,-2.2421875,-2.7626953125
0.217,4.244140625,-1.44140625,-3.36328125
0.2175,3.68359375,-0.3603515625,-3.8037109375
0.218,3.36328125,0.3603515625,-4.1640625
0.2185,2.5224609375,1.3212890625,-4.2041015625
0.219,2.08203125,1.921875,-4.484375
0.2195,1.1611328125,3.04296875,-4.5244140625
0.22,0.2802734375,3.3232421875,-3.9638671875
0.2205,-0.3203125,3.84375,-3.8837890625
0.221,-1.28125,4.00390625,-3.123046875
0.2215,-2.0419921875,4.2841796875,-2.6025390625
0.222,-2.962890625,4.32421875,-1.76171875
0.2225,-3.763671875,4.3642578125,-1.0009765625
0.223,-4.00390625,3.7236328125,-0.16015625
0.2235,-4.4443359375,3.7236328125,0.2802734375
0.224,-4.4443359375,2.802734375,1.1611328125
0.2245,-4.64453125,2.40234375,1.7216796875
0.225,-4.7646484375,1.44140625,2.72265625
0.2255,-4.3642578125,0.6806640625,3.1630859375
0.226,-4.083984375,-0.2001953125,3.68359375
0.2265,-3.5634765625,-0.9609375,3.9638671875
0.227,-2.9228515625,-1.8017578125,4.1240234375
0.2275,-2.3623046875,-2.5625,4.2041015625
0.228,-1.5615234375,-3.443359375,4.32421875
0.2285,-0.640625,-3.7236328125,3.68359375
0.229,-0.1201171875,-4.32421875,3.763671875
0.2295,0.9208984375,-4.404296875,2.8427734375
0.23,1.5615234375,-4.724609375,2.482421875
0.2305,2.6025390625,-4.8046875,1.5615234375
0.231,3.1630859375,-4.64453125,0.9208984375
0.2315,3.4833984375,-4.244140625,0.16015625
0.232,3.84375,-4.1240234375,-0.3603515625
0.2325,3.9638671875,-3.3232421875,-1.28125
0.233,4.083984375,-2.8828125,-1.8818359375
0.2335,4.2841796875,-1.9619140625,-2.8427734375
0.234,3.68359375,-1.041015625,-3.203125
0.2345,3.5234375,-0.2802734375,-3.7236328125
0.235,2.8427734375,0.640625,-3.8837890625
0.2355,2.3623046875,1.4013671875,-4.1640625
0.236,1.6416015625,2.2021484375,-4.244140625
0.2365,0.9208984375,2.9228515625,-4.2041015625
0.237,0.080078125,3.1630859375,-3.603515625
0.2375,-0.5205078125,3.7236328125,-3.603515625
0.238,-1.6015625,3.84375,-2.6025390625
0.2385,-2.2021484375,4.083984375,-2.2822265625
0.239,-3.203125,4.1240234375,-1.3212890625
0.2395,-3.5634765625,3.8037109375,-0.6806640625
0.24,-3.8837890625,3.4833984375,0.0
0.2405,-4.1240234375,3.0830078125,0.5205078125
0.241,-4.32421875,2.482421875,1.28125
0.2415,-4.32421875,1.921875,1.921875
0.242,-4.484375,1.2412109375,2.802734375
0.2425,-3.84375,0.2802734375,3.04296875
0.243,-3.84375,-0.3603515625,3.6435546875
0.2435,-3.0029296875,-1.3212890625,3.68359375
0.244,-2.72265625,-1.9619140625,4.0439453125
0.2445,-1.8818359375,-2.802734375,3.9638671875
0.245,-1.1611328125,-3.36328125,3.8837890625
0.2455,-0.48046875,-3.7236328125,3.4833984375
0.246,0.2001953125,-4.1640625,3.3232421875
0.2465,1.2412109375,-4.32421875,2.482421875
0.247,1.8818359375,-4.564453125,2.08203125
0.2475,2.72265625,-4.64453125,1.28125
0.248,3.04296875,-4.2841796875,0.6005859375
0.2485,3.5234375,-4.1640625,0.0400390625
0.249,3.6435546875,-3.5634765625,-0.720703125
0.2495,3.9638671875,-3.0830078125,-1.44140625
0.25,3.923828125,-2.2822265625,-2.162109375
0.2505,3.9638671875,-1.6416015625,-2.8828125
0.251,3.3232421875,-0.640625,-3.203125
0.2515,3.283203125,0.0,-3.763671875
0.252,2.3623046875,1.0810546875,-3.84375
0.2525,2.08203125,1.6416015625,-4.1640625
0.253,1.201171875,2.5224609375,-4.1240234375
0.2535,0.48046875,2.962890625,-3.84375
0.254,-0.2001953125,3.36328125,-3.5234375
0.2545,-1.041015625,3.7236328125,-3.04296875
0.255,-2.001953125,3.923828125,-2.2822265625
0.2555,-2.6826171875,3.9638671875,-1.681640625
0.256,-3.36328125,3.9638671875,-1.041015625
0.2565,-3.5634765625,3.4033203125,-0.3203125
0.257,-4.00390625,3.36328125,0.1201171875
0.2575,-4.1240234375,2.5224609375,1.0810546875
0.258,-4.3642578125,2.2421875,1.6416015625
0.2585,-4.244140625,1.3212890625,2.40234375
0.259,-4.1640625,0.6806640625,2.962890625
0.2595,-3.5634765625,-0.240234375,3.2431640625
0.26,-3.4033203125,-0.80078125,3.68359375
0.2605,-2.5625,-1.8017578125,3.8037109375
0.261,-2.2021484375,-2.3623046875,3.923828125
0.2615,-1.361328125,-3.1630859375,3.8837890625
0.262,-0.640625,-3.4833984375,3.5234375
0.2625,0.0,-3.923828125,3.3232421875
0.263,0.9208984375,-4.1640625,2.6025390625
0.2635,1.6416015625,-4.4443359375,2.162109375
0.264,2.322265625,-4.4443359375,1.44140625
0.2645,2.9228515625,-4.4443359375,0.9208984375
0.265,3.123046875,-3.923828125,0.2001953125
0.2655,3.5234375,-3.8837890625,-0.2802734375
0.266,3.68359375,-3.0029296875,-1.2412109375
0.2665,3.8837890625,-2.642578125,-1.76171875
0.267,3.84375,-1.8017578125,-2.5625
0.2675,3.5234375,-1.041015625,-3.04296875
0.268,3.1630859375,-0.2001953125,-3.4033203125
0.2685,2.72265625,0.6005859375,-3.8037109375
0.269,2.08203125,1.521484375,-4.00390625
0.2695,1.5615234375,2.0419921875,-4.0439453125
0.27,0.80078125,2.8427734375,-4.00390625
0.2705,0.0400390625,3.0830078125,-3.5234375
0.271,-0.6005859375,3.603515625,-3.4033203125
0.2715,-1.7216796875,3.8037109375,-2.4423828125
0.272,-2.4423828125,4.00390625,-2.0419921875
0.2725,-3.1630859375,3.84375,-1.1611328125
0.273,-3.603515625,3.763671875,-0.640625
0.2735,-3.8037109375,3.2431640625,0.1201171875
0.274,-4.1240234375,3.0029296875,0.640625
0.2745,-4.32421875,2.2021484375,1.6015625
0.275,-4.2841796875,1.681640625,2.1220703125
0.2755,-4.244140625,0.880859375,2.8828125
0.276,-3.7236328125,0.0400390625,3.1630859375
0.2765,-3.4833984375,-0.720703125,3.603515625
0.277,-2.7626953125,-1.6015625,3.8037109375
0.2775,-2.2822265625,-2.40234375,4.00390625
0.278,-1.4814453125,-2.9228515625,3.8037109375
0.2785,-0.880859375,-3.5634765625,3.8037109375
0.279,-0.080078125,-3.763671875,3.1630859375
0.2795,0.560546875,-4.2041015625,3.04296875
0.28,1.7216796875,-4.4443359375,2.0419921875
0.2805,2.2421875,-4.564453125,1.6015625
0.281,2.9228515625,-4.404296875,0.8408203125
0.2815,3.2431640625,-4.1640625,0.3203125
0.282,3.5234375,-3.763671875,-0.3203125
0.2825,3.7236328125,-3.283203125,-1.0009765625
0.283,4.00390625,-2.642578125,-1.921875
0.2835,3.84375,-1.9619140625,-2.4423828125
0.284,3.84375,-1.1611328125,-3.203125
0.2845,3.1630859375,-0.2001953125,-3.4033203125
0.285,3.0029296875,0.48046875,-3.8837890625
0.2855,2.1220703125,1.521484375,-4.0439453125
0.286,1.7216796875,2.2421875,-4.32421875
0.2865,0.80078125,2.7626953125,-3.9638671875
0.287,0.16015625,3.36328125,-3.8837890625
0.2875,-0.6806640625,3.5234375,-3.203125
0.288,-1.44140625,3.8837890625,-2.9228515625
0.2885,-2.6025390625,4.1240234375,-1.9619140625
0.289,-3.1630859375,4.00390625,-1.3212890625
0.2895,-3.84375,3.8837890625,-0.5205078125
0.29,-4.00390625,3.4833984375,0.1201171875
0.2905,-4.2841796875,3.123046875,0.720703125
0.291,-4.404296875,2.3623046875,1.5615234375
0.2915,-4.64453125,1.7216796875,2.40234375
0.292,-4.2041015625,0.880859375,2.8427734375
0.2925,-4.2041015625,0.1201171875,3.5234375
0.293,-3.4033203125,-0.8408203125,3.68359375
0.2935,-3.203125,-1.44140625,4.0439453125
0.294,-2.2021484375,-2.5625,4.1240234375
0.2945,-1.6416015625,-3.203125,4.1240234375
0.295,-0.7607421875,-3.7236328125,3.8037109375
0.2955,-0.1201171875,-4.1640625,3.603515625
0.296,0.6806640625,-4.3642578125,2.962890625
0.2965,1.521484375,-4.64453125,2.4423828125
0.297,2.642578125,-4.8447265625,1.5615234375
0.2975,3.04296875,-4.5244140625,0.880859375
0.298,3.6435546875,-4.484375,0.240234375
0.2985,3.763671875,-3.84375,-0.48046875
0.299,4.00390625,-3.5634765625,-1.0810546875
0.2995,4.1240234375,-2.642578125,-2.001953125
0.3,4.32421875,-2.0419921875,-2.802734375
0.3005,3.8037109375,-1.041015625,-3.203125
0.301,3.68359375,-0.3203125,-3.84375
0.3015,2.802734375,0.6806640625,-3.923828125
0.302,2.5224609375,1.3212890625,-4.32421875
0.3025,1.5615234375,2.5224609375,-4.5244140625
0.303,0.880859375,3.04296875,-4.244140625
0.3035,0.0400390625,3.5634765625,-4.00390625
0.304,-0.6806640625,3.8837890625,-3.603515625
0.3045,-1.5615234375,4.1240234375,-2.962890625
0.305,-2.482421875,4.3642578125,-2.2421875
0.3055,-3.6435546875,4.5244140625,-1.3212890625
0.306,-3.923828125,3.9638671875,-0.48046875
0.3065,-4.5244140625,3.9638671875,0.1201171875
0.307,-4.5244140625,3.1630859375,0.9208984375
0.3075,-4.7646484375,2.7626953125,1.5615234375
0.308,-4.8447265625,1.76171875,2.6025390625
0.3085,-4.8046875,1.0009765625,3.283203125
0.309,-4.2041015625,0.0,3.7236328125
0.3095,-4.00390625,-0.7607421875,4.2041015625
0.31,-3.0830078125,-1.76171875,4.2041015625
0.3105,-2.642578125,-2.4423828125,4.484375
0.311,-1.6416015625,-3.603515625,4.5244140625
0.3115,-0.7607421875,-4.00390625,4.083984375
0.312,0.0,-4.564453125,3.8837890625
0.3125,0.80078125,-4.7646484375,3.2431640625
0.313,1.681640625,-4.884765625,2.6025390625
0.3135,2.6025390625,-5.044921875,1.8017578125
0.314,3.5634765625,-5.125,0.9208984375
0.3145,3.8037109375,-4.4443359375,0.0400390625
0.315,4.2841796875,-4.4443359375,-0.48046875
0.3155,4.32421875,-3.5234375,-1.361328125
0.316,4.4443359375,-3.04296875,-1.9619140625
0.3165,4.564453125,-2.0419921875,-3.0830078125
0.317,4.32421875,-1.201171875,-3.603515625
0.3175,3.763671875,-0.2001953125,-4.0439453125
0.318,3.3232421875,0.6005859375,-4.404296875
0.3185,2.5224609375,1.6015625,-4.5244140625
0.319,1.921875,2.3623046875,-4.64453125
0.3195,0.9609375,3.4833984375,-4.7646484375
0.32,0.0,3.68359375,-4.1240234375
0.3205,-0.640625,4.244140625,-4.00390625
0.321,-1.7216796875,4.484375,-3.0830078125
0.3215,-2.5625,4.6044921875,-2.4423828125
0.322,-3.5634765625,4.64453125,-1.5615234375
0.3225,-4.3642578125,4.6044921875,-0.640625
0.323,-4.5244140625,3.8837890625,0.240234375
0.3235,-4.96484375,3.763671875,0.7607421875
0.324,-4.96484375,2.72265625,1.76171875
0.3245,-5.044921875,2.2421875,2.322265625
0.325,-5.125,1.1611328125,3.443359375
0.3255,-4.6044921875,0.240234375,3.84375
0.326,-4.1640625,-0.720703125,4.32421875
0.3265,-3.5634765625,-1.5615234375,4.484375
0.327,-2.72265625,-2.5625,4.6044921875
0.3275,-2.0419921875,-3.203125,4.64453125
0.328,-1.041015625,-4.2841796875,4.6044921875
0.3285,0.0,-4.5244140625,3.84375
0.329,0.5205078125,-4.96484375,3.8037109375
0.3295,1.76171875,-5.125,2.6826171875
0.33,2.4423828125,-5.205078125,2.162109375
0.3305,3.443359375,-5.205078125,1.12109375
0.331,4.0439453125,-5.0048828125,0.3603515625
0.3315,4.2041015625,-4.3642578125,-0.4404296875
0.332,4.5244140625,-4.1240234375,-1.0009765625
0.3325,4.6044921875,-3.0830078125,-2.1220703125
0.333,4.564453125,-2.5224609375,-2.6025390625
0.3335,4.64453125,-1.4814453125,-3.68359375
0.334,3.9638671875,-0.48046875,-4.00390625
0.3345,3.5634765625,0.400390625,-4.4443359375
0.335,2.802734375,1.4013671875,-4.564453125
0.3355,2.0419921875,2.2822265625,-4.64453125
0.336,1.28125,2.9228515625,-4.64453125
0.3365,0.3603515625,3.84375,-4.564453125
0.337,-0.6005859375,4.00390625,-3.8037109375
0.3375,-1.201171875,4.484375,-3.68359375
0.338,-2.5224609375,4.564453125,-2.4423828125
0.3385,-3.0830078125,4.64453125,-1.9619140625
0.339,-4.0439453125,4.5244140625,-0.9208984375
0.3395,-4.484375,4.1640625,-0.16015625
0.34,-4.64453125,3.6435546875,0.6005859375
0.3405,-4.884765625,3.203125,1.2412109375
0.341,-5.0048828125,2.2822265625,2.2421875
0.3415,-4.8447265625,1.6416015625,2.72265625
0.342,-4.9248046875,0.720703125,3.68359375
0.3425,-4.1240234375,-0.3203125,3.8837890625
0.343,-3.923828125,-1.041015625,4.3642578125
0.3435,-3.0830078125,-2.2021484375,4.484375
0.344,-2.40234375,-2.8828125,4.6044921875
0.3445,-1.4814453125,-3.6435546875,4.404296875
0.345,-0.640625,-4.2841796875,4.244140625
0.3455,0.240234375,-4.484375,3.5634765625
0.346,0.880859375,-4.9248046875,3.36328125
0.3465,2.162109375,-5.0048828125,2.2021484375
0.347,2.6826171875,-5.0849609375,1.76171875
0.3475,3.5634765625,-5.0048828125,0.80078125
0.348,3.84375,-4.5244140625,0.080078125
0.3485,4.1640625,-4.1640625,-0.6005859375
0.349,4.32421875,-3.5634765625,-1.361328125
0.3495,4.484375,-2.802734375,-2.2822265625
0.35,4.32421875,-2.001953125,-2.8427734375
0.3505,4.3642578125,-1.1611328125,-3.7236328125
0.351,3.4833984375,-0.080078125,-3.84375
0.3515,3.3232421875,0.48046875,-4.404296875
0.352,2.2421875,1.76171875,-4.4443359375
0.3525,1.76171875,2.3623046875,-4.5244140625
0.353,0.8408203125,3.1630859375,-4.3642578125
0.3535,0.0400390625,3.68359375,-4.1240234375
0.354,-0.7607421875,3.8837890625,-3.5234375
0.3545,-1.5615234375,4.2841796875,-3.0830078125
0.355,-2.72265625,4.404296875,-2.08203125
0.3555,-3.203125,4.32421875,-1.521484375
0.356,-4.00390625,4.2841796875,-0.6806640625
0.3565,-4.2041015625,3.68359375,0.1201171875
0.357,-4.5244140625,3.443359375,0.640625
0.3575,-4.6044921875,2.5625,1.5615234375
0.358,-4.7646484375,2.0419921875,2.2421875
0.3585,-4.5244140625,1.12109375,2.8427734375
0.359,-4.5244140625,0.4404296875,3.5234375
0.3595,-3.68359375,-0.640625,3.68359375
0.36,-3.5634765625,-1.2412109375,4.1240234375
0.3605,-2.5625,-2.4423828125,4.2041015625
0.361,-2.1220703125,-2.8828125,4.32421875
0.3615,-1.12109375,-3.603515625,4.083984375
0.362,-0.400390625,-4.00390625,3.7236328125
0.3625,0.3203125,-4.32421875,3.3232421875
0.363,1.2412109375,-4.564453125,2.72265625
0.3635,2.162109375,-4.8046875,1.9619140625
0.364,2.6826171875,-4.64453125,1.361328125
0.3645,3.36328125,-4.64453125,0.640625
0.365,3.5234375,-4.00390625,-0.080078125
0.3655,3.923828125,-3.923828125,-0.6005859375
0.366,4.00390625,-2.962890625,-1.6015625
0.3665,4.1640625,-2.6025390625,-2.162109375
0.367,3.9638671875,-1.6416015625,-2.8828125
0.3675,3.84375,-0.9609375,-3.443359375
0.368,3.123046875,0.0400390625,-3.7236328125
0.3685,2.8828125,0.6806640625,-4.1240234375
0.369,2.001953125,1.841796875,-4.244140625
0.3695,1.5615234375,2.322265625,-4.244140625
0.37,0.6806640625,3.0830078125,-4.1240234375
0.3705,-0.1201171875,3.36328125,-3.603515625
0.371,-0.80078125,3.8037109375,-3.36328125
0.3715,-1.8818359375,4.00390625,-2.5224609375
0.372,-2.72265625,4.244140625,-1.9619140625
0.3725,-3.203125,3.9638671875,-1.1611328125
0.373,-3.84375,3.9638671875,-0.6005859375
0.3735,-3.923828125,3.283203125,0.240234375
0.374,-4.32421875,3.1630859375,0.720703125
0.3745,-4.4443359375,2.2021484375,1.76171875
0.375,-4.484375,1.7216796875,2.2421875
0.3755,-4.2041015625,0.7607421875,2.9228515625
0.376,-3.8837890625,0.0400390625,3.3232421875
0.3765,-3.4033203125,-0.8408203125,3.603515625
0.377,-2.962890625,-1.5615234375,3.84375
0.3775,-2.2822265625,-2.4423828125,4.083984375
0.378,-1.6015625,-2.8828125,3.84375
0.3785,-0.9208984375,-3.603515625,3.84375
0.379,-0.16015625,-3.8037109375,3.2431640625
0.3795,0.48046875,-4.2041015625,3.0830078125
0.38,1.5615234375,-4.3642578125,2.2021484375
0.3805,2.2021484375,-4.564453125,1.76171875
0.381,2.72265625,-4.32421875,0.9609375
0.3815,3.1630859375,-4.244140625,0.48046875
0.382,3.36328125,-3.7236328125,-0.2802734375
0.3825,3.68359375,-3.4833984375,-0.80078125
0.383,3.8837890625,-2.72265625,-1.76171875
0.3835,3.84375,-2.2021484375,-2.2421875
0.384,3.84375,-1.361328125,-3.0029296875
0.3845,3.2431640625,-0.5205078125,-3.283203125
0.385,3.0029296875,0.2802734375,-3.7236328125
0.3855,2.322265625,1.201171875,-3.923828125
0.386,1.8818359375,1.9619140625,-4.244140625
0.3865,1.0810546875,2.4423828125,-3.8837890625
0.387,0.4404296875,3.123046875,-3.923828125
0.3875,-0.4404296875,3.3232421875,-3.283203125
0.388,-1.12109375,3.8037109375,-3.0830078125
0.3885,-2.2822265625,4.00390625,-2.08203125
0.389,-2.8828125,4.00390625,-1.6015625
0.3895,-3.443359375,3.8037109375,-0.80078125
0.39,-3.763671875,3.5634765625,-0.240234375
0.3905,-4.00390625,3.123046875,0.48046875
0.391,-4.2041015625,2.5625,1.1611328125
0.3915,-4.484375,1.921875,2.0419921875
0.392,-4.1640625,1.12109375,2.482421875
0.3925,-4.1640625,0.400390625,3.1630859375
0.393,-3.4033203125,-0.5205078125,3.36328125
0.3935,-3.2431640625,-1.12109375,3.8037109375
0.394,-2.40234375,-2.08203125,3.8837890625
0.3945,-1.921875,-2.72265625,4.00390625
0.395,-1.0810546875,-3.203125,3.6435546875
0.3955,-0.5205078125,-3.7236328125,3.5634765625
0.396,0.3203125,-3.8837890625,2.962890625
0.3965,1.0009765625,-4.244140625,2.6025390625
0.397,2.08203125,-4.484375,1.76171875
0.3975,2.5224609375,-4.32421875,1.2412109375
0.398,3.04296875,-4.244140625,0.6005859375
0.3985,3.203125,-3.8037109375,0.0
0.399,3.5634765625,-3.5634765625,-0.6005859375
0.3995,3.68359375,-2.9228515625,-1.4013671875
0.4,3.923828125,-2.40234375,-2.1220703125
0.4005,3.5234375,-1.5615234375,-2.5625
0.401,3.5634765625,-0.9208984375,-3.203125
0.4015,2.802734375,0.1201171875,-3.36328125
0.402,2.6826171875,0.6806640625,-3.84375
0.4025,1.921875,1.7216796875,-4.00390625
0.403,1.4013671875,2.2421875,-4.00390625
0.4035,0.6005859375,2.802734375,-3.763671875
0.404,0.0,3.1630859375,-3.5234375
0.4045,-0.8408203125,3.5234375,-3.0830078125
0.405,-1.7216796875,3.8037109375,-2.5224609375
0.4055,-2.72265625,4.083984375,-1.76171875
0.406,-3.0830078125,3.68359375,-1.041015625
0.4065,-3.68359375,3.8037109375,-0.560546875
0.407,-3.8037109375,3.1630859375,0.240234375
0.4075,-4.1640625,2.8828125,0.7607421875
0.408,-4.244140625,2.08203125,1.681640625
0.4085,-4.4443359375,1.521484375,2.322265625
0.409,-4.00390625,0.6005859375,2.8427734375
0.4095,-3.923828125,0.0,3.36328125
0.41,-3.203125,-1.0009765625,3.5634765625
0.4105,-2.9228515625,-1.6015625,3.8837890625
0.411,-2.0419921875,-2.642578125,4.0439453125
0.4115,-1.361328125,-3.0830078125,3.8037109375
0.412,-0.720703125,-3.603515625,3.68359375
0.4125,0.0400390625,-3.8837890625,3.203125
0.413,0.80078125,-4.2041015625,2.7626953125
0.4135,1.7216796875,-4.404296875,2.08203125
0.414,2.5625,-4.564453125,1.361328125
0.4145,2.8427734375,-4.1240234375,0.640625
0.415,3.36328125,-4.1640625,0.240234375
0.4155,3.443359375,-3.5234375,-0.6005859375
0.416,3.68359375,-3.203125,-1.1611328125
0.4165,3.923828125,-2.4423828125,-2.1220703125
0.417,3.763671875,-1.76171875,-2.5625
0.4175,3.4833984375,-0.8408203125,-3.1630859375
0.418,3.1630859375,-0.1201171875,-3.4833984375
0.4185,2.5625,0.6806640625,-3.7236328125
0.419,2.1220703125,1.44140625,-4.00390625
0.4195,1.44140625,2.40234375,-4.2041015625
0.42,0.640625,2.72265625,-3.7236328125
0.4205,0.1201171875,3.3232421875,-3.84375
0.421,-0.80078125,3.5234375,-3.123046875
0.4215,-1.5615234375,3.923828125,-2.72265625
0.422,-2.6025390625,4.083984375,-1.8818359375
0.4225,-3.36328125,4.1240234375,-1.201171875
0.423,-3.68359375,3.6435546875,-0.400390625
0.4235,-4.1240234375,3.5234375,0.080078125
0.424,-4.2041015625,2.802734375,0.9208984375
0.4245,-4.404296875,2.40234375,1.4814453125
0.425,-4.64453125,1.5615234375,2.5625
0.4255,-4.2041015625,0.7607421875,2.962890625
0.426,-4.00390625,-0.080078125,3.5234375
0.4265,-3.4833984375,-0.9208984375,3.8037109375
0.427,-2.9228515625,-1.681640625,4.00390625
0.4275,-2.2421875,-2.5224609375,4.1240234375
0.428,-1.44140625,-3.4033203125,4.2041015625
0.4285,-0.6005859375,-3.68359375,3.6435546875
0.429,0.0,-4.244140625,3.6435546875
0.4295,1.0009765625,-4.3642578125,2.72265625
0.43,1.6416015625,-4.64453125,2.322265625
0.4305,2.6826171875,-4.7646484375,1.4013671875
0.431,3.203125,-4.5244140625,0.6806640625
0.4315,3.5234375,-4.2041015625,0.0400390625
0.432,3.84375,-3.923828125,-0.5205078125
0.4325,3.9638671875,-3.203125,-1.4013671875
0.433,4.0439453125,-2.6025390625,-1.9619140625
0.4335,4.2041015625,-1.8017578125,-2.9228515625
0.434,3.603515625,-0.8408203125,-3.2431640625
0.4345,3.4833984375,-0.16015625,-3.8037109375
0.435,2.6826171875,0.8408203125,-3.9638671875
0.4355,2.2421875,1.5615234375,-4.244140625
0.436,1.4814453125,2.4423828125,-4.32421875
0.4365,0.6806640625,3.1630859375,-4.244140625
0.437,-0.1201171875,3.443359375,-3.68359375
0.4375,-0.720703125,3.9638671875,-3.603515625
0.438,-1.9619140625,4.083984375,-2.5224609375
0.4385,-2.5625,4.2841796875,-2.1220703125
0.439,-3.603515625,4.3642578125,-1.1611328125
0.4395,-4.00390625,3.8837890625,-0.400390625
0.44,-4.32421875,3.6435546875,0.240234375
0.4405,-4.564453125,3.123046875,0.9609375
0.441,-4.6845703125,2.40234375,1.8818359375
0.4415,-4.6845703125,1.7216796875,2.482421875
0.442,-4.8046875,0.880859375,3.4033203125
0.4425,-4.00390625,-0.2001953125,3.68359375
0.443,-3.923828125,-0.8408203125,4.2041015625
0.4435,-2.8828125,-1.9619140625,4.2841796875
0.444,-2.4423828125,-2.6826171875,4.484375
0.4445,-1.44140625,-3.5634765625,4.32421875
0.445,-0.640625,-4.2041015625,4.1240234375
0.4455,0.2001953125,-4.404296875,3.5234375
0.446,0.9609375,-4.8447265625,3.2431640625
0.4465,2.2021484375,-4.9248046875,2.162109375
0.447,2.72265625,-4.96484375,1.6015625
0.4475,3.6435546875,-5.0048828125,0.6806640625
0.448,3.84375,-4.4443359375,-0.080078125
0.4485,4.1640625,-4.1640625,-0.6806640625
0.449,4.3642578125,-3.3232421875,-1.6015625
0.4495,4.484375,-2.642578125,-2.3623046875
0.45,4.2841796875,-1.8017578125,-3.0029296875
0.4505,4.32421875,-1.0009765625,-3.8037109375
0.451,3.36328125,0.1201171875,-3.923828125
0.4515,3.2431640625,0.7607421875,-4.4443359375
0.452,2.08203125,2.0419921875,-4.5244140625
0.4525,1.6416015625,2.5625,-4.6044921875
0.453,0.640625,3.443359375,-4.4443359375
0.4535,-0.2001953125,3.8837890625,-4.083984375
0.454,-1.0009765625,4.1240234375,-3.5634765625
0.4545,-1.8818359375,4.5244140625,-3.0029296875
0.455,-3.0830078125,4.6044921875,-1.9619140625
0.4555,-3.603515625,4.484375,-1.3212890625
0.456,-4.484375,4.404296875,-0.4404296875
0.4565,-4.564453125,3.68359375,0.400390625
0.457,-4.9248046875,3.5234375,0.9609375
0.4575,-5.0048828125,2.5224609375,2.0419921875
0.458,-5.125,1.841796875,2.72265625
0.4585,-4.8046875,0.880859375,3.4033203125
0.459,-4.6845703125,0.0,4.1240234375
0.4595,-3.7236328125,-1.0810546875,4.2041015625
0.46,-3.5634765625,-1.681640625,4.6044921875
0.4605,-2.2822265625,-3.04296875,4.64453125
0.461,-1.8017578125,-3.5634765625,4.6044921875
0.4615,-0.6806640625,-4.32421875,4.32421875
0.462,0.16015625,-4.6845703125,3.8837890625
0.4625,0.9208984375,-4.884765625,3.3232421875
0.463,1.921875,-5.1650390625,2.6025390625
0.4635,3.04296875,-5.3251953125,1.6015625
0.464,3.4833984375,-5.0048828125,0.8408203125
0.4645,4.2041015625,-4.96484375,0.080078125
0.465,4.244140625,-4.1240234375,-0.720703125
0.4655,4.5244140625,-3.84375,-1.28125
0.466,4.6044921875,-2.72265625,-2.4423828125
0.4665,4.64453125,-2.162109375,-3.04296875
0.467,4.2841796875,-1.12109375,-3.7236328125
0.4675,4.0439453125,-0.240234375,-4.244140625
0.468,3.0830078125,0.8408203125,-4.32421875
0.4685,2.802734375,1.521484375,-4.6845703125
0.469,1.6015625,2.802734375,-4.8046875
0.4695,1.0009765625,3.203125,-4.6044921875
0.47,0.0400390625,3.9638671875,-4.3642578125
0.4705,-0.8408203125,4.244140625,-3.763671875
0.471,-1.5615234375,4.484375,-3.283203125
0.4715,-2.72265625,4.6044921875,-2.3623046875
0.472,-3.7236328125,4.7646484375,-1.4814453125
0.4725,-4.1640625,4.2841796875,-0.640625
0.473,-4.8046875,4.244140625,0.1201171875
0.4735,-4.7646484375,3.36328125,0.9609375
0.474,-5.0048828125,3.0830078125,1.4814453125
0.4745,-5.125,1.921875,2.6826171875
0.475,-5.0048828125,1.28125,3.1630859375
0.4755,-4.6044921875,0.240234375,3.84375
0.476,-4.2041015625,-0.640625,4.2841796875
0.4765,-3.4033203125,-1.5615234375,4.404296875
0.477,-2.9228515625,-2.322265625,4.6044921875
0.4775,-1.921875,-3.4833984375,4.724609375
0.478,-1.1611328125,-3.84375,4.32421875
0.4785,-0.2802734375,-4.564453125,4.1240234375
0.479,0.6005859375,-4.724609375,3.443359375
0.4795,1.28125,-5.0048828125,3.04296875
0.48,2.4423828125,-5.1650390625,1.9619140625
0.4805,3.283203125,-5.205078125,1.2412109375
0.481,3.68359375,-4.64453125,0.4404296875
0.4815,4.1640625,-4.564453125,-0.2001953125
0.482,4.2041015625,-3.8037109375,-1.0009765625
0.4825,4.404296875,-3.4033203125,-1.5615234375
0.483,4.564453125,-2.40234375,-2.6826171875
0.4835,4.32421875,-1.681640625,-3.1630859375
0.484,4.083984375,-0.6806640625,-3.84375
0.4845,3.4833984375,0.2001953125,-4.1240234375
0.485,2.9228515625,1.041015625,-4.3642578125
0.4855,2.2421875,1.921875,-4.5244140625
0.486,1.4814453125,2.9228515625,-4.7646484375
0.4865,0.6005859375,3.2431640625,-4.1640625
0.487,-0.16015625,3.9638671875,-4.1640625
0.4875,-1.0810546875,4.0439453125,-3.36328125
0.488,-1.76171875,4.404296875,-3.04296875
0.4885,-3.04296875,4.484375,-1.9619140625
0.489,-3.7236328125,4.484375,-1.201171875
0.4895,-4.1640625,4.00390625,-0.3203125
0.49,-4.564453125,3.84375,0.2802734375
0.4905,-4.64453125,3.0830078125,1.0810546875
0.491,-4.7646484375,2.5625,1.7216796875
0.4915,-5.0048828125,1.6416015625,2.8427734375
0.492,-4.5244140625,0.880859375,3.1630859375
0.4925,-4.3642578125,0.0,3.84375
0.493,-3.6435546875,-0.9609375,4.00390625
0.4935,-3.203125,-1.6416015625,4.32421875
0.494,-2.40234375,-2.6025390625,4.3642578125
0.4945,-1.6416015625,-3.4833984375,4.484375
0.495,-0.7607421875,-3.8037109375,3.84375
0.4955,-0.16015625,-4.4443359375,3.84375
0.496,0.7607421875,-4.484375,3.04296875
0.4965,1.44140625,-4.8447265625,2.642578125
0.497,2.642578125,-4.9248046875,1.6416015625
0.4975,3.1630859375,-4.724609375,0.9609375
0.498,3.603515625,-4.404296875,0.240234375
0.4985,3.84375,-4.083984375,-0.3603515625
0.499,4.00390625,-3.5634765625,-1.041015625
0.4995,4.1240234375,-2.8828125,-1.76171875
0.5,4.32421875,-2.162109375,-2.72265625
0.5005,3.8037109375,-1.28125,-3.04296875
0.501,3.763671875,-0.5205078125,-3.7236328125
0.5015,2.9228515625,0.48046875,-3.8037109375
0.502,2.6826171875,1.0810546875,-4.2041015625
0.5025,1.841796875,2.08203125,-4.32421875
0.503,1.201171875,2.72265625,-4.2841796875
0.5035,0.3203125,3.123046875,-3.84375
0.504,-0.2802734375,3.6435546875,-3.763671875
0.5045,-1.201171875,3.8037109375,-3.04296875
0.505,-1.9619140625,4.1240234375,-2.5625
0.5055,-3.0830078125,4.32421875,-1.6416015625
0.506,-3.4833984375,3.9638671875,-0.9208984375
0.5065,-4.00390625,3.84375,-0.2802734375
0.507,-4.1640625,3.3232421875,0.4404296875
0.5075,-4.4443359375,2.8828125,1.0810546875
0.508,-4.5244140625,2.162109375,1.8818359375
0.5085,-4.6845703125,1.521484375,2.6826171875
0.509,-4.083984375,0.48046875,3.0830078125
0.5095,-4.1240234375,-0.16015625,3.68359375
0.51,-3.203125,-1.12109375,3.763671875
0.5105,-3.0029296875,-1.76171875,4.1240234375
0.511,-2.0419921875,-2.8427734375,4.2041015625
0.5115,-1.361328125,-3.36328125,3.9638671875
0.512,-0.6005859375,-3.84375,3.68359375
0.5125,0.1201171875,-4.2041015625,3.36328125
0.513,0.9609375,-4.32421875,2.72265625
0.5135,1.7216796875,-4.564453125,2.2021484375
0.514,2.72265625,-4.724609375,1.4013671875
0.5145,2.962890625,-4.2041015625,0.640625
0.515,3.4833984375,-4.244140625,0.2001953125
0.5155,3.5234375,-3.5634765625,-0.6005859375
0.516,3.84375,-3.2431640625,-1.1611328125
0.5165,3.923828125,-2.4423828125,-2.001953125
0.517,3.923828125,-1.8017578125,-2.6025390625
0.5175,3.443359375,-0.880859375,-3.0830078125
0.518,3.3232421875,-0.2802734375,-3.5234375
0.5185,2.5625,0.6806640625,-3.68359375
0.519,2.322265625,1.28125,-4.00390625
0.5195,1.5615234375,2.2421875,-4.2041015625
0.52,0.80078125,2.5625,-3.84375
0.5205,0.240234375,3.1630859375,-3.84375
0.521,-0.640625,3.4833984375,-3.203125
0.5215,-1.4013671875,3.8037109375,-2.7626953125
0.522,-2.2822265625,3.9638671875,-2.08203125
0.5225,-3.1630859375,4.1240234375,-1.4013671875
0.523,-3.4033203125,3.603515625,-0.640625
0.5235,-3.923828125,3.68359375,-0.2001953125
0.524,-4.00390625,2.9228515625,0.640625
0.5245,-4.3642578125,2.642578125,1.28125
0.525,-4.5244140625,1.76171875,2.2421875
0.5255,-4.32421875,1.0810546875,2.6826171875
0.526,-3.923828125,0.16015625,3.2431640625
0.5265,-3.6435546875,-0.560546875,3.603515625
0.527,-3.0029296875,-1.44140625,3.84375
0.5275,-2.5625,-2.2021484375,4.0439453125
0.528,-1.7216796875,-3.0830078125,4.1240234375
0.5285,-0.9208984375,-3.4033203125,3.603515625
0.529,-0.3603515625,-3.923828125,3.68359375
0.5295,0.6005859375,-4.1240234375,2.8427734375
0.53,1.3212890625,-4.4443359375,2.482421875
0.5305,2.2421875,-4.5244140625,1.6416015625
0.531,2.8427734375,-4.484375,1.0009765625
0.5315,3.123046875,-4.0439453125,0.3203125
0.532,3.4833984375,-3.923828125,-0.1201171875
0.5325,3.603515625,-3.203125,-1.0009765625
0.533,3.8037109375,-2.8427734375,-1.521484375
0.5335,3.9638671875,-2.0419921875,-2.4423828125
0.534,3.5234375,-1.2412109375,-2.8427734375
0.5345,3.3232421875,-0.5205078125,-3.36328125
0.535,2.7626953125,0.3203125,-3.5634765625
0.5355,2.3623046875,1.0009765625,-3.8837890625
0.536,1.76171875,1.76171875,-4.00390625
0.5365,1.12109375,2.482421875,-4.0439453125
0.537,0.3203125,2.8427734375,-3.5634765625
0.5375,-0.2001953125,3.36328125,-3.5634765625
0.538,-1.2412109375,3.5234375,-2.642578125
0.5385,-1.841796875,3.84375,-2.40234375
0.539,-2.8427734375,3.923828125,-1.521484375
0.5395,-3.2431640625,3.763671875,-0.9208984375
0.54,-3.6435546875,3.5234375,-0.3203125
0.5405,-3.8837890625,3.203125,0.240234375
0.541,-4.1240234375,2.5625,1.041015625
0.5415,-4.244140625,2.08203125,1.6416015625
0.542,-4.4443359375,1.4013671875,2.5224609375
0.5425,-3.84375,0.48046875,2.8828125
0.543,-3.8837890625,-0.16015625,3.4833984375
0.5435,-3.0830078125,-1.1611328125,3.5634765625
0.544,-2.7626953125,-1.841796875,3.9638671875
0.5445,-1.9619140625,-2.72265625,3.9638671875
0.545,-1.28125,-3.2431640625,3.8837890625
0.5455,-0.5205078125,-3.603515625,3.4833984375
0.546,0.1201171875,-4.083984375,3.36328125
0.5465,1.201171875,-4.244140625,2.4423828125
0.547,1.8017578125,-4.5244140625,2.08203125
0.5475,2.72265625,-4.564453125,1.28125
0.548,3.04296875,-4.1640625,0.6005859375
0.5485,3.4033203125,-4.0439453125,0.0400390625
0.549,3.5634765625,-3.4833984375,-0.6806640625
0.5495,3.84375,-2.962890625,-1.44140625
0.55,3.84375,-2.2421875,-2.1220703125
0.5505,3.8837890625,-1.5615234375,-2.8427734375
0.551,3.1630859375,-0.6005859375,-3.123046875
0.5515,3.1630859375,0.0,-3.68359375
0.552,2.2421875,1.0009765625,-3.7236328125
0.5525,2.001953125,1.6015625,-4.083984375
0.553,1.12109375,2.4423828125,-4.00390625
0.5535,0.48046875,2.8828125,-3.763671875
0.554,-0.2001953125,3.2431640625,-3.4033203125
0.5545,-1.0009765625,3.6435546875,-3.0029296875
0.555,-2.001953125,3.84375,-2.2421875
0.5555,-2.6025390625,3.923828125,-1.7216796875
0.556,-3.36328125,3.9638671875,-1.0009765625
0.5565,-3.5634765625,3.4833984375,-0.3203125
0.557,-4.00390625,3.443359375,0.16015625
0.5575,-4.1640625,2.6025390625,1.0810546875
0.558,-4.404296875,2.2421875,1.681640625
0.5585,-4.3642578125,1.361328125,2.482421875
0.559,-4.32421875,0.6806640625,3.0830078125
0.5595,-3.68359375,-0.3203125,3.36328125
0.56,-3.5634765625,-0.9208984375,3.84375
0.5605,-2.6025390625,-2.08203125,3.9638671875
0.561,-2.2421875,-2.5625,4.1240234375
0.5615,-1.28125,-3.4033203125,4.0439453125
0.562,-0.5205078125,-3.8037109375,3.68359375
0.5625,0.16015625,-4.1640625,3.36328125
0.563,1.1611328125,-4.4443359375,2.6826171875
0.5635,2.0419921875,-4.6845703125,1.9619140625
0.564,2.642578125,-4.5244140625,1.28125
0.5645,3.3232421875,-4.5244140625,0.6005859375
0.565,3.4833984375,-3.923828125,-0.1201171875
0.5655,3.84375,-3.84375,-0.6005859375
0.566,3.923828125,-2.8828125,-1.6416015625
0.5665,4.083984375,-2.4423828125,-2.2021484375
0.567,3.8837890625,-1.4814453125,-2.9228515625
0.5675,3.6435546875,-0.7607421875,-3.4833984375
0.568,3.04296875,0.16015625,-3.68359375
0.5685,2.6826171875,0.880859375,-4.0439453125
0.569,1.841796875,1.9619140625,-4.2041015625
0.5695,1.28125,2.482421875,-4.1640625
0.57,0.48046875,3.203125,-4.0439453125
0.5705,-0.3203125,3.443359375,-3.5234375
0.571,-0.9609375,3.84375,-3.283203125
0.5715,-2.08203125,4.0439453125,-2.322265625
0.572,-2.8828125,4.2041015625,-1.76171875
0.5725,-3.4833984375,3.9638671875,-0.9208984375
0.573,-4.0439453125,3.8837890625,-0.3203125
0.5735,-4.1640625,3.2431640625,0.48046875
0.574,-4.4443359375,3.04296875,0.9609375
0.5745,-4.6044921875,2.0419921875,2.0419921875
0.575,-4.564453125,1.5615234375,2.5625
0.5755,-4.4443359375,0.560546875,3.283203125
0.576,-3.9638671875,-0.3203125,3.68359375
0.5765,-3.4833984375,-1.1611328125,3.9638671875
0.577,-2.8828125,-1.9619140625,4.2041015625
0.5775,-2.08203125,-2.962890625,4.4443359375
0.578,-1.3212890625,-3.4033203125,4.1240234375
0.5785,-0.560546875,-4.1640625,4.083984375
0.579,0.3203125,-4.3642578125,3.36328125
0.5795,1.0009765625,-4.7646484375,3.123046875
0.58,2.2421875,-4.884765625,2.0419921875
0.5805,3.0029296875,-4.96484375,1.3212890625
0.581,3.5234375,-4.6044921875,0.48046875
0.5815,3.9638671875,-4.4443359375,-0.16015625
0.582,4.083984375,-3.7236328125,-0.9208984375
0.5825,4.2841796875,-3.283203125,-1.5615234375
0.583,4.4443359375,-2.3623046875,-2.642578125
0.5835,4.1240234375,-1.6416015625,-3.123046875
0.584,4.00390625,-0.6806640625,-3.84375
0.5845,3.283203125,0.240234375,-4.0439453125
0.585,2.8427734375,1.041015625,-4.2841796875
0.5855,2.0419921875,2.0419921875,-4.4443359375
0.586,1.28125,2.962890625,-4.64453125
0.5865,0.400390625,3.3232421875,-4.083984375
0.587,-0.2802734375,3.9638671875,-4.0439453125
0.5875,-1.1611328125,4.083984375,-3.2431640625
0.588,-1.8818359375,4.404296875,-2.8828125
0.5885,-3.203125,4.564453125,-1.7216796875
0.589,-3.84375,4.4443359375,-1.0009765625
0.5895,-4.3642578125,4.00390625,-0.1201171875
0.59,-4.64453125,3.763671875,0.5205078125
0.5905,-4.724609375,3.04296875,1.2412109375
0.591,-4.8447265625,2.40234375,1.9619140625
0.5915,-5.0849609375,1.4814453125,3.04296875
0.592,-4.564453125,0.6005859375,3.4033203125
0.5925,-4.484375,-0.3203125,4.1240234375
0.593,-3.603515625,-1.2412109375,4.2041015625
0.5935,-3.203125,-1.921875,4.484375
0.594,-2.2421875,-3.0029296875,4.6044921875
0.5945,-1.44140625,-3.8837890625,4.64453125
0.595,-0.4404296875,-4.2041015625,4.00390625
0.5955,0.240234375,-4.8447265625,3.9638671875
0.596,1.201171875,-4.8447265625,3.04296875
0.5965,1.921875,-5.125,2.5625
0.597,3.2431640625,-5.3251953125,1.4013671875
0.5975,3.763671875,-4.96484375,0.6005859375
0.598,4.1640625,-4.6044921875,-0.2001953125
0.5985,4.404296875,-4.1640625,-0.8408203125
0.599,4.484375,-3.4833984375,-1.6015625
0.5995,4.5244140625,-2.72265625,-2.4423828125
0.6,4.724609375,-1.8818359375,-3.4833984375
0.6005,4.00390625,-0.7607421875,-3.7236328125
0.601,3.8837890625,0.0,-4.3642578125
0.6015,2.8828125,1.0810546875,-4.3642578125
0.602,2.5224609375,1.7216796875,-4.64453125
0.6025,1.521484375,2.8828125,-4.724609375
0.603,0.6806640625,3.5634765625,-4.6044921875
0.6035,-0.2802734375,3.8837890625,-4.00390625
0.604,-0.9208984375,4.404296875,-3.84375
0.6045,-1.9619140625,4.484375,-2.8828125
0.605,-2.6826171875,4.64453125,-2.322265625
0.6055,-4.00390625,4.8046875,-1.2412109375
0.606,-4.32421875,4.244140625,-0.3203125
0.6065,-4.8046875,4.00390625,0.3203125
0.607,-4.884765625,3.36328125,1.0810546875
0.6075,-5.0048828125,2.72265625,1.76171875
0.608,-5.044921875,1.841796875,2.642578125
0.6085,-5.125,1.0009765625,3.6435546875
0.609,-4.3642578125,-0.1201171875,3.8837890625
0.6095,-4.2841796875,-0.80078125,4.484375
0.61,-3.203125,-1.8818359375,4.484375
0.6105,-2.7626953125,-2.5625,4.6845703125
0.611,-1.681640625,-3.68359375,4.6845703125
0.6115,-0.80078125,-4.244140625,4.3642578125
0.612,0.0400390625,-4.64453125,3.84375
0.6125,0.80078125,-5.0048828125,3.5234375
0.613,1.841796875,-5.044921875,2.5625
0.6135,2.5224609375,-5.1650390625,1.9619140625
0.614,3.68359375,-5.28515625,0.9609375
0.6145,3.8837890625,-4.6044921875,0.1201171875
0.615,4.32421875,-4.484375,-0.48046875
0.6155,4.404296875,-3.68359375,-1.28125
0.616,4.5244140625,-3.1630859375,-1.9619140625
0.6165,4.484375,-2.162109375,-2.8828125
0.617,4.484375,-1.361328125,-3.603515625
0.6175,3.68359375,-0.2802734375,-3.8837890625
0.618,3.5234375,0.4404296875,-4.3642578125
0.6185,2.482421875,1.521484375,-4.3642578125
0.619,2.08203125,2.08203125,-4.6044921875
0.6195,1.12109375,3.1630859375,-4.64453125
0.62,0.240234375,3.5634765625,-4.1640625
0.6205,-0.48046875,4.00390625,-3.8837890625
0.621,-1.3212890625,4.2841796875,-3.283203125
0.6215,-2.2822265625,4.4443359375,-2.5224609375
0.622,-3.0830078125,4.484375,-1.8017578125
0.6225,-4.0439453125,4.564453125,-0.9609375
0.623,-4.2041015625,3.84375,0.0
0.6235,-4.6845703125,3.8037109375,0.3603515625
0.624,-4.724609375,2.8427734375,1.361328125
0.6245,-4.884765625,2.482421875,1.9619140625
0.625,-4.884765625,1.44140625,2.9228515625
0.6255,-4.6845703125,0.640625,3.5234375
0.626,-4.083984375,-0.400390625,3.8837890625
0.6265,-3.84375,-1.041015625,4.2841796875
0.627,-2.8427734375,-2.1220703125,4.32421875
0.6275,-2.40234375,-2.72265625,4.484375
0.628,-1.3212890625,-3.8037109375,4.484375
0.6285,-0.48046875,-4.1240234375,3.8837890625
0.629,0.16015625,-4.564453125,3.763671875
0.6295,1.201171875,-4.7646484375,2.9228515625
0.63,2.001953125,-4.9248046875,2.2822265625
0.6305,2.8427734375,-4.9248046875,1.44140625
0.631,3.5234375,-4.884765625,0.7607421875
0.6315,3.68359375,-4.244140625,-0.080078125
0.632,4.1240234375,-4.2041015625,-0.560546875
0.6325,4.1240234375,-3.1630859375,-1.5615234375
0.633,4.2041015625,-2.7626953125,-2.0419921875
0.6335,4.2841796875,-1.8017578125,-3.04296875
0.634,3.84375,-0.9609375,-3.4033203125
0.6345,3.443359375,0.0,-3.84375
0.635,2.9228515625,0.6806640625,-4.1240234375
0.6355,2.2021484375,1.6416015625,-4.244140625
0.636,1.681640625,2.2822265625,-4.32421875
0.6365,0.880859375,3.123046875,-4.32421875
0.637,0.0,3.3232421875,-3.68359375
0.6375,-0.560546875,3.84375,-3.68359375
0.638,-1.681640625,3.9638671875,-2.642578125
0.6385,-2.322265625,4.2041015625,-2.2822265625
0.639,-3.203125,4.1640625,-1.3212890625
0.6395,-3.7236328125,3.9638671875,-0.720703125
0.64,-4.00390625,3.5234375,0.0
0.6405,-4.2841796875,3.36328125,0.48046875
0.641,-4.4443359375,2.5224609375,1.44140625
0.6415,-4.5244140625,2.0419921875,1.9619140625
0.642,-4.6044921875,1.201171875,2.9228515625
0.6425,-4.0439453125,0.2802734375,3.203125
0.643,-3.8837890625,-0.48046875,3.8037109375
0.6435,-3.203125,-1.3212890625,3.923828125
0.644,-2.6826171875,-2.1220703125,4.2041015625
0.6445,-1.9619140625,-2.8828125,4.1240234375
0.645,-1.1611328125,-3.5634765625,4.1240234375
0.6455,-0.3603515625,-3.84375,3.5234375
0.646,0.240234375,-4.404296875,3.4833984375
0.6465,1.4013671875,-4.5244140625,2.40234375
0.647,1.921875,-4.8447265625,2.162109375
0.6475,2.8828125,-4.6845703125,1.1611328125
0.648,3.2431640625,-4.4443359375,0.560546875
0.6485,3.5634765625,-4.0439453125,-0.080078125
0.649,3.8037109375,-3.603515625,-0.7607421875
0.6495,4.00390625,-2.9228515625,-1.6416015625
0.65,3.923828125,-2.2822265625,-2.2021484375
0.6505,3.9638671875,-1.5615234375,-2.962890625
0.651,3.283203125,-0.560546875,-3.203125
0.6515,3.1630859375,0.080078125,-3.7236328125
0.652,2.322265625,1.12109375,-3.84375
0.6525,2.0419921875,1.76171875,-4.1240234375
0.653,1.201171875,2.40234375,-3.9638671875
0.6535,0.5205078125,2.962890625,-3.84375
0.654,-0.2001953125,3.203125,-3.36328125
0.6545,-0.880859375,3.6435546875,-3.1630859375
0.655,-1.921875,3.7236328125,-2.3623046875
0.6555,-2.482421875,3.8837890625,-1.8818359375
0.656,-3.2431640625,3.8837890625,-1.1611328125
0.6565,-3.5234375,3.5234375,-0.4404296875
0.657,-3.923828125,3.4033203125,0.080078125
0.6575,-4.0439453125,2.72265625,0.8408203125
0.658,-4.3642578125,2.3623046875,1.521484375
0.6585,-4.244140625,1.5615234375,2.2021484375
0.659,-4.32421875,0.9208984375,2.8828125
0.6595,-3.68359375,0.0,3.1630859375
0.66,-3.68359375,-0.640625,3.7236328125
0.6605,-2.72265625,-1.7216796875,3.84375
0.661,-2.4423828125,-2.2822265625,4.1240234375
0.6615,-1.521484375,-3.0830078125,3.923828125
0.662,-0.8408203125,-3.5634765625,3.7236328125
0.6625,-0.080078125,-3.923828125,3.36328125
0.663,0.7607421875,-4.32421875,2.8427734375
0.6635,1.7216796875,-4.564453125,2.162109375
0.664,2.2421875,-4.64453125,1.521484375
0.6645,3.0029296875,-4.5244140625,0.9208984375
0.665,3.1630859375,-3.9638671875,0.2001953125
0.6655,3.603515625,-3.8837890625,-0.3203125
0.666,3.7236328125,-3.04296875,-1.28125
0.6665,3.9638671875,-2.642578125,-1.841796875
0.667,3.763671875,-1.76171875,-2.5625
0.6675,3.68359375,-1.041015625,-3.123046875
0.668,3.0029296875,-0.080078125,-3.36328125
0.6685,2.8427734375,0.5205078125,-3.763671875
0.669,1.921875,1.5615234375,-3.923828125
0.6695,1.5615234375,2.0419921875,-4.00390625
0.67,0.7607421875,2.7626953125,-3.8837890625
0.6705,0.0400390625,3.04296875,-3.4833984375
0.671,-0.5205078125,3.443359375,-3.283203125
0.6715,-1.5615234375,3.6435546875,-2.5224609375
0.672,-2.40234375,3.8037109375,-2.001953125
0.6725,-2.8828125,3.68359375,-1.2412109375
0.673,-3.4833984375,3.7236328125,-0.720703125
0.6735,-3.5634765625,3.1630859375,0.0
0.674,-3.923828125,3.0830078125,0.4404296875
0.6745,-4.1240234375,2.2421875,1.4013671875
0.675,-4.2041015625,1.8818359375,1.8818359375
0.6755,-4.1240234375,1.0009765625,2.6025390625
0.676,-3.84375,0.3203125,3.0029296875
0.6765,-3.4833984375,-0.5205078125,3.4033203125
0.677,-3.0830078125,-1.2412109375,3.68359375
0.6775,-2.4423828125,-2.162109375,3.9638671875
0.678,-1.841796875,-2.6025390625,3.84375
0.6785,-1.1611328125,-3.36328125,3.84375
0.679,-0.3603515625,-3.6435546875,3.3232421875
0.6795,0.2802734375,-4.1640625,3.1630859375
0.68,1.361328125,-4.3642578125,2.2822265625
0.6805,2.0419921875,-4.5244140625,1.8818359375
0.681,2.6025390625,-4.32421875,1.0810546875
0.6815,3.123046875,-4.2841796875,0.6005859375
0.682,3.3232421875,-3.763671875,-0.16015625
0.6825,3.6435546875,-3.5234375,-0.720703125
0.683,3.84375,-2.72265625,-1.681640625
0.6835,3.84375,-2.162109375,-2.2021484375
0.684,3.763671875,-1.3212890625,-2.962890625
0.6845,3.203125,-0.48046875,-3.2431640625
0.685,2.9228515625,0.2802734375,-3.68359375
0.6855,2.2421875,1.201171875,-3.84375
0.686,1.76171875,2.001953125,-4.1640625
0.6865,0.9609375,2.4423828125,-3.8037109375
0.687,0.3603515625,3.04296875,-3.8837890625
0.6875,-0.4404296875,3.1630859375,-3.203125
0.688,-1.12109375,3.6435546875,-3.0029296875
0.6885,-2.2822265625,3.84375,-2.001953125
0.689,-2.8828125,3.8837890625,-1.44140625
0.6895,-3.36328125,3.68359375,-0.720703125
0.69,-3.7236328125,3.443359375,-0.2001953125
0.6905,-3.8837890625,3.0029296875,0.48046875
0.691,-4.083984375,2.5224609375,1.12109375
0.6915,-4.3642578125,1.921875,1.9619140625
0.692,-4.0439453125,1.1611328125,2.40234375
0.6925,-4.1240234375,0.48046875,3.1630859375
0.693,-3.4033203125,-0.4404296875,3.3232421875
0.6935,-3.283203125,-1.041015625,3.763671875
0.694,-2.4423828125,-2.08203125,3.8837890625
0.6945,-1.9619140625,-2.7626953125,4.0439453125
0.695,-1.12109375,-3.2431640625,3.68359375
0.6955,-0.5205078125,-3.84375,3.68359375
0.696,0.3203125,-4.0439453125,3.04296875
0.6965,1.041015625,-4.404296875,2.72265625
0.697,2.2021484375,-4.64453125,1.841796875
0.6975,2.6826171875,-4.5244140625,1.201171875
0.698,3.283203125,-4.404296875,0.5205078125
0.6985,3.5234375,-3.9638671875,-0.1201171875
0.699,3.8037109375,-3.603515625,-0.7607421875
0.6995,3.8837890625,-2.8828125,-1.6015625
0.7,4.1640625,-2.2822265625,-2.482421875
0.7005,3.68359375,-1.3212890625,-2.8828125
0.701,3.68359375,-0.640625,-3.5634765625
0.7015,2.802734375,0.3603515625,-3.6435546875
0.702,2.6025390625,1.0009765625,-4.00390625
0.7025,1.7216796875,2.08203125,-4.1640625
0.703,1.0810546875,2.6025390625,-4.1240234375
0.7035,0.2802734375,3.123046875,-3.84375
0.704,-0.3603515625,3.5234375,-3.603515625
0.7045,-1.201171875,3.763671875,-2.9228515625
0.705,-2.0419921875,4.00390625,-2.40234375
0.7055,-3.1630859375,4.244140625,-1.4814453125
0.706,-3.5234375,3.8037109375,-0.720703125
0.7065,-4.0439453125,3.763671875,-0.16015625
0.707,-4.1240234375,3.123046875,0.560546875
0.7075,-4.3642578125,2.802734375,1.12109375
0.708,-4.484375,1.921875,2.0419921875
0.7085,-4.564453125,1.28125,2.802734375
0.709,-4.0439453125,0.3203125,3.1630859375
0.7095,-3.9638671875,-0.3203125,3.7236328125
0.71,-3.1630859375,-1.28125,3.84375
0.7105,-2.8427734375,-1.921875,4.1240234375
0.711,-1.8818359375,-3.0830078125,4.2841796875
0.7115,-1.1611328125,-3.5634765625,3.9638671875
0.712,-0.400390625,-4.1240234375,3.763671875
0.7125,0.3203125,-4.3642578125,3.3232421875
0.713,1.1611328125,-4.564453125,2.7626953125
0.7135,2.08203125,-4.8046875,2.0419921875
0.714,3.1630859375,-4.96484375,1.2412109375
0.7145,3.4033203125,-4.3642578125,0.3603515625
0.715,3.923828125,-4.404296875,-0.16015625
0.7155,4.00390625,-3.603515625,-1.0009765625
0.716,4.2041015625,-3.203125,-1.6015625
0.7165,4.32421875,-2.2822265625,-2.6025390625
0.717,4.244140625,-1.4814453125,-3.283203125
0.7175,3.68359375,-0.48046875,-3.7236328125
0.718,3.4033203125,0.3203125,-4.1640625
0.7185,2.5224609375,1.28125,-4.2041015625
0.719,2.0419921875,1.921875,-4.484375
0.7195,1.12109375,3.0830078125,-4.6044921875
0.72,0.240234375,3.4033203125,-4.0439453125
0.7205,-0.400390625,3.9638671875,-3.8837890625
0.721,-1.4013671875,4.1640625,-3.1630859375
0.7215,-2.2822265625,4.32421875,-2.5224609375
0.722,-3.203125,4.4443359375,-1.6416015625
0.7225,-4.0439453125,4.484375,-0.80078125
0.723,-4.2041015625,3.763671875,0.0400390625
0.7235,-4.64453125,3.7236328125,0.5205078125
0.724,-4.6845703125,2.72265625,1.4814453125
0.7245,-4.8046875,2.2822265625,2.0419921875
0.725,-4.884765625,1.28125,3.123046875
0.7255,-4.5244140625,0.4404296875,3.603515625
0.726,-4.0439453125,-0.5205078125,4.00390625
0.7265,-3.603515625,-1.28125,4.32421875
0.727,-2.72265625,-2.322265625,4.404296875
0.7275,-2.2021484375,-3.0029296875,4.484375
0.728,-1.201171875,-4.083984375,4.484375
0.7285,-0.2802734375,-4.244140625,3.84375
0.729,0.3203125,-4.7646484375,3.8037109375
0.7295,1.4814453125,-4.9248046875,2.802734375
0.73,2.2421875,-5.0849609375,2.2421875
0.7305,3.1630859375,-5.125,1.28125
0.731,3.8837890625,-5.0048828125,0.5205078125
0.7315,4.0439453125,-4.3642578125,-0.3203125
0.732,4.484375,-4.1640625,-0.8408203125
0.7325,4.484375,-3.123046875,-1.9619140625
0.733,4.5244140625,-2.6025390625,-2.482421875
0.7335,4.6044921875,-1.6015625,-3.5634765625
0.734,4.00390625,-0.6005859375,-3.923828125
0.7345,3.5634765625,0.3203125,-4.32421875
0.735,2.8828125,1.2412109375,-4.5244140625
0.7355,2.0419921875,2.2421875,-4.6845703125
0.736,1.4013671875,2.8427734375,-4.6845703125
0.7365,0.48046875,3.8037109375,-4.564453125
0.737,-0.5205078125,3.9638671875,-3.8037109375
0.7375,-1.12109375,4.484375,-3.68359375
0.738,-2.4423828125,4.564453125,-2.5224609375
0.7385,-3.0830078125,4.6044921875,-1.9619140625
0.739,-4.00390625,4.5244140625,-0.9609375
0.7395,-4.5244140625,4.244140625,-0.2001953125
0.74,-4.64453125,3.6435546875,0.6005859375
0.7405,-4.9248046875,3.283203125,1.201171875
0.741,-5.0048828125,2.2421875,2.2822265625
0.7415,-4.884765625,1.7216796875,2.72265625
0.742,-5.0048828125,0.720703125,3.763671875
0.7425,-4.244140625,-0.3203125,3.9638671875
0.743,-3.9638671875,-1.12109375,4.4443359375
0.7435,-3.0830078125,-2.162109375,4.5244140625
0.744,-2.3623046875,-3.0830078125,4.64453125
0.7445,-1.4814453125,-3.68359375,4.484375
0.745,-0.640625,-4.484375,4.404296875
0.7455,0.3203125,-4.64453125,3.6435546875
0.746,0.9609375,-5.125,3.443359375
0.7465,2.3623046875,-5.1650390625,2.2021484375
0.747,2.8427734375,-5.205078125,1.7216796875
0.7475,3.763671875,-5.0849609375,0.6806640625
0.748,4.1240234375,-4.64453125,0.0
0.7485,4.32421875,-4.1240234375,-0.80078125
0.749,4.5244140625,-3.603515625,-1.521484375
0.7495,4.64453125,-2.642578125,-2.5625
0.75,4.404296875,-1.9619140625,-3.0029296875
0.7505,4.4443359375,-1.0009765625,-3.8837890625
0.751,3.5234375,0.080078125,-4.0439453125
0.7515,3.283203125,0.6806640625,-4.5244140625
0.752,2.2421875,1.921875,-4.6044921875
0.7525,1.7216796875,2.642578125,-4.6845703125
0.753,0.7607421875,3.283203125,-4.404296875
0.7535,0.0,3.923828125,-4.2041015625
0.754,-0.9208984375,4.0439453125,-3.4833984375
0.7545,-1.6416015625,4.484375,-3.203125
0.755,-2.8828125,4.5244140625,-2.001953125
0.7555,-3.36328125,4.484375,-1.4814453125
0.756,-4.1640625,4.32421875,-0.560546875
0.7565,-4.404296875,3.8037109375,0.16015625
0.757,-4.64453125,3.443359375,0.7607421875
0.7575,-4.7646484375,2.6826171875,1.6015625
0.758,-4.9248046875,2.0419921875,2.4423828125
0.7585,-4.64453125,1.1611328125,3.0029296875
0.759,-4.64453125,0.3603515625,3.763671875
0.7595,-3.8037109375,-0.720703125,3.8837890625
0.76,-3.68359375,-1.3212890625,4.32421875
0.7605,-2.5625,-2.5224609375,4.404296875
0.761,-2.1220703125,-3.0830078125,4.5244140625
0.7615,-1.0810546875,-3.84375,4.2041015625
0.762,-0.3203125,-4.3642578125,3.9638671875
0.7625,0.5205078125,-4.564453125,3.36328125
0.763,1.3212890625,-4.9248046875,2.8828125
0.7635,2.5224609375,-5.125,1.921875
0.764,2.962890625,-4.884765625,1.28125
0.7645,3.763671875,-4.8447265625,0.48046875
0.765,3.8837890625,-4.2041015625,-0.3203125
0.7655,4.2041015625,-3.9638671875,-0.8408203125
0.766,4.32421875,-3.0029296875,-1.8818359375
0.7665,4.484375,-2.4423828125,-2.5625
0.767,4.083984375,-1.4814453125,-3.1630859375
0.7675,4.00390625,-0.720703125,-3.8037109375
0.768,3.04296875,0.3603515625,-3.923828125
0.7685,2.9228515625,0.9609375,-4.32421875
0.769,1.841796875,2.162109375,-4.404296875
0.7695,1.4013671875,2.6025390625,-4.3642578125
0.77,0.4404296875,3.3232421875,-4.1240234375
0.7705,-0.3203125,3.68359375,-3.7236328125
0.771,-1.041015625,3.923828125,-3.2431640625
0.7715,-2.001953125,4.1640625,-2.5625
0.772,-2.962890625,4.404296875,-1.8017578125
0.7725,-3.4033203125,4.0439453125,-1.041015625
0.773,-4.0439453125,4.00390625,-0.400390625
0.7735,-4.1240234375,3.283203125,0.3603515625
0.774,-4.4443359375,3.1630859375,0.8408203125
0.7745,-4.5244140625,2.2021484375,1.8818359375
0.775,-4.64453125,1.681640625,2.40234375
0.7755,-4.2841796875,0.7607421875,3.0029296875
0.776,-4.1240234375,0.0400390625,3.4833984375
0.7765,-3.443359375,-0.9208984375,3.7236328125
0.777,-3.1630859375,-1.521484375,4.0439453125
0.7775,-2.2822265625,-2.6025390625,4.2041015625
0.778,-1.681640625,-3.0029296875,4.083984375
0.7785,-0.9208984375,-3.7236328125,3.9638671875
0.779,-0.1201171875,-4.00390625,3.4833984375
0.7795,0.6005859375,-4.4443359375,3.1630859375
0.78,1.6015625,-4.564453125,2.322265625
0.7805,2.4423828125,-4.8447265625,1.76171875
0.781,2.8828125,-4.484375,0.9609375
0.7815,3.4833984375,-4.5244140625,0.4404296875
0.782,3.603515625,-3.8037109375,-0.3603515625
0.7825,3.9638671875,-3.6435546875,-0.9208984375
0.783,4.083984375,-2.72265625,-1.9619140625
0.7835,4.083984375,-2.2021484375,-2.482421875
0.784,3.84375,-1.28125,-3.203125
0.7845,3.443359375,-0.400390625,-3.5634765625
0.785,2.9228515625,0.48046875,-3.84375
0.7855,2.40234375,1.28125,-4.0439453125
0.786,1.7216796875,2.2421875,-4.32421875
0.7865,0.9609375,2.6025390625,-3.9638671875
0.787,0.3203125,3.283203125,-3.923828125
0.7875,-0.560546875,3.443359375,-3.2431640625
0.788,-1.1611328125,3.84375,-3.04296875
0.7885,-2.322265625,3.9638671875,-2.0419921875
0.789,-2.962890625,4.083984375,-1.4814453125
0.7895,-3.4033203125,3.68359375,-0.6806640625
0.79,-3.8037109375,3.5634765625,-0.240234375
0.7905,-3.923828125,3.0029296875,0.48046875
0.791,-4.1640625,2.6025390625,1.041015625
0.7915,-4.3642578125,1.921875,1.9619140625
0.792,-4.1640625,1.28125,2.3623046875
0.7925,-4.1240234375,0.5205078125,3.123046875
0.793,-3.5634765625,-0.3203125,3.283203125
0.7935,-3.3232421875,-1.0009765625,3.7236328125
0.794,-2.5625,-1.8818359375,3.84375
0.7945,-2.08203125,-2.6025390625,4.083984375
0.795,-1.28125,-3.0830078125,3.68359375
0.7955,-0.720703125,-3.68359375,3.763671875
0.796,0.16015625,-3.8837890625,3.0830078125
0.7965,0.80078125,-4.32421875,2.8828125
0.797,1.921875,-4.5244140625,1.9619140625
0.7975,2.4423828125,-4.5244140625,1.4814453125
0.798,3.04296875,-4.3642578125,0.7607421875
0.7985,3.3232421875,-4.083984375,0.2001953125
0.799,3.603515625,-3.7236328125,-0.560546875
0.7995,3.8037109375,-3.1630859375,-1.28125
0.8,4.1240234375,-2.5625,-2.2021484375
0.8005,3.68359375,-1.6416015625,-2.5625
0.801,3.68359375,-0.9208984375,-3.283203125
0.8015,2.9228515625,0.0400390625,-3.4833984375
0.802,2.7626953125,0.6806640625,-3.8837890625
0.8025,1.921875,1.7216796875,-4.0439453125
0.803,1.4013671875,2.3623046875,-4.1240234375
0.8035,0.560546875,2.802734375,-3.7236328125
0.804,0.0,3.3232421875,-3.6435546875
0.8045,-0.9208984375,3.4833984375,-2.962890625
0.805,-1.6416015625,3.84375,-2.5625
0.8055,-2.72265625,4.00390625,-1.681640625
0.806,-3.123046875,3.763671875,-1.0009765625
0.8065,-3.68359375,3.68359375,-0.4404296875
0.807,-3.8037109375,3.0830078125,0.16015625
0.8075,-4.083984375,2.7626953125,0.7607421875
0.808,-4.1640625,2.0419921875,1.5615234375
0.8085,-4.3642578125,1.5615234375,2.2822265625
0.809,-3.8837890625,0.640625,2.6826171875
0.8095,-3.8837890625,0.1201171875,3.2431640625
0.81,-3.123046875,-0.80078125,3.36328125
0.8105,-2.962890625,-1.361328125,3.763671875
0.811,-2.1220703125,-2.40234375,3.8837890625
0.8115,-1.6015625,-2.8427734375,3.8037109375
0.812,-0.8408203125,-3.4033203125,3.603515625
0.8125,-0.2001953125,-3.763671875,3.283203125
0.813,0.560546875,-4.00390625,2.8427734375
0.8135,1.4013671875,-4.32421875,2.2822265625
0.814,2.322265625,-4.564453125,1.6015625
0.8145,2.642578125,-4.1640625,0.9208984375
0.815,3.203125,-4.32421875,0.4404296875
0.8155,3.3232421875,-3.68359375,-0.3203125
0.816,3.7236328125,-3.443359375,-0.880859375
0.8165,3.84375,-2.6025390625,-1.76171875
0.817,3.8837890625,-2.0419921875,-2.40234375
0.8175,3.4833984375,-1.0810546875,-2.8828125
0.818,3.3232421875,-0.48046875,-3.36328125
0.8185,2.6826171875,0.48046875,-3.603515625
0.819,2.40234375,1.1611328125,-3.923828125
0.8195,1.6015625,2.162109375,-4.1640625
0.82,0.880859375,2.5224609375,-3.84375
0.8205,0.2802734375,3.1630859375,-3.8037109375
0.821,-0.560546875,3.36328125,-3.203125
0.8215,-1.3212890625,3.7236328125,-2.7626953125
0.822,-2.2822265625,3.8837890625,-2.001953125
0.8225,-3.0830078125,4.0439453125,-1.361328125
0.823,-3.36328125,3.5234375,-0.6005859375
0.8235,-3.84375,3.5234375,-0.2001953125
0.824,-3.923828125,2.802734375,0.6005859375
0.8245,-4.1640625,2.5224609375,1.201171875
0.825,-4.3642578125,1.681640625,2.2021484375
0.8255,-4.1240234375,1.0009765625,2.6025390625
0.826,-3.84375,0.16015625,3.1630859375
0.8265,-3.4833984375,-0.560546875,3.4833984375
0.827,-2.9228515625,-1.3212890625,3.68359375
0.8275,-2.4423828125,-2.08203125,3.84375
0.828,-1.6416015625,-2.9228515625,4.00390625
0.8285,-0.9208984375,-3.2431640625,3.5234375
0.829,-0.400390625,-3.84375,3.603515625
0.8295,0.5205078125,-4.00390625,2.8427734375
0.83,1.201171875,-4.3642578125,2.5224609375
0.8305,2.2021484375,-4.5244140625,1.6416015625
0.831,2.8427734375,-4.5244140625,1.041015625
0.8315,3.1630859375,-4.1640625,0.3603515625
0.832,3.5234375,-4.0439453125,-0.16015625
0.8325,3.68359375,-3.283203125,-0.9609375
0.833,3.8837890625,-2.8828125,-1.5615234375
0.8335,4.1240234375,-2.08203125,-2.5625
0.834,3.68359375,-1.2412109375,-2.9228515625
0.8345,3.5234375,-0.4404296875,-3.5634765625
0.835,2.8427734375,0.4404296875,-3.7236328125
0.8355,2.40234375,1.2412109375,-4.0439453125
0.836,1.76171875,2.0419921875,-4.1640625
0.8365,0.9609375,2.8427734375,-4.2041015625
0.837,0.16015625,3.123046875,-3.6435546875
0.8375,-0.400390625,3.68359375,-3.6435546875
0.838,-1.521484375,3.8037109375,-2.642578125
0.8385,-2.162109375,4.0439453125,-2.2822265625
0.839,-3.203125,4.1240234375,-1.3212890625
0.8395,-3.603515625,3.84375,-0.6806640625
0.84,-3.923828125,3.4833984375,0.0
0.8405,-4.1640625,3.1630859375,0.6005859375
0.841,-4.32421875,2.40234375,1.44140625
0.8415,-4.3642578125,1.8818359375,2.0419921875
0.842,-4.5244140625,1.12109375,2.9228515625
0.8425,-3.8837890625,0.16015625,3.203125
0.843,-3.84375,-0.5205078125,3.763671875
0.8435,-2.962890625,-1.44140625,3.84375
0.844,-2.5625,-2.1220703125,4.1240234375
0.8445,-1.7216796875,-3.0029296875,4.083984375
0.845,-1.0009765625,-3.6435546875,3.9638671875
0.8455,-0.240234375,-3.8837890625,3.4833984375
0.846,0.4404296875,-4.3642578125,3.283203125
0.8465,1.5615234375,-4.5244140625,2.322265625
0.847,2.08203125,-4.724609375,1.921875
0.8475,3.0830078125,-4.7646484375,1.0810546875
0.848,3.36328125,-4.3642578125,0.3203125
0.8485,3.763671875,-4.1240234375,-0.240234375
0.849,3.923828125,-3.5234375,-1.0009765625
0.8495,4.1240234375,-2.8828125,-1.8017578125
0.85,4.1240234375,-2.1220703125,-2.5224609375
0.8505,4.1640625,-1.361328125,-3.283203125
0.851,3.4033203125,-0.3203125,-3.5634765625
0.8515,3.3232421875,0.3203125,-4.1240234375
0.852,2.2822265625,1.521484375,-4.1640625
0.8525,1.921875,2.1220703125,-4.4443359375
0.853,0.9609375,3.0029296875,-4.32421875
0.8535,0.16015625,3.5234375,-4.0439453125
0.854,-0.640625,3.8037109375,-3.5634765625
0.8545,-1.44140625,4.2041015625,-3.0830078125
0.855,-2.642578125,4.32421875,-2.1220703125
0.8555,-3.203125,4.244140625,-1.521484375
0.856,-4.083984375,4.244140625,-0.6806640625
0.8565,-4.2041015625,3.68359375,0.1201171875
0.857,-4.564453125,3.4833984375,0.640625
0.8575,-4.64453125,2.5224609375,1.6416015625
0.858,-4.8046875,1.9619140625,2.322265625
0.8585,-4.564453125,1.041015625,3.04296875
0.859,-4.5244140625,0.2802734375,3.68359375
0.8595,-3.68359375,-0.7607421875,3.84375
0.86,-3.5634765625,-1.361328125,4.2841796875
0.8605,-2.3623046875,-2.6025390625,4.32421875
0.861,-1.9619140625,-3.123046875,4.404296875
0.8615,-0.9609375,-3.923828125,4.2041015625
0.862,-0.16015625,-4.3642578125,3.84375
0.8625,0.6005859375,-4.6044921875,3.36328125
0.863,1.5615234375,-4.96484375,2.6826171875
0.8635,2.6025390625,-5.0849609375,1.8017578125
0.864,3.1630859375,-4.884765625,1.0810546875
0.8645,3.8837890625,-4.8447265625,0.3203125
0.865,3.9638671875,-4.083984375,-0.48046875
0.8655,4.32421875,-3.923828125,-0.9609375
0.866,4.4443359375,-2.8427734375,-2.1220703125
0.8665,4.484375,-2.322265625,-2.72265625
0.867,4.2041015625,-1.28125,-3.4833984375
0.8675,4.00390625,-0.48046875,-4.0439453125
0.868,3.123046875,0.6005859375,-4.1640625
0.8685,2.8427734375,1.3212890625,-4.564453125
0.869,1.7216796875,2.5625,-4.64453125
0.8695,1.201171875,3.04296875,-4.5244140625
0.87,0.2001953125,3.8037109375,-4.3642578125
0.8705,-0.6806640625,4.083984375,-3.8037109375
0.871,-1.361328125,4.32421875,-3.36328125
0.8715,-2.5625,4.5244140625,-2.4423828125
0.872,-3.5634765625,4.6044921875,-1.6015625
0.8725,-4.00390625,4.2841796875,-0.6806640625
0.873,-4.64453125,4.2041015625,0.0400390625
0.8735,-4.64453125,3.3232421875,0.880859375
0.874,-4.884765625,3.0830078125,1.361328125
0.8745,-5.0048828125,1.9619140625,2.5625
0.875,-4.884765625,1.3212890625,3.04296875
0.8755,-4.564453125,0.3203125,3.7236328125
0.876,-4.2041015625,-0.5205078125,4.1240234375
0.8765,-3.4033203125,-1.44140625,4.2841796875
0.877,-2.962890625,-2.2021484375,4.5244140625
0.8775,-1.9619140625,-3.36328125,4.64453125
0.878,-1.2412109375,-3.763671875,4.32421875
0.8785,-0.3203125,-4.5244140625,4.1640625
0.879,0.560546875,-4.6845703125,3.4833984375
0.8795,1.2412109375,-5.044921875,3.0830078125
0.88,2.40234375,-5.1650390625,2.0419921875
0.8805,3.283203125,-5.2451171875,1.3212890625
0.881,3.7236328125,-4.7646484375,0.4404296875
0.8815,4.2841796875,-4.6845703125,-0.2001953125
0.882,4.32421875,-3.84375,-1.041015625
0.8825,4.5244140625,-3.5234375,-1.6015625
0.883,4.6845703125,-2.40234375,-2.8427734375
0.8835,4.4443359375,-1.6416015625,-3.283203125
0.884,4.1240234375,-0.640625,-4.00390625
0.8845,3.5634765625,0.3203125,-4.32421875
0.885,2.8828125,1.201171875,-4.484375
0.8855,2.2021484375,2.0419921875,-4.64453125
0.886,1.3212890625,3.123046875,-4.8447265625
0.8865,0.4404296875,3.4833984375,-4.244140625
0.887,-0.3203125,4.1240234375,-4.2041015625
0.8875,-1.2412109375,4.1640625,-3.36328125
0.888,-1.9619140625,4.484375,-2.962890625
0.8885,-3.203125,4.6044921875,-1.8017578125
0.889,-3.923828125,4.564453125,-1.041015625
0.8895,-4.32421875,4.0439453125,-0.16015625
0.89,-4.724609375,3.84375,0.4404296875
0.8905,-4.724609375,3.04296875,1.2412109375
0.891,-4.8447265625,2.5625,1.841796875
0.8915,-5.0048828125,1.5615234375,2.9228515625
0.892,-4.564453125,0.80078125,3.2431640625
0.8925,-4.404296875,-0.080078125,3.9638671875
0.893,-3.68359375,-1.0009765625,4.083984375
0.8935,-3.2431640625,-1.7216796875,4.32421875
0.894,-2.40234375,-2.642578125,4.404296875
0.8945,-1.6416015625,-3.5634765625,4.5244140625
0.895,-0.720703125,-3.923828125,3.8837890625
0.8955,-0.16015625,-4.564453125,3.923828125
0.896,0.80078125,-4.6044921875,3.0830078125
0.8965,1.521484375,-4.9248046875,2.7626953125
0.897,2.72265625,-5.0849609375,1.681640625
0.8975,3.2431640625,-4.884765625,1.0009765625
0.898,3.763671875,-4.5244140625,0.2001953125
0.8985,4.083984375,-4.244140625,-0.400390625
0.899,4.2041015625,-3.603515625,-1.1611328125
0.8995,4.32421875,-2.962890625,-1.921875
0.9,4.6044921875,-2.2021484375,-2.9228515625
0.9005,4.00390625,-1.28125,-3.283203125
0.901,3.8837890625,-0.4404296875,-4.00390625
0.9015,3.04296875,0.6005859375,-4.0439453125
0.902,2.72265625,1.28125,-4.404296875
0.9025,1.8017578125,2.2822265625,-4.5244140625
0.903,1.12109375,3.04296875,-4.5244140625
0.9035,0.16015625,3.36328125,-3.923828125
0.904,-0.4404296875,3.8837890625,-3.8837890625
0.9045,-1.44140625,4.00390625,-2.962890625
0.905,-2.1220703125,4.32421875,-2.5625
0.9055,-3.36328125,4.484375,-1.4814453125
0.906,-3.7236328125,4.083984375,-0.7607421875
0.9065,-4.2041015625,3.84375,0.0
0.907,-4.32421875,3.3232421875,0.6005859375
0.9075,-4.5244140625,2.802734375,1.28125
0.908,-4.564453125,2.0419921875,2.0419921875
0.9085,-4.724609375,1.361328125,2.8828125
0.909,-4.1240234375,0.4404296875,3.1630859375
0.9095,-4.1240234375,-0.2001953125,3.8037109375
0.91,-3.203125,-1.201171875,3.8037109375
0.9105,-2.962890625,-1.8017578125,4.1240234375
0.911,-2.001953125,-2.8828125,4.1640625
0.9115,-1.361328125,-3.36328125,4.083984375
0.912,-0.560546875,-3.8037109375,3.68359375
0.9125,0.0400390625,-4.1640625,3.4833984375
0.913,0.9208984375,-4.3642578125,2.802734375
0.9135,1.6416015625,-4.564453125,2.2822265625
0.914,2.6826171875,-4.8046875,1.4814453125
0.9145,3.0029296875,-4.3642578125,0.7607421875
0.915,3.5234375,-4.3642578125,0.240234375
0.9155,3.6435546875,-3.7236328125,-0.5205078125
0.916,3.9638671875,-3.36328125,-1.1611328125
0.9165,4.00390625,-2.5625,-2.001953125
0.917,4.1240234375,-1.9619140625,-2.72265625
0.9175,3.5634765625,-0.9609375,-3.1630859375
0.918,3.5234375,-0.3203125,-3.68359375
0.9185,2.6826171875,0.6806640625,-3.8037109375
0.919,2.40234375,1.28125,-4.1640625
0.9195,1.5615234375,2.322265625,-4.3642578125
0.92,0.880859375,2.802734375,-4.00390625
0.9205,0.16015625,3.3232421875,-3.84375
0.921,-0.640625,3.603515625,-3.36328125
0.9215,-1.4814453125,3.8837890625,-2.7626953125
0.922,-2.3623046875,4.0439453125,-2.08203125
0.9225,-3.2431640625,4.2041015625,-1.361328125
0.923,-3.5234375,3.6435546875,-0.5205078125
0.9235,-4.00390625,3.68359375,-0.16015625
0.924,-4.0439453125,2.8828125,0.720703125
0.9245,-4.32421875,2.5625,1.28125
0.925,-4.404296875,1.7216796875,2.2421875
0.9255,-4.244140625,1.0810546875,2.6826171875
0.926,-3.84375,0.16015625,3.1630859375
0.9265,-3.603515625,-0.48046875,3.5234375
0.927,-2.9228515625,-1.361328125,3.6435546875
0.9275,-2.5625,-2.0419921875,3.8837890625
0.928,-1.76171875,-2.8828125,4.00390625
0.9285,-1.041015625,-3.203125,3.5634765625
0.929,-0.5205078125,-3.763671875,3.603515625
0.9295,0.3603515625,-3.923828125,2.9228515625
0.93,1.0810546875,-4.32421875,2.6025390625
0.9305,1.9619140625,-4.404296875,1.8017578125
0.931,2.6025390625,-4.4443359375,1.28125
0.9315,2.9228515625,-4.0439453125,0.560546875
0.932,3.3232421875,-4.0439453125,0.16015625
0.9325,3.5234375,-3.36328125,-0.6806640625
0.933,3.763671875,-3.0830078125,-1.28125
0.9335,3.9638671875,-2.2822265625,-2.2421875
0.934,3.6435546875,-1.5615234375,-2.6025390625
0.9345,3.4833984375,-0.720703125,-3.203125
0.935,3.0029296875,0.0400390625,-3.5634765625
0.9355,2.5625,0.80078125,-3.8837890625
0.936,2.001953125,1.6416015625,-4.083984375
0.9365,1.3212890625,2.4423828125,-4.1240234375
0.937,0.48046875,2.802734375,-3.6435546875
0.9375,0.0,3.36328125,-3.7236328125
0.938,-1.12109375,3.5234375,-2.8427734375
0.9385,-1.76171875,3.8837890625,-2.5224609375
0.939,-2.7626953125,3.9638671875,-1.6015625
0.9395,-3.203125,3.84375,-1.0009765625
0.94,-3.5634765625,3.4833984375,-0.3203125
0.9405,-3.8837890625,3.2431640625,0.2001953125
0.941,-4.0439453125,2.6025390625,1.0009765625
0.9415,-4.2041015625,2.08203125,1.6015625
0.942,-4.3642578125,1.4013671875,2.482421875
0.9425,-3.84375,0.5205078125,2.8427734375
0.943,-3.84375,-0.16015625,3.36328125
0.9435,-3.0830078125,-1.041015625,3.4833984375
0.944,-2.72265625,-1.681640625,3.84375
0.9445,-1.9619140625,-2.482421875,3.84375
0.945,-1.361328125,-3.0830078125,3.84375
0.9455,-0.640625,-3.4033203125,3.36328125
0.946,0.0,-3.8837890625,3.3232421875
0.9465,0.9609375,-4.00390625,2.482421875
0.947,1.5615234375,-4.32421875,2.162109375
0.9475,2.40234375,-4.404296875,1.361328125
0.948,2.72265625,-4.1240234375,0.7607421875
0.9485,3.1630859375,-4.00390625,0.2802734375
0.949,3.3232421875,-3.5234375,-0.400390625
0.9495,3.603515625,-3.0830078125,-1.12109375
0.95,3.68359375,-2.4423828125,-1.8017578125
0.9505,3.7236328125,-1.9619140625,-2.5224609375
0.951,3.203125,-0.9609375,-2.8828125
0.9515,3.2431640625,-0.3603515625,-3.4833984375
0.952,2.482421875,0.640625,-3.5634765625
0.9525,2.2421875,1.28125,-3.9638671875
0.953,1.44140625,2.162109375,-3.9638671875
0.9535,0.80078125,2.6025390625,-3.8037109375
0.954,0.1201171875,3.04296875,-3.5234375
0.9545,-0.640625,3.443359375,-3.203125
0.955,-1.6015625,3.68359375,-2.482421875
0.9555,-2.2822265625,3.84375,-2.001953125
0.956,-3.0830078125,3.923828125,-1.28125
0.9565,-3.3232421875,3.4833984375,-0.6005859375
0.957,-3.8037109375,3.4833984375,-0.1201171875
0.9575,-3.923828125,2.72265625,0.720703125
0.958,-4.2041015625,2.40234375,1.3212890625
0.9585,-4.1640625,1.44140625,2.0419921875
0.959,-4.2041015625,0.9208984375,2.72265625
0.9595,-3.603515625,0.0,3.04296875
0.96,-3.5634765625,-0.560546875,3.5234375
0.9605,-2.72265625,-1.6015625,3.68359375
0.961,-2.40234375,-2.2021484375,3.923828125
0.9615,-1.521484375,-2.962890625,3.84375
0.962,-0.8408203125,-3.36328125,3.5634765625
0.9625,-0.240234375,-3.8037109375,3.36328125
0.963,0.720703125,-4.0439453125,2.72265625
0.9635,1.521484375,-4.32421875,2.2021484375
0.964,2.2021484375,-4.3642578125,1.521484375
0.9645,2.802734375,-4.3642578125,0.9609375
0.965,3.0029296875,-3.8837890625,0.2802734375
0.9655,3.443359375,-3.84375,-0.16015625
0.966,3.5634765625,-3.0029296875,-1.1611328125
0.9665,3.84375,-2.72265625,-1.7216796875
0.967,3.763671875,-1.8818359375,-2.482421875
0.9675,3.5234375,-1.28125,-3.0830078125
0.968,3.0830078125,-0.2802734375,-3.3232421875
0.9685,2.802734375,0.48046875,-3.68359375
0.969,2.08203125,1.4013671875,-3.923828125
0.9695,1.6416015625,2.001953125,-4.00390625
0.97,0.880859375,2.7626953125,-4.00390625
0.9705,0.1201171875,3.0830078125,-3.5634765625
0.971,-0.5205078125,3.5634765625,-3.4033203125
0.9715,-1.6416015625,3.763671875,-2.5224609375
0.972,-2.3623046875,4.00390625,-2.0419921875
0.9725,-3.0830078125,3.8837890625,-1.2412109375
0.973,-3.6435546875,3.84375,-0.640625
0.9735,-3.8037109375,3.283203125,0.080078125
0.974,-4.1640625,3.123046875,0.6005859375
0.9745,-4.2841796875,2.2421875,1.6015625
0.975,-4.3642578125,1.7216796875,2.08203125
0.9755,-4.2041015625,0.880859375,2.8427734375
0.976,-3.84375,0.0400390625,3.2431640625
0.9765,-3.4833984375,-0.6806640625,3.603515625
0.977,-2.8828125,-1.5615234375,3.84375
0.9775,-2.2822265625,-2.4423828125,4.0439453125
0.978,-1.5615234375,-2.962890625,3.8837890625
0.9785,-0.880859375,-3.6435546875,3.84375
0.979,-0.080078125,-3.84375,3.283203125
0.9795,0.560546875,-4.2841796875,3.123046875
0.98,1.7216796875,-4.484375,2.1220703125
0.9805,2.3623046875,-4.6044921875,1.6416015625
0.981,3.0029296875,-4.4443359375,0.8408203125
0.9815,3.36328125,-4.244140625,0.2802734375
0.982,3.5634765625,-3.7236328125,-0.3603515625
0.9825,3.8037109375,-3.4033203125,-1.0009765625
0.983,4.00390625,-2.642578125,-2.001953125
0.9835,3.8837890625,-1.9619140625,-2.5224609375
0.984,3.8837890625,-1.1611328125,-3.2431640625
0.9845,3.203125,-0.2001953125,-3.5234375
0.985,2.962890625,0.5205078125,-3.923828125
0.9855,2.162109375,1.5615234375,-4.083984375
0.986,1.6416015625,2.2822265625,-4.3642578125
0.9865,0.7607421875,2.8427734375,-4.00390625
0.987,0.1201171875,3.4833984375,-3.9638671875
0.9875,-0.720703125,3.6435546875,-3.283203125
0.988,-1.44140625,4.083984375,-3.0029296875
0.9885,-2.72265625,4.2041015625,-1.9619140625
0.989,-3.283203125,4.2041015625,-1.3212890625
0.9895,-3.923828125,3.9638671875,-0.5205078125
0.99,-4.2041015625,3.603515625,0.16015625
0.9905,-4.3642578125,3.0830078125,0.80078125
0.991,-4.5244140625,2.40234375,1.5615234375
0.9915,-4.7646484375,1.681640625,2.5625
0.992,-4.3642578125,0.880859375,3.0029296875
0.9925,-4.3642578125,0.1201171875,3.763671875
0.993,-3.5634765625,-0.9208984375,3.84375
0.9935,-3.3232421875,-1.521484375,4.2041015625
0.994,-2.2822265625,-2.642578125,4.32421875
0.9945,-1.6015625,-3.36328125,4.3642578125
0.995,-0.6806640625,-3.8837890625,3.8837890625
0.9955,0.0,-4.404296875,3.8037109375
0.996,0.80078125,-4.484375,3.04296875
0.9965,1.5615234375,-4.8046875,2.5625
0.997,2.802734375,-5.0048828125,1.5615234375
0.9975,3.2431640625,-4.6845703125,0.8408203125
0.998,3.84375,-4.5244140625,0.1201171875
0.9985,4.00390625,-4.0439453125,-0.6005859375
0.999,4.2041015625,-3.5634765625,-1.2412109375
0.9995,4.32421875,-2.7626953125,-2.1220703125
