wavelength,x,y,z
0.0,3.6435546875,-0.640625,-2.9228515625
0.0005,3.36328125,0.0,-3.3232421875
0.001,2.962890625,0.80078125,-3.7236328125
0.0015,2.4423828125,1.5615234375,-4.0439453125
0.002,1.8017578125,2.40234375,-4.2041015625
0.0025,0.9208984375,2.802734375,-3.7236328125
0.003,0.2802734375,3.4033203125,-3.7236328125
0.0035,-0.640625,3.68359375,-3.0830078125
0.004,-1.3212890625,4.00390625,-2.7626953125
0.0045,-2.1220703125,4.1640625,-2.2021484375
0.005,-2.6025390625,4.083984375,-1.6015625
0.0055,-2.9228515625,3.68359375,-0.9208984375
0.006,-3.36328125,3.4833984375,-0.3203125
0.0065,-3.5634765625,2.72265625,0.640625
0.007,-3.8837890625,2.2822265625,1.3212890625
0.0075,-4.00390625,1.521484375,2.2822265625
0.008,-3.68359375,0.7607421875,2.642578125
0.0085,-3.5634765625,0.1201171875,3.203125
0.009,-3.0830078125,-0.6806640625,3.5234375
0.0095,-2.6025390625,-1.521484375,3.8837890625
0.01,-1.9619140625,-2.2822265625,4.083984375
0.0105,-1.2412109375,-2.9228515625,4.00390625
0.011,-0.3203125,-3.2431640625,3.4833984375
0.0115,0.2802734375,-3.8037109375,3.4033203125
0.012,1.28125,-4.00390625,2.642578125
0.0125,1.921875,-4.244140625,2.3623046875
0.013,2.6826171875,-4.3642578125,1.681640625
0.0135,3.0029296875,-4.00390625,1.041015625
0.014,3.36328125,-3.7236328125,0.400390625
0.0145,3.68359375,-3.2431640625,-0.3203125
0.015,3.8837890625,-2.6025390625,-1.1611328125
0.0155,4.083984375,-2.08203125,-1.8818359375
0.016,4.1240234375,-1.361328125,-2.6025390625
0.0165,3.6435546875,-0.640625,-2.9228515625
0.017,3.5634765625,-0.080078125,-3.4833984375
0.0175,2.9228515625,0.7607421875,-3.763671875
0.018,2.5625,1.5615234375,-4.083984375
0.0185,1.921875,2.322265625,-4.1640625
0.019,1.12109375,2.8427734375,-3.9638671875
0.0195,0.2802734375,3.203125,-3.5634765625
0.02,-0.3603515625,3.68359375,-3.36328125
0.0205,-1.28125,3.8837890625,-2.72265625
0.021,-1.8017578125,4.1240234375,-2.4423828125
0.0215,-2.5224609375,4.1640625,-1.841796875
0.022,-2.7626953125,3.763671875,-1.1611328125
0.0225,-3.203125,3.6435546875,-0.6005859375
0.023,-3.443359375,2.962890625,0.2802734375
0.0235,-3.763671875,2.5224609375,1.041015625
0.024,-3.8837890625,1.841796875,1.76171875
0.0245,-3.84375,1.2412109375,2.40234375
0.025,-3.4033203125,0.4404296875,2.72265625
0.0255,-3.4033203125,-0.1201171875,3.2431640625
0.026,-2.7626953125,-1.0009765625,3.603515625
0.0265,-2.4423828125,-1.6416015625,3.923828125
0.027,-1.6416015625,-2.482421875,3.9638671875
0.0275,-0.8408203125,-2.9228515625,3.6435546875
0.028,-0.16015625,-3.36328125,3.4833984375
0.0285,0.640625,-3.763671875,3.04296875
0.029,1.44140625,-4.0439453125,2.5625
0.0295,2.001953125,-4.2041015625,2.2021484375
0.03,2.6025390625,-4.1640625,1.6015625
0.0305,2.8427734375,-3.7236328125,0.9609375
0.031,3.36328125,-3.68359375,0.400390625
0.0315,3.5634765625,-2.8828125,-0.560546875
0.032,3.8837890625,-2.5625,-1.2412109375
0.0325,3.9638671875,-1.841796875,-2.0419921875
0.033,3.84375,-1.2412109375,-2.5224609375
0.0335,3.5234375,-0.5205078125,-3.0029296875
0.034,3.3232421875,0.16015625,-3.4833984375
0.0345,2.802734375,1.0810546875,-3.84375
0.035,2.40234375,1.7216796875,-4.083984375
0.0355,1.6416015625,2.482421875,-4.083984375
0.036,0.80078125,2.8427734375,-3.68359375
0.0365,0.16015625,3.36328125,-3.5634765625
0.037,-0.720703125,3.68359375,-3.0029296875
0.0375,-1.4013671875,4.00390625,-2.6826171875
0.038,-1.9619140625,4.0439453125,-2.2021484375
0.0385,-2.482421875,3.9638671875,-1.6015625
0.039,-2.7626953125,3.5234375,-0.9208984375
0.0395,-3.2431640625,3.36328125,-0.3203125
0.04,-3.4833984375,2.5625,0.6806640625
0.0405,-3.8037109375,2.2421875,1.2412109375
0.041,-3.8037109375,1.4814453125,2.0419921875
0.0415,-3.5634765625,0.80078125,2.40234375
0.042,-3.36328125,0.16015625,3.0029296875
0.0425,-2.962890625,-0.6005859375,3.36328125
0.043,-2.5224609375,-1.4013671875,3.763671875
0.0435,-1.9619140625,-2.001953125,3.84375
0.044,-1.2412109375,-2.642578125,3.8037109375
0.0445,-0.4404296875,-3.0029296875,3.3232421875
0.045,0.16015625,-3.5634765625,3.3232421875
0.0455,1.12109375,-3.8037109375,2.6025390625
0.046,1.6416015625,-4.1240234375,2.40234375
0.0465,2.2421875,-4.083984375,1.841796875
0.047,2.6826171875,-3.8837890625,1.28125
0.0475,3.04296875,-3.5634765625,0.6005859375
0.048,3.443359375,-3.2431640625,-0.080078125
0.0485,3.68359375,-2.6025390625,-1.0009765625
0.049,3.923828125,-2.2421875,-1.6015625
0.0495,3.8837890625,-1.5615234375,-2.3623046875
0.05,3.5634765625,-0.80078125,-2.6826171875
0.0505,3.5234375,-0.16015625,-3.283203125
0.051,3.0029296875,0.720703125,-3.603515625
0.0515,2.642578125,1.44140625,-4.00390625
0.052,1.921875,2.1220703125,-4.00390625
0.0525,1.201171875,2.72265625,-3.8837890625
0.053,0.3203125,3.123046875,-3.5234375
0.0535,-0.3203125,3.68359375,-3.36328125
0.054,-1.28125,3.8837890625,-2.6826171875
0.0545,-1.76171875,4.1240234375,-2.4423828125
0.055,-2.40234375,4.083984375,-1.8017578125
0.0555,-2.72265625,3.68359375,-1.1611328125
0.056,-3.1630859375,3.4833984375,-0.5205078125
0.0565,-3.4833984375,2.8427734375,0.400390625
0.057,-3.7236328125,2.2822265625,1.201171875
0.0575,-3.84375,1.681640625,1.841796875
0.058,-3.7236328125,1.041015625,2.482421875
0.0585,-3.3232421875,0.2802734375,2.802734375
0.059,-3.2431640625,-0.3203125,3.36328125
0.0595,-2.5224609375,-1.28125,3.68359375
0.06,-2.162109375,-1.921875,3.923828125
0.0605,-1.3212890625,-2.5625,3.763671875
0.061,-0.640625,-3.04296875,3.5234375
0.0615,0.1201171875,-3.4033203125,3.1630859375
0.062,0.880859375,-3.8037109375,2.8427734375
0.0625,1.7216796875,-4.00390625,2.2822265625
0.063,2.1220703125,-4.083984375,1.9619140625
0.0635,2.6826171875,-4.00390625,1.361328125
0.064,2.8828125,-3.5634765625,0.720703125
0.0645,3.36328125,-3.443359375,0.1201171875
0.065,3.5234375,-2.642578125,-0.80078125
0.0655,3.84375,-2.40234375,-1.44140625
0.066,3.763671875,-1.6015625,-2.0419921875
0.0665,3.68359375,-1.041015625,-2.5224609375
0.067,3.3232421875,-0.3203125,-2.8828125
0.0675,3.203125,0.2802734375,-3.4033203125
0.068,2.6025390625,1.1611328125,-3.7236328125
0.0685,2.2421875,1.7216796875,-3.8837890625
0.069,1.44140625,2.3623046875,-3.8037109375
0.0695,0.7607421875,2.72265625,-3.5234375
0.07,0.080078125,3.2431640625,-3.36328125
0.0705,-0.6806640625,3.5234375,-2.8828125
0.071,-1.28125,3.84375,-2.642578125
0.0715,-1.7216796875,3.84375,-2.2021484375
0.072,-2.2021484375,3.8037109375,-1.7216796875
0.0725,-2.5224609375,3.3232421875,-1.041015625
0.073,-3.04296875,3.2431640625,-0.400390625
0.0735,-3.2431640625,2.5224609375,0.4404296875
0.074,-3.603515625,2.3623046875,1.0009765625
0.0745,-3.5634765625,1.6015625,1.7216796875
0.075,-3.443359375,1.0810546875,2.08203125
0.0755,-3.2431640625,0.3603515625,2.6826171875
0.076,-2.962890625,-0.3603515625,3.1630859375
0.0765,-2.6025390625,-1.12109375,3.5234375
0.077,-2.08203125,-1.681640625,3.603515625
0.0775,-1.361328125,-2.322265625,3.603515625
0.078,-0.640625,-2.72265625,3.283203125
0.0785,-0.0400390625,-3.3232421875,3.283203125
0.079,0.8408203125,-3.5634765625,2.6826171875
0.0795,1.28125,-3.9638671875,2.5625
0.08,1.8818359375,-3.8837890625,2.001953125
0.0805,2.2822265625,-3.84375,1.5615234375
0.081,2.72265625,-3.5234375,0.80078125
0.0815,3.1630859375,-3.283203125,0.080078125
0.082,3.4833984375,-2.642578125,-0.6806640625
0.0825,3.7236328125,-2.322265625,-1.28125
0.083,3.68359375,-1.6416015625,-1.9619140625
0.0835,3.4833984375,-1.0009765625,-2.40234375
0.084,3.4033203125,-0.3203125,-3.0029296875
0.0845,2.9228515625,0.5205078125,-3.4033203125
0.085,2.6826171875,1.201171875,-3.84375
0.0855,1.921875,1.841796875,-3.7236328125
0.086,1.28125,2.4423828125,-3.7236328125
0.0865,0.48046875,2.8427734375,-3.36328125
0.087,-0.16015625,3.36328125,-3.2431640625
0.0875,-1.0009765625,3.68359375,-2.72265625
0.088,-1.4814453125,3.84375,-2.5224609375
0.0885,-2.0419921875,3.763671875,-1.8818359375
0.089,-2.3623046875,3.5234375,-1.3212890625
0.0895,-2.8427734375,3.2431640625,-0.640625
0.09,-3.203125,2.7626953125,0.2001953125
0.0905,-3.5234375,2.322265625,0.9609375
0.091,-3.5634765625,1.76171875,1.5615234375
0.0915,-3.5234375,1.1611328125,2.1220703125
0.092,-3.1630859375,0.4404296875,2.5224609375
0.0925,-3.123046875,-0.16015625,3.123046875
0.093,-2.5625,-1.0810546875,3.443359375
0.0935,-2.2021484375,-1.681640625,3.68359375
0.094,-1.361328125,-2.2822265625,3.5234375
0.0945,-0.6806640625,-2.7626953125,3.36328125
0.095,0.0,-3.203125,3.04296875
0.0955,0.6806640625,-3.5634765625,2.802734375
0.096,1.44140625,-3.8837890625,2.3623046875
0.0965,1.841796875,-3.923828125,2.001953125
0.097,2.3623046875,-3.84375,1.4814453125
0.0975,2.6025390625,-3.4833984375,0.80078125
0.098,3.1630859375,-3.283203125,0.16015625
0.0985,3.36328125,-2.6025390625,-0.640625
0.099,3.68359375,-2.322265625,-1.28125
0.0995,3.5634765625,-1.6416015625,-1.841796875
0.1,3.5234375,-1.1611328125,-2.322265625
0.1005,3.203125,-0.3603515625,-2.7626953125
0.101,3.123046875,0.2802734375,-3.36328125
0.1015,2.6025390625,1.12109375,-3.68359375
0.102,2.162109375,1.6416015625,-3.8037109375
0.1025,1.4013671875,2.2822265625,-3.68359375
0.103,0.6806640625,2.72265625,-3.443359375
0.1035,0.0,3.2431640625,-3.283203125
0.104,-0.7607421875,3.5234375,-2.8427734375
0.1045,-1.361328125,3.84375,-2.6025390625
0.105,-1.8017578125,3.68359375,-2.08203125
0.1055,-2.322265625,3.7236328125,-1.6015625
0.106,-2.642578125,3.283203125,-0.8408203125
0.1065,-3.1630859375,3.123046875,-0.1201171875
0.107,-3.4033203125,2.40234375,0.80078125
0.1075,-3.6435546875,2.0419921875,1.361328125
0.108,-3.5234375,1.28125,1.9619140625
0.1085,-3.4033203125,0.7607421875,2.4423828125
0.109,-3.123046875,0.0,2.962890625
0.1095,-2.7626953125,-0.80078125,3.4033203125
0.11,-2.322265625,-1.6015625,3.763671875
0.1105,-1.6015625,-2.08203125,3.603515625
0.111,-0.9609375,-2.72265625,3.5634765625
0.1115,-0.16015625,-3.0830078125,3.1630859375
0.112,0.48046875,-3.5634765625,3.04296875
0.1125,1.4013671875,-3.84375,2.40234375
0.113,1.921875,-4.0439453125,2.162109375
0.1135,2.322265625,-3.84375,1.4814453125
0.114,2.7626953125,-3.7236328125,1.0009765625
0.1145,3.04296875,-3.203125,0.2001953125
0.115,3.4833984375,-2.8828125,-0.5205078125
0.1155,3.68359375,-2.2421875,-1.361328125
0.116,3.7236328125,-1.76171875,-1.8818359375
0.1165,3.6435546875,-1.041015625,-2.482421875
0.117,3.3232421875,-0.400390625,-2.8427734375
0.1175,3.123046875,0.2802734375,-3.36328125
0.118,2.6025390625,1.12109375,-3.68359375
0.1185,2.2021484375,1.76171875,-3.923828125
0.119,1.361328125,2.2822265625,-3.68359375
0.1195,0.7607421875,2.8427734375,-3.603515625
0.12,-0.0400390625,3.1630859375,-3.1630859375
0.1205,-0.6806640625,3.603515625,-3.0029296875
0.121,-1.5615234375,3.84375,-2.4423828125
0.1215,-1.9619140625,3.84375,-2.08203125
0.122,-2.40234375,3.7236328125,-1.44140625
0.1225,-2.72265625,3.443359375,-0.880859375
0.123,-3.123046875,3.04296875,-0.1201171875
0.1235,-3.443359375,2.5224609375,0.6806640625
0.124,-3.7236328125,2.001953125,1.44140625
0.1245,-3.5634765625,1.4013671875,1.921875
0.125,-3.5234375,0.7607421875,2.5224609375
0.1255,-3.0830078125,0.0400390625,2.8828125
0.126,-2.9228515625,-0.640625,3.4033203125
0.1265,-2.3623046875,-1.4814453125,3.68359375
0.127,-1.841796875,-2.08203125,3.8037109375
0.1275,-1.0009765625,-2.6025390625,3.5234375
0.128,-0.3603515625,-3.0830078125,3.36328125
0.1285,0.3603515625,-3.5234375,2.962890625
0.129,1.0810546875,-3.84375,2.6826171875
0.1295,1.8818359375,-4.1240234375,2.162109375
0.13,2.2021484375,-3.8837890625,1.7216796875
0.1305,2.72265625,-3.84375,1.12109375
0.131,3.0029296875,-3.36328125,0.48046875
0.1315,3.443359375,-3.0830078125,-0.2802734375
0.132,3.6435546875,-2.4423828125,-1.0810546875
0.1325,3.84375,-2.001953125,-1.7216796875
0.133,3.5634765625,-1.28125,-2.2021484375
0.1335,3.603515625,-0.7607421875,-2.72265625
0.134,3.1630859375,0.0400390625,-3.1630859375
0.1345,2.9228515625,0.720703125,-3.603515625
0.135,2.40234375,1.5615234375,-3.8837890625
0.1355,1.76171875,2.0419921875,-3.8037109375
0.136,1.0009765625,2.642578125,-3.603515625
0.1365,0.2802734375,3.04296875,-3.36328125
0.137,-0.400390625,3.443359375,-3.0830078125
0.1375,-1.1611328125,3.7236328125,-2.72265625
0.138,-1.8017578125,3.9638671875,-2.2822265625
0.1385,-2.08203125,3.68359375,-1.681640625
0.139,-2.6025390625,3.7236328125,-1.2412109375
0.1395,-2.8828125,3.123046875,-0.400390625
0.14,-3.3232421875,2.8427734375,0.2802734375
0.1405,-3.5634765625,2.162109375,1.1611328125
0.141,-3.6435546875,1.76171875,1.681640625
0.1415,-3.36328125,0.9609375,2.2021484375
0.142,-3.36328125,0.48046875,2.642578125
0.1425,-2.9228515625,-0.3203125,3.123046875
0.143,-2.6025390625,-1.041015625,3.4833984375
0.1435,-2.08203125,-1.8017578125,3.763671875
0.144,-1.361328125,-2.2822265625,3.4833984375
0.1445,-0.720703125,-2.8828125,3.4833984375
0.145,0.0,-3.203125,3.04296875
0.1455,0.640625,-3.68359375,2.8427734375
0.146,1.44140625,-3.84375,2.3623046875
0.1465,1.921875,-3.9638671875,2.0419921875
0.147,2.2822265625,-3.68359375,1.4013671875
0.1475,2.72265625,-3.68359375,0.9609375
0.148,3.04296875,-3.0830078125,0.1201171875
0.1485,3.4833984375,-2.8427734375,-0.5205078125
0.149,3.68359375,-2.2021484375,-1.361328125
0.1495,3.6435546875,-1.76171875,-1.76171875
0.15,3.5234375,-1.0810546875,-2.3623046875
0.1505,3.3232421875,-0.4404296875,-2.802734375
0.151,3.123046875,0.2802734375,-3.3232421875
0.1515,2.6826171875,1.041015625,-3.68359375
0.152,2.2021484375,1.7216796875,-3.84375
0.1525,1.4013671875,2.162109375,-3.5634765625
0.153,0.80078125,2.72265625,-3.603515625
0.1535,0.0,3.0830078125,-3.203125
0.154,-0.640625,3.5634765625,-3.0029296875
0.1545,-1.4013671875,3.84375,-2.5224609375
0.155,-1.8017578125,3.8037109375,-2.1220703125
0.1555,-2.2822265625,3.6435546875,-1.521484375
0.156,-2.6025390625,3.4033203125,-0.9609375
0.1565,-3.0830078125,3.0029296875,-0.1201171875
0.157,-3.36328125,2.5224609375,0.640625
0.1575,-3.6435546875,2.001953125,1.4013671875
0.158,-3.4033203125,1.4013671875,1.841796875
0.1585,-3.4833984375,0.8408203125,2.4423828125
0.159,-3.0830078125,0.0400390625,2.8427734375
0.1595,-2.8828125,-0.640625,3.3232421875
0.16,-2.322265625,-1.44140625,3.6435546875
0.1605,-1.76171875,-2.0419921875,3.6435546875
0.161,-0.9609375,-2.5625,3.36328125
0.1615,-0.3603515625,-3.0830078125,3.283203125
0.162,0.4404296875,-3.36328125,2.8828125
0.1625,1.12109375,-3.8037109375,2.642578125
0.163,1.841796875,-4.00390625,2.162109375
0.1635,2.162109375,-3.8037109375,1.6416015625
0.164,2.642578125,-3.7236328125,1.1611328125
0.1645,2.9228515625,-3.2431640625,0.400390625
0.165,3.36328125,-2.9228515625,-0.3203125
0.1655,3.603515625,-2.3623046875,-1.12109375
0.166,3.763671875,-1.9619140625,-1.76171875
0.1665,3.4833984375,-1.1611328125,-2.2021484375
0.167,3.5234375,-0.6806640625,-2.72265625
0.1675,3.0830078125,0.1201171875,-3.1630859375
0.168,2.8427734375,0.80078125,-3.603515625
0.1685,2.2421875,1.6015625,-3.8837890625
0.169,1.5615234375,2.08203125,-3.68359375
0.1695,0.880859375,2.642578125,-3.5634765625
0.17,0.1201171875,3.123046875,-3.283203125
0.1705,-0.5205078125,3.4833984375,-2.962890625
0.171,-1.2412109375,3.8037109375,-2.6025390625
0.1715,-1.841796875,3.923828125,-2.2021484375
0.172,-2.1220703125,3.5634765625,-1.6015625
0.1725,-2.642578125,3.603515625,-1.12109375
0.173,-2.9228515625,3.0029296875,-0.240234375
0.1735,-3.36328125,2.6826171875,0.4404296875
0.174,-3.5634765625,2.0419921875,1.28125
0.1745,-3.5634765625,1.5615234375,1.76171875
0.175,-3.3232421875,0.8408203125,2.2421875
0.1755,-3.203125,0.2802734375,2.72265625
0.176,-2.8427734375,-0.5205078125,3.1630859375
0.1765,-2.482421875,-1.2412109375,3.5234375
0.177,-1.921875,-1.9619140625,3.7236328125
0.1775,-1.1611328125,-2.4423828125,3.36328125
0.178,-0.560546875,-2.962890625,3.4033203125
0.1785,0.240234375,-3.283203125,2.9228515625
0.179,0.9208984375,-3.7236328125,2.72265625
0.1795,1.5615234375,-3.8837890625,2.2421875
0.18,2.0419921875,-3.923828125,1.8818359375
0.1805,2.40234375,-3.603515625,1.2412109375
0.181,2.8427734375,-3.5634765625,0.720703125
0.1815,3.1630859375,-2.9228515625,-0.1201171875
0.182,3.5234375,-2.6826171875,-0.7607421875
0.1825,3.7236328125,-2.0419921875,-1.6015625
0.183,3.5634765625,-1.4814453125,-1.9619140625
0.1835,3.5234375,-0.8408203125,-2.5625
0.184,3.2431640625,-0.16015625,-3.0029296875
0.1845,2.9228515625,0.560546875,-3.4833984375
0.185,2.482421875,1.28125,-3.8037109375
0.1855,1.8818359375,1.921875,-3.8837890625
0.186,1.12109375,2.40234375,-3.5234375
0.1865,0.5205078125,3.0029296875,-3.5634765625
0.187,-0.3203125,3.3232421875,-3.0029296875
0.1875,-1.0009765625,3.763671875,-2.8427734375
0.188,-1.681640625,3.8837890625,-2.322265625
0.1885,-2.08203125,3.763671875,-1.8017578125
0.189,-2.5224609375,3.5634765625,-1.2412109375
0.1895,-2.8828125,3.283203125,-0.6005859375
0.19,-3.2431640625,2.72265625,0.2802734375
0.1905,-3.5634765625,2.322265625,1.0009765625
0.191,-3.7236328125,1.76171875,1.76171875
0.1915,-3.36328125,1.0009765625,2.162109375
0.192,-3.4033203125,0.48046875,2.72265625
0.1925,-2.9228515625,-0.3603515625,3.123046875
0.193,-2.642578125,-1.12109375,3.5234375
0.1935,-2.0419921875,-1.921875,3.7236328125
0.194,-1.3212890625,-2.40234375,3.6435546875
0.1945,-0.6005859375,-2.8427734375,3.3232421875
0.195,0.0,-3.36328125,3.2431640625
0.1955,0.9208984375,-3.603515625,2.6826171875
0.196,1.4814453125,-3.9638671875,2.4423828125
0.1965,2.162109375,-4.0439453125,1.921875
0.197,2.482421875,-3.7236328125,1.28125
0.1975,2.962890625,-3.6435546875,0.7607421875
0.198,3.2431640625,-3.0830078125,-0.0400390625
0.1985,3.603515625,-2.6826171875,-0.80078125
0.199,3.8037109375,-2.08203125,-1.5615234375
0.1995,3.8037109375,-1.5615234375,-2.162109375
0.2,3.443359375,-0.80078125,-2.5625
0.2005,3.443359375,-0.2802734375,-3.123046875
0.201,2.8828125,0.6005859375,-3.4833984375
0.2015,2.6025390625,1.28125,-3.8837890625
0.202,1.921875,2.0419921875,-3.923828125
0.2025,1.12109375,2.5224609375,-3.68359375
0.203,0.4404296875,3.04296875,-3.4833984375
0.2035,-0.3203125,3.443359375,-3.1630859375
0.204,-1.12109375,3.763671875,-2.72265625
0.2045,-1.6416015625,3.9638671875,-2.3623046875
0.205,-2.2421875,3.9638671875,-1.841796875
0.2055,-2.5224609375,3.5634765625,-1.201171875
0.206,-3.04296875,3.5234375,-0.640625
0.2065,-3.2431640625,2.7626953125,0.2802734375
0.207,-3.6435546875,2.4423828125,0.9609375
0.2075,-3.7236328125,1.7216796875,1.76171875
0.208,-3.603515625,1.12109375,2.2421875
0.2085,-3.283203125,0.400390625,2.6826171875
0.209,-3.203125,-0.2001953125,3.1630859375
0.2095,-2.6025390625,-1.1611328125,3.5234375
0.21,-2.2021484375,-1.76171875,3.8037109375
0.2105,-1.44140625,-2.482421875,3.8037109375
0.211,-0.640625,-2.8828125,3.443359375
0.2115,-0.0400390625,-3.4033203125,3.3232421875
0.212,0.880859375,-3.7236328125,2.802734375
0.2125,1.5615234375,-4.0439453125,2.4423828125
0.213,2.162109375,-4.1240234375,1.9619140625
0.2135,2.6826171875,-4.0439453125,1.4013671875
0.214,2.962890625,-3.603515625,0.720703125
0.2145,3.443359375,-3.4833984375,0.1201171875
0.215,3.6435546875,-2.642578125,-0.9208984375
0.2155,3.9638671875,-2.322265625,-1.521484375
0.216,3.9638671875,-1.5615234375,-2.2822265625
0.2165,3.68359375,-0.9208984375,-2.72265625
0.217,3.443359375,-0.2001953125,-3.203125
0.2175,3.123046875,0.560546875,-3.68359375
0.218,2.5625,1.4814453125,-4.00390625
0.2185,2.0419921875,2.08203125,-4.1240234375
0.219,1.2412109375,2.802734375,-4.00390625
0.2195,0.3603515625,3.1630859375,-3.5634765625
0.22,-0.2802734375,3.68359375,-3.4833984375
0.2205,-1.3212890625,3.9638671875,-2.6826171875
0.221,-1.921875,4.2041015625,-2.40234375
0.2215,-2.482421875,4.1240234375,-1.76171875
0.222,-2.962890625,3.8837890625,-1.12109375
0.2225,-3.203125,3.4833984375,-0.4404296875
0.223,-3.6435546875,3.123046875,0.3203125
0.2235,-3.84375,2.2421875,1.4013671875
0.224,-4.00390625,1.8017578125,1.9619140625
0.2245,-3.8837890625,0.9609375,2.6826171875
0.225,-3.4833984375,0.2001953125,3.04296875
0.2255,-3.283203125,-0.48046875,3.4833984375
0.226,-2.642578125,-1.361328125,3.84375
0.2265,-2.1220703125,-2.162109375,4.1240234375
0.227,-1.361328125,-2.72265625,3.9638671875
0.2275,-0.6005859375,-3.36328125,3.84375
0.228,0.2802734375,-3.603515625,3.2431640625
0.2285,0.9609375,-4.083984375,3.123046875
0.229,1.9619140625,-4.2041015625,2.2421875
0.2295,2.4423828125,-4.3642578125,1.921875
0.23,3.0029296875,-4.1640625,1.201171875
0.2305,3.3232421875,-3.84375,0.560546875
0.231,3.5634765625,-3.36328125,-0.080078125
0.2315,3.8837890625,-2.8427734375,-0.9609375
0.232,4.083984375,-2.1220703125,-1.8017578125
0.2325,4.083984375,-1.6416015625,-2.322265625
0.233,3.923828125,-0.880859375,-2.962890625
0.2335,3.443359375,-0.16015625,-3.2431640625
0.234,3.3232421875,0.48046875,-3.7236328125
0.2345,2.5625,1.44140625,-4.00390625
0.235,2.162109375,2.08203125,-4.2041015625
0.2355,1.28125,2.6826171875,-4.00390625
0.236,0.6005859375,3.1630859375,-3.8037109375
0.2365,-0.16015625,3.4833984375,-3.36328125
0.237,-0.8408203125,3.8837890625,-3.0830078125
0.2375,-1.8017578125,4.1240234375,-2.40234375
0.238,-2.162109375,4.1240234375,-2.08203125
0.2385,-2.72265625,4.00390625,-1.4013671875
0.239,-2.962890625,3.5634765625,-0.7607421875
0.2395,-3.4033203125,3.3232421875,-0.1201171875
0.24,-3.603515625,2.5625,0.8408203125
0.2405,-3.8837890625,2.1220703125,1.521484375
0.241,-3.8037109375,1.4013671875,2.08203125
0.2415,-3.7236328125,0.7607421875,2.6025390625
0.242,-3.2431640625,0.0400390625,3.04296875
0.2425,-3.1630859375,-0.640625,3.5234375
0.243,-2.4423828125,-1.5615234375,3.84375
0.2435,-1.9619140625,-2.1220703125,3.9638671875
0.244,-1.1611328125,-2.7626953125,3.8037109375
0.2445,-0.400390625,-3.203125,3.5234375
0.245,0.2802734375,-3.603515625,3.203125
0.2455,1.1611328125,-3.923828125,2.7626953125
0.246,1.921875,-4.2041015625,2.2822265625
0.2465,2.2822265625,-4.1240234375,1.841796875
0.247,2.8828125,-4.0439453125,1.2412109375
0.2475,3.123046875,-3.5634765625,0.5205078125
0.248,3.603515625,-3.36328125,-0.1201171875
0.2485,3.763671875,-2.5625,-1.12109375
0.249,4.083984375,-2.2421875,-1.76171875
0.2495,3.84375,-1.44140625,-2.3623046875
0.25,3.7236328125,-0.80078125,-2.8427734375
0.2505,3.3232421875,0.0,-3.2431640625
0.251,3.0830078125,0.7607421875,-3.763671875
0.2515,2.482421875,1.6416015625,-4.0439453125
0.252,1.921875,2.2021484375,-4.00390625
0.2525,1.0810546875,2.8427734375,-3.923828125
0.253,0.2802734375,3.1630859375,-3.5234375
0.2535,-0.400390625,3.68359375,-3.3232421875
0.254,-1.3212890625,3.923828125,-2.6826171875
0.2545,-1.9619140625,4.1640625,-2.322265625
0.255,-2.322265625,3.923828125,-1.681640625
0.2555,-2.8427734375,3.84375,-1.1611328125
0.256,-3.0830078125,3.283203125,-0.400390625
0.2565,-3.5634765625,3.0029296875,0.2802734375
0.257,-3.7236328125,2.162109375,1.3212890625
0.2575,-3.8837890625,1.76171875,1.841796875
0.258,-3.6435546875,0.9609375,2.482421875
0.2585,-3.4033203125,0.3603515625,2.8427734375
0.259,-3.123046875,-0.400390625,3.3232421875
0.2595,-2.642578125,-1.201171875,3.68359375
0.26,-2.1220703125,-1.9619140625,3.9638671875
0.2605,-1.361328125,-2.482421875,3.7236328125
0.261,-0.640625,-3.0830078125,3.68359375
0.2615,0.1201171875,-3.36328125,3.1630859375
0.262,0.7607421875,-3.8837890625,3.04296875
0.2625,1.7216796875,-4.0439453125,2.322265625
0.263,2.2021484375,-4.2041015625,2.0419921875
0.2635,2.642578125,-3.923828125,1.3212890625
0.264,3.04296875,-3.8037109375,0.80078125
0.2645,3.3232421875,-3.3232421875,0.0
0.265,3.7236328125,-2.9228515625,-0.720703125
0.2655,3.9638671875,-2.2822265625,-1.6416015625
0.266,3.923828125,-1.7216796875,-2.08203125
0.2665,3.8037109375,-0.9609375,-2.7626953125
0.267,3.443359375,-0.240234375,-3.0830078125
0.2675,3.2431640625,0.48046875,-3.68359375
0.268,2.642578125,1.3212890625,-3.923828125
0.2685,2.2021484375,2.0419921875,-4.2041015625
0.269,1.28125,2.5224609375,-3.84375
0.2695,0.6005859375,3.1630859375,-3.8037109375
0.27,-0.2001953125,3.443359375,-3.283203125
0.2705,-0.9208984375,3.8837890625,-3.0830078125
0.271,-1.8017578125,4.1240234375,-2.40234375
0.2715,-2.2421875,4.083984375,-1.9619140625
0.272,-2.72265625,3.8837890625,-1.28125
0.2725,-3.04296875,3.5234375,-0.640625
0.273,-3.36328125,3.123046875,0.0400390625
0.2735,-3.7236328125,2.4423828125,0.9609375
0.274,-3.923828125,1.921875,1.76171875
0.2745,-3.68359375,1.2412109375,2.2421875
0.275,-3.603515625,0.6005859375,2.8427734375
0.2755,-3.123046875,-0.16015625,3.123046875
0.276,-2.8828125,-0.880859375,3.603515625
0.2765,-2.2421875,-1.8017578125,3.84375
0.277,-1.6416015625,-2.3623046875,3.8837890625
0.2775,-0.80078125,-2.8828125,3.5634765625
0.278,-0.16015625,-3.3232421875,3.4033203125
0.2785,0.6005859375,-3.603515625,2.9228515625
0.279,1.28125,-3.923828125,2.6025390625
0.2795,2.08203125,-4.1640625,2.0419921875
0.28,2.40234375,-3.923828125,1.5615234375
0.2805,2.8828125,-3.923828125,1.0009765625
0.281,3.123046875,-3.36328125,0.2802734375
0.2815,3.5634765625,-3.1630859375,-0.400390625
0.282,3.68359375,-2.322265625,-1.2412109375
0.2825,3.923828125,-1.9619140625,-1.8818359375
0.283,3.603515625,-1.201171875,-2.2822265625
0.2835,3.603515625,-0.6806640625,-2.8427734375
0.284,3.1630859375,0.1201171875,-3.203125
0.2845,2.962890625,0.7607421875,-3.68359375
0.285,2.40234375,1.5615234375,-3.9638671875
0.2855,1.76171875,2.08203125,-3.84375
0.286,1.0009765625,2.6826171875,-3.7236328125
0.2865,0.2802734375,3.0830078125,-3.4033203125
0.287,-0.400390625,3.5234375,-3.1630859375
0.2875,-1.1611328125,3.8037109375,-2.72265625
0.288,-1.76171875,4.00390625,-2.3623046875
0.2885,-2.08203125,3.68359375,-1.8017578125
0.289,-2.6025390625,3.763671875,-1.3212890625
0.2895,-2.8828125,3.1630859375,-0.5205078125
0.29,-3.36328125,2.962890625,0.2001953125
0.2905,-3.5634765625,2.2421875,1.12109375
0.291,-3.7236328125,1.921875,1.5615234375
0.2915,-3.443359375,1.12109375,2.162109375
0.292,-3.36328125,0.560546875,2.6025390625
0.2925,-3.0830078125,-0.240234375,3.123046875
0.293,-2.72265625,-1.0009765625,3.5234375
0.2935,-2.2021484375,-1.76171875,3.8037109375
0.294,-1.44140625,-2.2021484375,3.5234375
0.2945,-0.80078125,-2.8427734375,3.5634765625
0.295,-0.0400390625,-3.1630859375,3.123046875
0.2955,0.6005859375,-3.6435546875,3.0029296875
0.296,1.4013671875,-3.8837890625,2.4423828125
0.2965,1.921875,-4.0439453125,2.162109375
0.297,2.2822265625,-3.8037109375,1.4814453125
0.2975,2.6826171875,-3.7236328125,1.0009765625
0.298,3.0830078125,-3.1630859375,0.16015625
0.2985,3.4833984375,-2.8828125,-0.5205078125
0.299,3.68359375,-2.2822265625,-1.3212890625
0.2995,3.6435546875,-1.8017578125,-1.76171875
0.3,3.5634765625,-1.12109375,-2.40234375
0.3005,3.3232421875,-0.400390625,-2.802734375
0.301,3.123046875,0.2802734375,-3.36328125
0.3015,2.6826171875,1.0810546875,-3.68359375
0.302,2.2021484375,1.7216796875,-3.8837890625
0.3025,1.4013671875,2.2021484375,-3.5634765625
0.303,0.80078125,2.802734375,-3.603515625
0.3035,0.0,3.123046875,-3.1630859375
0.304,-0.640625,3.5634765625,-2.962890625
0.3045,-1.44140625,3.8037109375,-2.5224609375
0.305,-1.8017578125,3.763671875,-2.1220703125
0.3055,-2.2822265625,3.6435546875,-1.5615234375
0.306,-2.6025390625,3.36328125,-0.9609375
0.3065,-3.0830078125,3.0029296875,-0.1201171875
0.307,-3.36328125,2.5224609375,0.6005859375
0.3075,-3.603515625,2.0419921875,1.361328125
0.308,-3.36328125,1.4013671875,1.76171875
0.3085,-3.4833984375,0.880859375,2.40234375
0.309,-3.0830078125,0.0400390625,2.802734375
0.3095,-2.8828125,-0.6005859375,3.3232421875
0.31,-2.322265625,-1.4013671875,3.603515625
0.3105,-1.8017578125,-1.9619140625,3.603515625
0.311,-1.0009765625,-2.482421875,3.4033203125
0.3115,-0.400390625,-2.962890625,3.283203125
0.312,0.3203125,-3.36328125,2.9228515625
0.3125,1.0009765625,-3.763671875,2.642578125
0.313,1.681640625,-4.00390625,2.2421875
0.3135,2.001953125,-3.8037109375,1.76171875
0.314,2.5224609375,-3.763671875,1.2412109375
0.3145,2.8427734375,-3.2431640625,0.48046875
0.315,3.3232421875,-3.0029296875,-0.240234375
0.3155,3.5634765625,-2.4423828125,-1.041015625
0.316,3.763671875,-2.001953125,-1.6015625
0.3165,3.4833984375,-1.28125,-2.08203125
0.317,3.5234375,-0.80078125,-2.642578125
0.3175,3.123046875,0.0400390625,-3.0830078125
0.318,2.8828125,0.720703125,-3.5634765625
0.3185,2.3623046875,1.521484375,-3.84375
0.319,1.681640625,2.0419921875,-3.68359375
0.3195,0.9609375,2.6025390625,-3.603515625
0.32,0.240234375,3.04296875,-3.283203125
0.3205,-0.48046875,3.4833984375,-3.04296875
0.321,-1.201171875,3.763671875,-2.6826171875
0.3215,-1.8017578125,3.8837890625,-2.2822265625
0.322,-2.1220703125,3.603515625,-1.6416015625
0.3225,-2.642578125,3.68359375,-1.1611328125
0.323,-2.9228515625,3.04296875,-0.2802734375
0.3235,-3.4033203125,2.72265625,0.4404296875
0.324,-3.603515625,2.0419921875,1.3212890625
0.3245,-3.603515625,1.5615234375,1.841796875
0.325,-3.36328125,0.80078125,2.322265625
0.3255,-3.2431640625,0.240234375,2.8427734375
0.326,-2.8828125,-0.560546875,3.2431640625
0.3265,-2.5224609375,-1.3212890625,3.6435546875
0.327,-1.8818359375,-2.08203125,3.8037109375
0.3275,-1.041015625,-2.5224609375,3.443359375
0.328,-0.48046875,-3.0830078125,3.443359375
0.3285,0.3603515625,-3.4833984375,2.9228515625
0.329,1.041015625,-3.84375,2.6826171875
0.3295,1.76171875,-4.0439453125,2.162109375
0.33,2.2822265625,-4.00390625,1.681640625
0.3305,2.6025390625,-3.6435546875,1.0810546875
0.331,3.04296875,-3.5634765625,0.560546875
0.3315,3.3232421875,-2.8828125,-0.3203125
0.332,3.68359375,-2.5625,-1.0009765625
0.3325,3.84375,-1.921875,-1.841796875
0.333,3.603515625,-1.28125,-2.2021484375
0.3335,3.5234375,-0.640625,-2.7626953125
0.334,3.1630859375,0.0,-3.1630859375
0.3345,2.8427734375,0.7607421875,-3.5634765625
0.335,2.40234375,1.521484375,-3.84375
0.3355,1.76171875,2.2021484375,-3.8837890625
0.336,0.9208984375,2.5625,-3.5234375
0.3365,0.3603515625,3.123046875,-3.5634765625
0.337,-0.5205078125,3.4033203125,-2.9228515625
0.3375,-1.1611328125,3.8037109375,-2.7626953125
0.338,-1.8818359375,3.9638671875,-2.2421875
0.3385,-2.2021484375,3.8037109375,-1.681640625
0.339,-2.642578125,3.5634765625,-1.12109375
0.3395,-2.962890625,3.2431640625,-0.400390625
0.34,-3.283203125,2.6826171875,0.400390625
0.3405,-3.603515625,2.2421875,1.12109375
0.341,-3.763671875,1.6416015625,1.8818359375
0.3415,-3.4033203125,0.9609375,2.2421875
0.342,-3.443359375,0.400390625,2.8427734375
0.3425,-2.9228515625,-0.400390625,3.1630859375
0.343,-2.642578125,-1.1611328125,3.603515625
0.3435,-2.001953125,-1.921875,3.763671875
0.344,-1.3212890625,-2.4423828125,3.6435546875
0.3445,-0.560546875,-2.9228515625,3.3232421875
0.345,0.0400390625,-3.443359375,3.203125
0.3455,0.9208984375,-3.7236328125,2.642578125
0.346,1.521484375,-4.00390625,2.4423828125
0.3465,2.2021484375,-4.083984375,1.921875
0.347,2.482421875,-3.763671875,1.28125
0.3475,2.962890625,-3.6435546875,0.7607421875
0.348,3.2431640625,-3.0830078125,-0.0400390625
0.3485,3.603515625,-2.6826171875,-0.80078125
0.349,3.8037109375,-2.1220703125,-1.5615234375
0.3495,3.8037109375,-1.5615234375,-2.1220703125
0.35,3.4833984375,-0.80078125,-2.5224609375
0.3505,3.443359375,-0.3203125,-3.0830078125
0.351,2.9228515625,0.560546875,-3.4033203125
0.3515,2.6025390625,1.2412109375,-3.84375
0.352,1.921875,2.001953125,-3.923828125
0.3525,1.201171875,2.4423828125,-3.6435546875
0.353,0.5205078125,2.9228515625,-3.5634765625
0.3535,-0.240234375,3.3232421875,-3.203125
0.354,-1.0009765625,3.6435546875,-2.7626953125
0.3545,-1.5615234375,3.84375,-2.4423828125
0.355,-2.1220703125,3.8837890625,-1.921875
0.3555,-2.40234375,3.5234375,-1.28125
0.356,-2.8828125,3.5234375,-0.80078125
0.3565,-3.1630859375,2.802734375,0.1201171875
0.357,-3.5234375,2.5224609375,0.7607421875
0.3575,-3.603515625,1.841796875,1.6015625
0.358,-3.5634765625,1.28125,2.0419921875
0.3585,-3.283203125,0.6005859375,2.5224609375
0.359,-3.1630859375,0.0,2.962890625
0.3595,-2.6826171875,-0.80078125,3.36328125
0.36,-2.322265625,-1.4814453125,3.68359375
0.3605,-1.6416015625,-2.2421875,3.68359375
0.361,-0.880859375,-2.6826171875,3.3232421875
0.3615,-0.3203125,-3.203125,3.3232421875
0.362,0.560546875,-3.4833984375,2.8427734375
0.3625,1.1611328125,-3.84375,2.6025390625
0.363,1.76171875,-3.923828125,2.162109375
0.3635,2.2421875,-3.923828125,1.681640625
0.364,2.5625,-3.5634765625,1.041015625
0.3645,3.04296875,-3.4833984375,0.48046875
0.365,3.283203125,-2.7626953125,-0.3603515625
0.3655,3.6435546875,-2.5625,-1.0009765625
0.366,3.763671875,-1.8818359375,-1.76171875
0.3665,3.5234375,-1.28125,-2.1220703125
0.367,3.4833984375,-0.640625,-2.72265625
0.3675,3.1630859375,0.0400390625,-3.203125
0.368,2.8427734375,0.80078125,-3.5634765625
0.3685,2.3623046875,1.4814453125,-3.8037109375
0.369,1.681640625,2.0419921875,-3.8037109375
0.3695,0.9208984375,2.482421875,-3.4833984375
0.37,0.3203125,3.123046875,-3.4833984375
0.3705,-0.560546875,3.4033203125,-2.8828125
0.371,-1.12109375,3.8037109375,-2.7626953125
0.3715,-1.76171875,3.84375,-2.2421875
0.372,-2.08203125,3.68359375,-1.681640625
0.3725,-2.5625,3.4833984375,-1.12109375
0.373,-2.9228515625,3.1630859375,-0.3603515625
0.3735,-3.283203125,2.6025390625,0.4404296875
0.374,-3.5634765625,2.2421875,1.12109375
0.3745,-3.603515625,1.5615234375,1.8017578125
0.375,-3.283203125,0.9208984375,2.162109375
0.3755,-3.3232421875,0.3203125,2.802734375
0.376,-2.8427734375,-0.48046875,3.1630859375
0.3765,-2.5625,-1.201171875,3.5634765625
0.377,-1.8818359375,-1.921875,3.603515625
0.3775,-1.2412109375,-2.4423828125,3.4833984375
0.378,-0.5205078125,-2.8427734375,3.203125
0.3785,0.1201171875,-3.3232421875,3.123046875
0.379,0.9609375,-3.603515625,2.5625
0.3795,1.4814453125,-3.8837890625,2.40234375
0.38,2.08203125,-3.923828125,1.841796875
0.3805,2.40234375,-3.6435546875,1.28125
0.381,2.8828125,-3.5634765625,0.6806640625
0.3815,3.1630859375,-2.962890625,-0.16015625
0.382,3.5634765625,-2.6025390625,-0.80078125
0.3825,3.68359375,-2.0419921875,-1.521484375
0.383,3.68359375,-1.4814453125,-2.08203125
0.3835,3.4033203125,-0.80078125,-2.5224609375
0.384,3.36328125,-0.2001953125,-3.0830078125
0.3845,2.8427734375,0.640625,-3.443359375
0.385,2.5625,1.28125,-3.8037109375
0.3855,1.8017578125,1.921875,-3.84375
0.386,1.12109375,2.482421875,-3.5634765625
0.3865,0.4404296875,2.962890625,-3.4033203125
0.387,-0.3203125,3.36328125,-3.0830078125
0.3875,-1.041015625,3.68359375,-2.6826171875
0.388,-1.5615234375,3.84375,-2.3623046875
0.3885,-2.08203125,3.84375,-1.841796875
0.389,-2.40234375,3.4833984375,-1.201171875
0.3895,-2.9228515625,3.36328125,-0.640625
0.39,-3.1630859375,2.642578125,0.3203125
0.3905,-3.5634765625,2.40234375,0.9609375
0.391,-3.5634765625,1.681640625,1.6416015625
0.3915,-3.4833984375,1.12109375,2.08203125
0.392,-3.203125,0.4404296875,2.5625
0.3925,-3.04296875,-0.240234375,3.04296875
0.393,-2.5625,-1.12109375,3.443359375
0.3935,-2.1220703125,-1.7216796875,3.6435546875
0.394,-1.4013671875,-2.322265625,3.603515625
0.3945,-0.640625,-2.72265625,3.283203125
0.395,-0.0400390625,-3.2431640625,3.203125
0.3955,0.80078125,-3.5634765625,2.6826171875
0.396,1.4013671875,-3.8837890625,2.482421875
0.3965,1.921875,-3.8837890625,1.9619140625
0.397,2.3623046875,-3.84375,1.521484375
0.3975,2.6826171875,-3.443359375,0.80078125
0.398,3.1630859375,-3.283203125,0.2001953125
0.3985,3.36328125,-2.6025390625,-0.6806640625
0.399,3.7236328125,-2.3623046875,-1.28125
0.3995,3.68359375,-1.6015625,-1.9619140625
0.4,3.4833984375,-1.041015625,-2.322265625
0.4005,3.3232421875,-0.400390625,-2.8828125
0.401,3.0029296875,0.3203125,-3.3232421875
0.4015,2.642578125,1.0810546875,-3.7236328125
0.402,2.0419921875,1.76171875,-3.763671875
0.4025,1.4013671875,2.3623046875,-3.7236328125
0.403,0.6005859375,2.72265625,-3.36328125
0.4035,0.0,3.283203125,-3.36328125
0.404,-0.8408203125,3.5234375,-2.72265625
0.4045,-1.361328125,3.84375,-2.6025390625
0.405,-1.921875,3.8037109375,-1.9619140625
0.4055,-2.2822265625,3.6435546875,-1.4814453125
0.406,-2.6826171875,3.3232421875,-0.80078125
0.4065,-3.0830078125,2.962890625,-0.0400390625
0.407,-3.36328125,2.40234375,0.7607421875
0.4075,-3.5634765625,1.9619140625,1.361328125
0.408,-3.5634765625,1.3212890625,2.001953125
0.4085,-3.283203125,0.640625,2.40234375
0.409,-3.203125,0.0,2.962890625
0.4095,-2.6826171875,-0.880859375,3.3232421875
0.41,-2.3623046875,-1.521484375,3.68359375
0.4105,-1.6015625,-2.08203125,3.603515625
0.411,-0.9609375,-2.6826171875,3.5234375
0.4115,-0.2001953125,-3.04296875,3.1630859375
0.412,0.4404296875,-3.5634765625,3.04296875
0.4125,1.3212890625,-3.84375,2.40234375
0.413,1.841796875,-4.00390625,2.2021484375
0.4135,2.40234375,-3.8837890625,1.5615234375
0.414,2.6826171875,-3.603515625,0.9609375
0.4145,3.123046875,-3.36328125,0.2802734375
0.415,3.4033203125,-2.7626953125,-0.5205078125
0.4155,3.7236328125,-2.3623046875,-1.28125
0.416,3.7236328125,-1.76171875,-1.841796875
0.4165,3.68359375,-1.201171875,-2.4423828125
0.417,3.3232421875,-0.48046875,-2.8427734375
0.4175,3.203125,0.16015625,-3.4033203125
0.418,2.6025390625,1.12109375,-3.7236328125
0.4185,2.2421875,1.76171875,-3.9638671875
0.419,1.4013671875,2.3623046875,-3.8037109375
0.4195,0.6806640625,2.8427734375,-3.5634765625
0.42,0.0,3.283203125,-3.283203125
0.4205,-0.80078125,3.68359375,-2.9228515625
0.421,-1.5615234375,3.9638671875,-2.4423828125
0.4215,-1.9619140625,3.8837890625,-2.001953125
0.422,-2.5224609375,3.84375,-1.44140625
0.4225,-2.7626953125,3.36328125,-0.7607421875
0.423,-3.283203125,3.1630859375,-0.080078125
0.4235,-3.5234375,2.40234375,0.880859375
0.424,-3.8037109375,2.0419921875,1.5615234375
0.4245,-3.603515625,1.2412109375,2.1220703125
0.425,-3.5634765625,0.640625,2.6025390625
0.4255,-3.1630859375,-0.080078125,3.0029296875
0.426,-2.9228515625,-0.80078125,3.5234375
0.4265,-2.2822265625,-1.681640625,3.84375
0.427,-1.681640625,-2.2822265625,3.84375
0.4275,-0.880859375,-2.8828125,3.68359375
0.428,-0.080078125,-3.2431640625,3.3232421875
0.4285,0.560546875,-3.7236328125,3.0830078125
0.429,1.44140625,-3.9638671875,2.482421875
0.4295,2.162109375,-4.244140625,2.08203125
0.43,2.5224609375,-4.00390625,1.44140625
0.4305,3.04296875,-3.923828125,0.9208984375
0.431,3.2431640625,-3.36328125,0.16015625
0.4315,3.7236328125,-3.0830078125,-0.5205078125
0.432,3.8837890625,-2.2421875,-1.521484375
0.4325,4.0439453125,-1.8818359375,-2.1220703125
0.433,3.8037109375,-1.0009765625,-2.72265625
0.4335,3.5634765625,-0.400390625,-3.1630859375
0.434,3.203125,0.400390625,-3.5634765625
0.4345,2.802734375,1.201171875,-3.923828125
0.435,2.2021484375,2.0419921875,-4.244140625
0.4355,1.4013671875,2.5625,-3.923828125
0.436,0.640625,3.1630859375,-3.8837890625
0.4365,-0.16015625,3.4833984375,-3.36328125
0.437,-0.8408203125,3.923828125,-3.1630859375
0.4375,-1.8017578125,4.1240234375,-2.40234375
0.438,-2.4423828125,4.244140625,-1.9619140625
0.4385,-2.802734375,3.8837890625,-1.2412109375
0.439,-3.203125,3.763671875,-0.6806640625
0.4395,-3.4033203125,3.123046875,0.080078125
0.44,-3.84375,2.6826171875,0.880859375
0.4405,-4.00390625,1.841796875,1.921875
0.441,-3.8837890625,1.2412109375,2.40234375
0.4415,-3.68359375,0.4404296875,2.962890625
0.442,-3.283203125,-0.2001953125,3.3232421875
0.4425,-2.962890625,-0.9609375,3.68359375
0.443,-2.2822265625,-1.841796875,3.9638671875
0.4435,-1.7216796875,-2.6025390625,4.1640625
0.444,-0.80078125,-3.0029296875,3.7236328125
0.4445,-0.16015625,-3.5634765625,3.68359375
0.445,0.6806640625,-3.763671875,3.0029296875
0.4455,1.4013671875,-4.1640625,2.7626953125
0.446,2.322265625,-4.32421875,1.9619140625
0.4465,2.7626953125,-4.244140625,1.521484375
0.447,3.1630859375,-3.923828125,0.80078125
0.4475,3.4833984375,-3.603515625,0.240234375
0.448,3.7236328125,-3.0830078125,-0.560546875
0.4485,3.9638671875,-2.5224609375,-1.361328125
0.449,4.1240234375,-1.841796875,-2.2421875
0.4495,3.84375,-1.1611328125,-2.6025390625
0.45,3.763671875,-0.48046875,-3.203125
0.4505,3.2431640625,0.2802734375,-3.443359375
0.451,3.0029296875,0.9609375,-3.8837890625
0.4515,2.322265625,1.8818359375,-4.1640625
0.452,1.76171875,2.482421875,-4.1640625
0.4525,0.880859375,2.9228515625,-3.8037109375
0.453,0.2001953125,3.4033203125,-3.68359375
0.4535,-0.6005859375,3.68359375,-3.123046875
0.454,-1.28125,4.00390625,-2.802734375
0.4545,-2.1220703125,4.2041015625,-2.2021484375
0.455,-2.482421875,3.9638671875,-1.6015625
0.4555,-2.962890625,3.84375,-1.041015625
0.456,-3.203125,3.36328125,-0.3203125
0.4565,-3.603515625,2.9228515625,0.400390625
0.457,-3.8037109375,2.2421875,1.28125
0.4575,-4.00390625,1.681640625,2.0419921875
0.458,-3.603515625,0.9208984375,2.482421875
0.4585,-3.603515625,0.3603515625,3.04296875
0.459,-3.0830078125,-0.4404296875,3.3232421875
0.4595,-2.802734375,-1.1611328125,3.8037109375
0.46,-2.1220703125,-2.0419921875,4.0439453125
0.4605,-1.44140625,-2.5625,3.8837890625
0.461,-0.640625,-3.123046875,3.6435546875
0.4615,0.080078125,-3.5634765625,3.3232421875
0.462,0.8408203125,-3.84375,2.9228515625
0.4625,1.5615234375,-4.1240234375,2.5224609375
0.463,2.3623046875,-4.32421875,1.9619140625
0.4635,2.642578125,-3.923828125,1.3212890625
0.464,3.1630859375,-3.8837890625,0.7607421875
0.4645,3.36328125,-3.283203125,0.0
0.465,3.84375,-2.962890625,-0.720703125
0.4655,3.923828125,-2.2421875,-1.681640625
0.466,4.0439453125,-1.6416015625,-2.2822265625
0.4665,3.68359375,-0.8408203125,-2.72265625
0.467,3.603515625,-0.2802734375,-3.203125
0.4675,3.123046875,0.5205078125,-3.5634765625
0.468,2.7626953125,1.28125,-3.9638671875
0.4685,2.1220703125,2.08203125,-4.2041015625
0.469,1.28125,2.5625,-3.84375
0.4695,0.6005859375,3.1630859375,-3.763671875
0.47,-0.2001953125,3.4833984375,-3.283203125
0.4705,-0.9208984375,3.84375,-2.962890625
0.471,-1.681640625,4.083984375,-2.4423828125
0.4715,-2.2822265625,4.1240234375,-1.9619140625
0.472,-2.6025390625,3.68359375,-1.28125
0.4725,-3.0830078125,3.68359375,-0.80078125
0.473,-3.2431640625,2.962890625,0.080078125
0.4735,-3.68359375,2.6025390625,0.7607421875
0.474,-3.84375,1.921875,1.7216796875
0.4745,-3.7236328125,1.28125,2.2021484375
0.475,-3.4833984375,0.560546875,2.6826171875
0.4755,-3.2431640625,0.0,3.123046875
0.476,-2.8828125,-0.8408203125,3.5234375
0.4765,-2.40234375,-1.5615234375,3.8037109375
0.477,-1.76171875,-2.322265625,3.9638671875
0.4775,-0.9208984375,-2.72265625,3.5234375
0.478,-0.3203125,-3.3232421875,3.5234375
0.4785,0.5205078125,-3.5634765625,2.962890625
0.479,1.201171875,-4.00390625,2.7626953125
0.4795,1.9619140625,-4.1640625,2.162109375
0.48,2.4423828125,-4.083984375,1.6416015625
0.4805,2.802734375,-3.8037109375,1.0009765625
0.481,3.203125,-3.603515625,0.4404296875
0.4815,3.5234375,-3.04296875,-0.48046875
0.482,3.84375,-2.6025390625,-1.12109375
0.4825,4.00390625,-1.921875,-2.001953125
0.483,3.763671875,-1.2412109375,-2.40234375
0.4835,3.68359375,-0.6005859375,-3.0029296875
0.484,3.283203125,0.16015625,-3.36328125
0.4845,2.962890625,0.9208984375,-3.84375
0.485,2.40234375,1.76171875,-4.083984375
0.4855,1.7216796875,2.40234375,-4.083984375
0.486,0.880859375,2.8427734375,-3.68359375
0.4865,0.2001953125,3.4033203125,-3.6435546875
0.487,-0.720703125,3.68359375,-3.0029296875
0.4875,-1.361328125,4.00390625,-2.7626953125
0.488,-2.1220703125,4.1640625,-2.1220703125
0.4885,-2.5625,3.84375,-1.521484375
0.489,-2.9228515625,3.68359375,-0.9208984375
0.4895,-3.283203125,3.2431640625,-0.2001953125
0.49,-3.5634765625,2.6826171875,0.6806640625
0.4905,-3.8037109375,2.162109375,1.4013671875
0.491,-3.923828125,1.4814453125,2.2021484375
0.4915,-3.4833984375,0.6806640625,2.5625
0.492,-3.4833984375,0.16015625,3.123046875
0.4925,-2.8828125,-0.6806640625,3.4033203125
0.493,-2.5625,-1.4013671875,3.8037109375
0.4935,-1.8818359375,-2.2021484375,3.9638671875
0.494,-1.12109375,-2.72265625,3.763671875
0.4945,-0.3203125,-3.1630859375,3.4033203125
0.495,0.2802734375,-3.5634765625,3.203125
0.4955,1.1611328125,-3.84375,2.6025390625
0.496,1.7216796875,-4.0439453125,2.3623046875
0.4965,2.40234375,-4.2041015625,1.76171875
0.497,2.642578125,-3.8037109375,1.12109375
0.4975,3.123046875,-3.7236328125,0.6005859375
0.498,3.3232421875,-3.0830078125,-0.2001953125
0.4985,3.68359375,-2.72265625,-0.880859375
0.499,3.84375,-2.0419921875,-1.6416015625
0.4995,3.84375,-1.521484375,-2.2021484375
0.5,3.4833984375,-0.7607421875,-2.6025390625
0.5005,3.4833984375,-0.2802734375,-3.123046875
0.501,2.9228515625,0.6005859375,-3.443359375
0.5015,2.6826171875,1.201171875,-3.84375
0.502,1.9619140625,1.9619140625,-3.923828125
0.5025,1.28125,2.40234375,-3.68359375
0.503,0.6005859375,2.9228515625,-3.5634765625
0.5035,-0.1201171875,3.3232421875,-3.203125
0.504,-0.80078125,3.6435546875,-2.8828125
0.5045,-1.44140625,3.84375,-2.5625
0.505,-1.9619140625,3.84375,-2.1220703125
0.5055,-2.2421875,3.5234375,-1.4814453125
0.506,-2.7626953125,3.5634765625,-1.0009765625
0.5065,-3.04296875,2.8828125,-0.080078125
0.507,-3.443359375,2.6826171875,0.5205078125
0.5075,-3.5634765625,2.001953125,1.361328125
0.508,-3.5234375,1.5615234375,1.76171875
0.5085,-3.36328125,0.80078125,2.2822265625
0.509,-3.203125,0.2001953125,2.802734375
0.5095,-2.8828125,-0.6005859375,3.2431640625
0.51,-2.5224609375,-1.28125,3.603515625
0.5105,-1.921875,-1.921875,3.68359375
0.511,-1.12109375,-2.3623046875,3.4033203125
0.5115,-0.6005859375,-2.962890625,3.4833984375
0.512,0.240234375,-3.283203125,2.962890625
0.5125,0.880859375,-3.763671875,2.802734375
0.513,1.5615234375,-3.9638671875,2.2822265625
0.5135,1.921875,-3.9638671875,1.8818359375
0.514,2.40234375,-3.603515625,1.28125
0.5145,2.8427734375,-3.5634765625,0.720703125
0.515,3.1630859375,-2.9228515625,-0.16015625
0.5155,3.5634765625,-2.72265625,-0.80078125
0.516,3.7236328125,-2.001953125,-1.5615234375
0.5165,3.5234375,-1.4814453125,-1.9619140625
0.517,3.5234375,-0.80078125,-2.6025390625
0.5175,3.203125,-0.0400390625,-3.0830078125
0.518,2.9228515625,0.640625,-3.5634765625
0.5185,2.4423828125,1.361328125,-3.763671875
0.519,1.8017578125,1.9619140625,-3.7236328125
0.5195,1.0009765625,2.4423828125,-3.4833984375
0.52,0.4404296875,3.04296875,-3.5234375
0.5205,-0.4404296875,3.3232421875,-2.962890625
0.521,-1.0009765625,3.763671875,-2.8427734375
0.5215,-1.681640625,3.84375,-2.322265625
0.522,-2.0419921875,3.68359375,-1.76171875
0.5225,-2.5224609375,3.5234375,-1.1611328125
0.523,-2.8828125,3.1630859375,-0.400390625
0.5235,-3.2431640625,2.6826171875,0.3603515625
0.524,-3.5634765625,2.2421875,1.0810546875
0.5245,-3.5634765625,1.6416015625,1.76171875
0.525,-3.283203125,0.9609375,2.162109375
0.5255,-3.3232421875,0.3603515625,2.7626953125
0.526,-2.8427734375,-0.4404296875,3.123046875
0.5265,-2.6025390625,-1.12109375,3.5234375
0.527,-1.921875,-1.841796875,3.6435546875
0.5275,-1.2412109375,-2.3623046875,3.4833984375
0.528,-0.5205078125,-2.8427734375,3.2431640625
0.5285,0.1201171875,-3.36328125,3.123046875
0.529,0.9208984375,-3.603515625,2.6025390625
0.5295,1.44140625,-3.923828125,2.3623046875
0.53,2.0419921875,-3.923828125,1.8818359375
0.5305,2.3623046875,-3.603515625,1.28125
0.531,2.8427734375,-3.5634765625,0.720703125
0.5315,3.123046875,-2.962890625,-0.080078125
0.532,3.5234375,-2.6826171875,-0.7607421875
0.5325,3.68359375,-2.08203125,-1.4814453125
0.533,3.68359375,-1.5615234375,-1.9619140625
0.5335,3.36328125,-0.80078125,-2.4423828125
0.534,3.36328125,-0.2802734375,-3.04296875
0.5345,2.8828125,0.6005859375,-3.4033203125
0.535,2.6025390625,1.2412109375,-3.8037109375
0.5355,1.8818359375,1.9619140625,-3.8037109375
0.536,1.1611328125,2.40234375,-3.5634765625
0.5365,0.48046875,2.8828125,-3.4833984375
0.537,-0.3203125,3.3232421875,-3.123046875
0.5375,-1.0009765625,3.68359375,-2.802734375
0.538,-1.5615234375,3.84375,-2.4423828125
0.5385,-2.08203125,3.84375,-1.921875
0.539,-2.40234375,3.4833984375,-1.28125
0.5395,-2.9228515625,3.443359375,-0.6806640625
0.54,-3.203125,2.6826171875,0.2802734375
0.5405,-3.5634765625,2.4423828125,0.9208984375
0.541,-3.603515625,1.7216796875,1.681640625
0.5415,-3.4833984375,1.12109375,2.1220703125
0.542,-3.283203125,0.4404296875,2.642578125
0.5425,-3.0830078125,-0.2802734375,3.123046875
0.543,-2.5625,-1.12109375,3.5234375
0.5435,-2.08203125,-1.76171875,3.68359375
0.544,-1.361328125,-2.40234375,3.68359375
0.5445,-0.640625,-2.8427734375,3.3232421875
0.545,0.0,-3.4033203125,3.2431640625
0.5455,0.880859375,-3.68359375,2.6025390625
0.546,1.521484375,-3.9638671875,2.4423828125
0.5465,2.0419921875,-3.9638671875,1.8818359375
0.547,2.5224609375,-3.84375,1.361328125
0.5475,2.802734375,-3.4833984375,0.6806640625
0.548,3.2431640625,-3.2431640625,0.0400390625
0.5485,3.4833984375,-2.5224609375,-0.8408203125
0.549,3.763671875,-2.2421875,-1.44140625
0.5495,3.7236328125,-1.4814453125,-2.1220703125
0.55,3.4833984375,-0.880859375,-2.5224609375
0.5505,3.3232421875,-0.2001953125,-3.04296875
0.551,2.9228515625,0.560546875,-3.443359375
0.5515,2.5625,1.28125,-3.8037109375
0.552,1.921875,1.921875,-3.84375
0.5525,1.2412109375,2.482421875,-3.763671875
0.553,0.4404296875,2.8427734375,-3.36328125
0.5535,-0.16015625,3.4033203125,-3.3232421875
0.554,-1.0810546875,3.68359375,-2.642578125
0.5545,-1.6015625,3.923828125,-2.482421875
0.555,-2.1220703125,3.84375,-1.841796875
0.5555,-2.482421875,3.6435546875,-1.28125
0.556,-2.8828125,3.36328125,-0.640625
0.5565,-3.2431640625,2.8828125,0.1201171875
0.557,-3.5234375,2.3623046875,0.9609375
0.5575,-3.68359375,1.8818359375,1.5615234375
0.558,-3.603515625,1.201171875,2.2021484375
0.5585,-3.283203125,0.48046875,2.5625
0.559,-3.203125,-0.080078125,3.1630859375
0.5595,-2.6025390625,-1.0009765625,3.4833984375
0.56,-2.2822265625,-1.6416015625,3.8037109375
0.5605,-1.4814453125,-2.322265625,3.6435546875
0.561,-0.80078125,-2.8828125,3.5234375
0.5615,-0.0400390625,-3.2431640625,3.123046875
0.562,0.6005859375,-3.68359375,3.0029296875
0.5625,1.521484375,-3.8837890625,2.40234375
0.563,1.921875,-4.0439453125,2.08203125
0.5635,2.5224609375,-3.923828125,1.4814453125
0.564,2.7626953125,-3.603515625,0.880859375
0.5645,3.203125,-3.4033203125,0.240234375
0.565,3.4833984375,-2.72265625,-0.640625
0.5655,3.763671875,-2.322265625,-1.3212890625
0.566,3.763671875,-1.7216796875,-1.9619140625
0.5665,3.68359375,-1.12109375,-2.482421875
0.567,3.3232421875,-0.3603515625,-2.8828125
0.5675,3.203125,0.2802734375,-3.4033203125
0.568,2.6025390625,1.1611328125,-3.7236328125
0.5685,2.2421875,1.76171875,-3.923828125
0.569,1.4013671875,2.3623046875,-3.8037109375
0.5695,0.6806640625,2.802734375,-3.5634765625
0.57,0.0,3.2431640625,-3.283203125
0.5705,-0.7607421875,3.603515625,-2.9228515625
0.571,-1.4814453125,3.84375,-2.5224609375
0.5715,-1.8818359375,3.84375,-2.08203125
0.572,-2.40234375,3.8037109375,-1.5615234375
0.5725,-2.642578125,3.36328125,-0.880859375
0.573,-3.1630859375,3.203125,-0.2001953125
0.5735,-3.36328125,2.40234375,0.720703125
0.574,-3.68359375,2.162109375,1.28125
0.5745,-3.5634765625,1.4013671875,1.921875
0.575,-3.443359375,0.8408203125,2.3623046875
0.5755,-3.123046875,0.1201171875,2.8427734375
0.576,-2.8828125,-0.560546875,3.283203125
0.5765,-2.40234375,-1.4013671875,3.6435546875
0.577,-1.8818359375,-1.9619140625,3.68359375
0.5775,-1.1611328125,-2.6025390625,3.5234375
0.578,-0.400390625,-2.9228515625,3.2431640625
0.5785,0.2001953125,-3.443359375,3.1630859375
0.579,1.041015625,-3.68359375,2.5625
0.5795,1.6015625,-3.9638671875,2.3623046875
0.58,2.0419921875,-3.84375,1.76171875
0.5805,2.5224609375,-3.84375,1.28125
0.581,2.8427734375,-3.36328125,0.6005859375
0.5815,3.3232421875,-3.203125,-0.0400390625
0.582,3.5234375,-2.482421875,-0.9609375
0.5825,3.763671875,-2.2021484375,-1.44140625
0.583,3.6435546875,-1.44140625,-2.08203125
0.5835,3.4833984375,-0.880859375,-2.5224609375
0.584,3.3232421875,-0.16015625,-3.0830078125
0.5845,2.8828125,0.6005859375,-3.4833984375
0.585,2.5625,1.28125,-3.84375
0.5855,1.841796875,1.841796875,-3.7236328125
0.586,1.201171875,2.5224609375,-3.7236328125
0.5865,0.4404296875,2.8828125,-3.3232421875
0.587,-0.16015625,3.443359375,-3.2431640625
0.5875,-1.041015625,3.68359375,-2.6826171875
0.588,-1.521484375,3.8837890625,-2.482421875
0.5885,-2.001953125,3.763671875,-1.841796875
0.589,-2.4423828125,3.5634765625,-1.3212890625
0.5895,-2.8427734375,3.2431640625,-0.6005859375
0.59,-3.203125,2.8427734375,0.2001953125
0.5905,-3.5234375,2.2822265625,1.0009765625
0.591,-3.5634765625,1.8017578125,1.5615234375
0.5915,-3.5634765625,1.12109375,2.162109375
0.592,-3.203125,0.48046875,2.5625
0.5925,-3.123046875,-0.240234375,3.1630859375
0.593,-2.5625,-1.12109375,3.4833984375
0.5935,-2.2021484375,-1.76171875,3.7236328125
0.594,-1.361328125,-2.2822265625,3.5234375
0.5945,-0.720703125,-2.802734375,3.4833984375
0.595,0.0,-3.203125,3.04296875
0.5955,0.6806640625,-3.603515625,2.8427734375
0.596,1.521484375,-3.8837890625,2.3623046875
0.5965,1.921875,-3.923828125,2.0419921875
0.597,2.4423828125,-3.84375,1.4013671875
0.5975,2.72265625,-3.5634765625,0.8408203125
0.598,3.203125,-3.2431640625,0.1201171875
0.5985,3.4833984375,-2.642578125,-0.720703125
0.599,3.763671875,-2.2822265625,-1.4013671875
0.5995,3.6435546875,-1.6015625,-1.921875
0.6,3.6435546875,-1.041015625,-2.482421875
0.6005,3.2431640625,-0.3203125,-2.8828125
0.601,3.123046875,0.3203125,-3.443359375
0.6015,2.5625,1.201171875,-3.8037109375
0.602,2.0419921875,1.841796875,-3.84375
0.6025,1.28125,2.40234375,-3.68359375
0.603,0.6005859375,2.8427734375,-3.4833984375
0.6035,-0.080078125,3.2431640625,-3.203125
0.604,-0.8408203125,3.6435546875,-2.8427734375
0.6045,-1.6015625,3.923828125,-2.4423828125
0.605,-1.9619140625,3.763671875,-1.9619140625
0.6055,-2.4423828125,3.763671875,-1.44140625
0.606,-2.72265625,3.2431640625,-0.720703125
0.6065,-3.203125,3.04296875,0.0
0.607,-3.4033203125,2.322265625,0.880859375
0.6075,-3.6435546875,1.9619140625,1.44140625
0.608,-3.4033203125,1.2412109375,1.9619140625
0.6085,-3.4033203125,0.6806640625,2.482421875
0.609,-3.04296875,-0.080078125,2.8828125
0.6095,-2.8427734375,-0.80078125,3.3232421875
0.61,-2.2822265625,-1.6015625,3.68359375
0.6105,-1.6416015625,-2.08203125,3.5634765625
0.611,-0.9609375,-2.642578125,3.5234375
0.6115,-0.2001953125,-3.04296875,3.1630859375
0.612,0.400390625,-3.5234375,3.04296875
0.6125,1.2412109375,-3.763671875,2.482421875
0.613,1.8017578125,-4.00390625,2.2021484375
0.6135,2.2021484375,-3.763671875,1.5615234375
0.614,2.6826171875,-3.7236328125,1.12109375
0.6145,2.962890625,-3.203125,0.3203125
0.615,3.443359375,-2.962890625,-0.3203125
0.6155,3.6435546875,-2.2822265625,-1.2412109375
0.616,3.763671875,-1.9619140625,-1.7216796875
0.6165,3.603515625,-1.2412109375,-2.322265625
0.617,3.443359375,-0.640625,-2.72265625
0.6175,3.1630859375,0.080078125,-3.283203125
0.618,2.7626953125,0.9208984375,-3.603515625
0.6185,2.322265625,1.6015625,-3.923828125
0.619,1.5615234375,2.162109375,-3.68359375
0.6195,0.9208984375,2.7626953125,-3.68359375
0.62,0.1201171875,3.123046875,-3.2431640625
0.6205,-0.5205078125,3.5634765625,-3.0830078125
0.621,-1.361328125,3.84375,-2.5224609375
0.6215,-1.8818359375,3.923828125,-2.162109375
0.622,-2.2822265625,3.68359375,-1.521484375
0.6225,-2.72265625,3.5634765625,-1.0009765625
0.623,-3.0830078125,3.04296875,-0.2001953125
0.6235,-3.443359375,2.6025390625,0.6005859375
0.624,-3.7236328125,2.0419921875,1.44140625
0.6245,-3.5634765625,1.44140625,1.921875
0.625,-3.5234375,0.7607421875,2.5224609375
0.6255,-3.203125,0.0400390625,2.8427734375
0.626,-2.962890625,-0.640625,3.36328125
0.6265,-2.40234375,-1.44140625,3.68359375
0.627,-1.841796875,-2.1220703125,3.8037109375
0.6275,-1.0009765625,-2.6025390625,3.4833984375
0.628,-0.3603515625,-3.1630859375,3.443359375
0.6285,0.4404296875,-3.4833984375,2.962890625
0.629,1.12109375,-3.84375,2.72265625
0.6295,1.921875,-4.1240234375,2.1220703125
0.63,2.322265625,-3.9638671875,1.6416015625
0.6305,2.802734375,-3.8037109375,1.0810546875
0.631,3.0830078125,-3.4033203125,0.400390625
0.6315,3.4833984375,-3.04296875,-0.3603515625
0.632,3.7236328125,-2.4423828125,-1.1611328125
0.6325,3.9638671875,-1.9619140625,-1.9619140625
0.633,3.6435546875,-1.2412109375,-2.322265625
0.6335,3.6435546875,-0.6806640625,-2.9228515625
0.634,3.1630859375,0.16015625,-3.203125
0.6345,2.9228515625,0.880859375,-3.7236328125
0.635,2.2822265625,1.76171875,-4.00390625
0.6355,1.6416015625,2.2822265625,-3.923828125
0.636,0.8408203125,2.802734375,-3.6435546875
0.6365,0.16015625,3.283203125,-3.4833984375
0.637,-0.640625,3.603515625,-3.0029296875
0.6375,-1.3212890625,3.8837890625,-2.642578125
0.638,-2.08203125,4.1240234375,-2.162109375
0.6385,-2.40234375,3.763671875,-1.521484375
0.639,-2.8828125,3.763671875,-1.0009765625
0.6395,-3.123046875,3.1630859375,-0.240234375
0.64,-3.5634765625,2.802734375,0.560546875
0.6405,-3.7236328125,2.0419921875,1.4013671875
0.641,-3.84375,1.521484375,2.0419921875
0.6415,-3.4833984375,0.6806640625,2.4423828125
0.642,-3.443359375,0.240234375,3.04296875
0.6425,-2.9228515625,-0.640625,3.36328125
0.643,-2.6025390625,-1.3212890625,3.763671875
0.6435,-1.9619140625,-2.2421875,4.00390625
0.644,-1.1611328125,-2.6826171875,3.68359375
0.6445,-0.400390625,-3.203125,3.5634765625
0.645,0.3203125,-3.5634765625,3.1630859375
0.6455,1.12109375,-3.923828125,2.7626953125
0.646,1.8818359375,-4.1640625,2.2822265625
0.6465,2.5224609375,-4.244140625,1.76171875
0.647,2.802734375,-3.84375,1.041015625
0.6475,3.3232421875,-3.8037109375,0.560546875
0.648,3.5234375,-3.0830078125,-0.3603515625
0.6485,3.8837890625,-2.72265625,-1.0810546875
0.649,4.083984375,-1.9619140625,-2.001953125
0.6495,3.9638671875,-1.361328125,-2.5625
0.65,3.6435546875,-0.5205078125,-3.0029296875
0.6505,3.4833984375,0.080078125,-3.4833984375
0.651,2.9228515625,0.9609375,-3.84375
0.6515,2.482421875,1.7216796875,-4.1640625
0.652,1.76171875,2.5224609375,-4.2841796875
0.6525,0.8408203125,2.962890625,-3.84375
0.653,0.16015625,3.5234375,-3.763671875
0.6535,-0.7607421875,3.84375,-3.123046875
0.654,-1.4814453125,4.1240234375,-2.72265625
0.6545,-2.2421875,4.2841796875,-2.162109375
0.655,-2.802734375,4.2041015625,-1.521484375
0.6555,-3.0830078125,3.7236328125,-0.80078125
0.656,-3.5634765625,3.5634765625,-0.2001953125
0.6565,-3.7236328125,2.6826171875,0.8408203125
0.657,-4.00390625,2.2421875,1.521484375
0.6575,-4.1640625,1.4013671875,2.4423828125
0.658,-3.763671875,0.640625,2.8427734375
0.6585,-3.5634765625,0.0,3.3232421875
0.659,-3.0830078125,-0.80078125,3.68359375
0.6595,-2.5625,-1.6416015625,4.00390625
0.66,-1.921875,-2.3623046875,4.1640625
0.6605,-1.12109375,-3.0830078125,4.1240234375
0.661,-0.2001953125,-3.4033203125,3.5234375
0.6615,0.400390625,-3.923828125,3.4833984375
0.662,1.44140625,-4.1240234375,2.6025390625
0.6625,2.0419921875,-4.3642578125,2.322265625
0.663,2.7626953125,-4.3642578125,1.6416015625
0.6635,3.1630859375,-4.083984375,1.0009765625
0.664,3.443359375,-3.7236328125,0.3203125
0.6645,3.8037109375,-3.36328125,-0.3203125
0.665,3.9638671875,-2.6025390625,-1.28125
0.6655,4.1240234375,-2.162109375,-1.9619140625
0.666,4.1240234375,-1.3212890625,-2.72265625
0.6665,3.68359375,-0.5205078125,-3.04296875
0.667,3.603515625,0.0,-3.5634765625
0.6675,3.04296875,0.880859375,-3.84375
0.668,2.6025390625,1.6015625,-4.1640625
0.6685,1.921875,2.322265625,-4.2041015625
0.669,1.1611328125,2.9228515625,-4.0439453125
0.6695,0.2802734375,3.2431640625,-3.603515625
0.67,-0.3203125,3.763671875,-3.4833984375
0.6705,-1.28125,3.923828125,-2.72265625
0.671,-1.8017578125,4.1640625,-2.5224609375
0.6715,-2.5224609375,4.2041015625,-1.841796875
0.672,-2.7626953125,3.8037109375,-1.201171875
0.6725,-3.203125,3.6435546875,-0.6005859375
0.673,-3.4833984375,3.04296875,0.2001953125
0.6735,-3.8037109375,2.482421875,1.0009765625
0.674,-3.923828125,1.921875,1.76171875
0.6745,-3.8837890625,1.28125,2.40234375
0.675,-3.4833984375,0.48046875,2.7626953125
0.6755,-3.4833984375,-0.080078125,3.3232421875
0.676,-2.802734375,-1.0009765625,3.6435546875
0.6765,-2.4423828125,-1.6416015625,3.9638671875
0.677,-1.681640625,-2.4423828125,3.9638671875
0.6775,-0.9208984375,-2.9228515625,3.7236328125
0.678,-0.16015625,-3.36328125,3.443359375
0.6785,0.560546875,-3.8037109375,3.1630859375
0.679,1.4013671875,-4.0439453125,2.5625
0.6795,1.9619140625,-4.2041015625,2.2421875
0.68,2.6025390625,-4.2041015625,1.6015625
0.6805,2.8828125,-3.8037109375,0.9609375
0.681,3.36328125,-3.7236328125,0.3603515625
0.6815,3.5634765625,-3.0029296875,-0.6005859375
0.682,3.9638671875,-2.6025390625,-1.2412109375
0.6825,3.9638671875,-1.8818359375,-2.001953125
0.683,3.8837890625,-1.28125,-2.5625
0.6835,3.5234375,-0.48046875,-2.962890625
0.684,3.443359375,0.1201171875,-3.4833984375
0.6845,2.802734375,1.0810546875,-3.8037109375
0.685,2.4423828125,1.7216796875,-4.083984375
0.6855,1.6015625,2.482421875,-4.1240234375
0.686,0.80078125,2.8828125,-3.7236328125
0.6865,0.1201171875,3.4033203125,-3.5634765625
0.687,-0.720703125,3.763671875,-3.04296875
0.6875,-1.44140625,4.00390625,-2.642578125
0.688,-2.001953125,4.083984375,-2.2021484375
0.6885,-2.5625,4.00390625,-1.6015625
0.689,-2.8427734375,3.5234375,-0.9208984375
0.6895,-3.36328125,3.443359375,-0.3203125
0.69,-3.5234375,2.5625,0.720703125
0.6905,-3.84375,2.2822265625,1.3212890625
0.691,-3.84375,1.521484375,2.1220703125
0.6915,-3.603515625,0.8408203125,2.5224609375
0.692,-3.36328125,0.1201171875,3.0029296875
0.6925,-3.0830078125,-0.6005859375,3.4833984375
0.693,-2.482421875,-1.44140625,3.8037109375
0.6935,-1.9619140625,-2.08203125,3.8837890625
0.694,-1.2412109375,-2.72265625,3.84375
0.6945,-0.3603515625,-3.123046875,3.443359375
0.695,0.240234375,-3.68359375,3.3232421875
0.6955,1.201171875,-3.8837890625,2.642578125
0.696,1.8017578125,-4.2041015625,2.40234375
0.6965,2.3623046875,-4.2041015625,1.8017578125
0.697,2.802734375,-4.0439453125,1.2412109375
0.6975,3.0830078125,-3.603515625,0.48046875
0.698,3.5634765625,-3.36328125,-0.16015625
0.6985,3.763671875,-2.5625,-1.12109375
0.699,4.00390625,-2.2421875,-1.681640625
0.6995,3.9638671875,-1.361328125,-2.4423828125
0.7,3.6435546875,-0.6806640625,-2.8427734375
0.7005,3.4833984375,0.0,-3.36328125
0.701,3.0029296875,0.8408203125,-3.7236328125
0.7015,2.5625,1.5615234375,-4.083984375
0.702,1.8818359375,2.2421875,-4.083984375
0.7025,1.12109375,2.8427734375,-3.9638671875
0.703,0.2802734375,3.1630859375,-3.4833984375
0.7035,-0.3603515625,3.7236328125,-3.4033203125
0.704,-1.361328125,3.8837890625,-2.6025390625
0.7045,-1.8818359375,4.1240234375,-2.40234375
0.705,-2.4423828125,3.9638671875,-1.7216796875
0.7055,-2.8427734375,3.68359375,-1.12109375
0.706,-3.1630859375,3.36328125,-0.400390625
0.7065,-3.5234375,2.9228515625,0.400390625
0.707,-3.7236328125,2.2421875,1.28125
0.7075,-3.84375,1.76171875,1.841796875
0.708,-3.7236328125,1.041015625,2.482421875
0.7085,-3.283203125,0.3203125,2.802734375
0.709,-3.203125,-0.3203125,3.3232421875
0.7095,-2.5625,-1.28125,3.6435546875
0.71,-2.2021484375,-1.8818359375,3.8837890625
0.7105,-1.361328125,-2.482421875,3.763671875
0.711,-0.6806640625,-2.962890625,3.5634765625
0.7115,0.0400390625,-3.283203125,3.1630859375
0.712,0.6806640625,-3.763671875,2.962890625
0.7125,1.5615234375,-4.00390625,2.322265625
0.713,1.9619140625,-4.1240234375,2.0419921875
0.7135,2.5625,-4.00390625,1.4013671875
0.714,2.802734375,-3.603515625,0.8408203125
0.7145,3.2431640625,-3.4033203125,0.2001953125
0.715,3.4833984375,-2.7626953125,-0.640625
0.7155,3.8037109375,-2.4423828125,-1.28125
0.716,3.8037109375,-1.8017578125,-1.8818359375
0.7165,3.7236328125,-1.201171875,-2.4423828125
0.717,3.3232421875,-0.48046875,-2.802734375
0.7175,3.3232421875,0.1201171875,-3.36328125
0.718,2.72265625,1.0009765625,-3.68359375
0.7185,2.40234375,1.5615234375,-3.923828125
0.719,1.5615234375,2.2421875,-3.8037109375
0.7195,0.880859375,2.6826171875,-3.5634765625
0.72,0.2001953125,3.1630859375,-3.36328125
0.7205,-0.5205078125,3.4833984375,-3.0830078125
0.721,-1.201171875,3.84375,-2.72265625
0.7215,-1.681640625,3.84375,-2.3623046875
0.722,-2.2021484375,3.84375,-1.8017578125
0.7225,-2.5224609375,3.443359375,-1.0810546875
0.723,-3.0830078125,3.3232421875,-0.48046875
0.7235,-3.283203125,2.5625,0.48046875
0.724,-3.7236328125,2.40234375,1.0810546875
0.7245,-3.5634765625,1.6015625,1.76171875
0.725,-3.5234375,1.12109375,2.2021484375
0.7255,-3.2431640625,0.2802734375,2.72265625
0.726,-3.0830078125,-0.3603515625,3.2431640625
0.7265,-2.6025390625,-1.201171875,3.5634765625
0.727,-2.08203125,-1.76171875,3.68359375
0.7275,-1.3212890625,-2.4423828125,3.6435546875
0.728,-0.560546875,-2.8427734375,3.3232421875
0.7285,0.0400390625,-3.4033203125,3.203125
0.729,0.9609375,-3.7236328125,2.642578125
0.7295,1.4814453125,-4.0439453125,2.4423828125
0.73,1.9619140625,-3.8837890625,1.921875
0.7305,2.4423828125,-3.84375,1.44140625
0.731,2.7626953125,-3.4033203125,0.6806640625
0.7315,3.2431640625,-3.203125,0.0
0.732,3.4833984375,-2.5625,-0.8408203125
0.7325,3.763671875,-2.2822265625,-1.361328125
0.733,3.6435546875,-1.4814453125,-2.0419921875
0.7335,3.4833984375,-0.9208984375,-2.4423828125
0.734,3.3232421875,-0.2001953125,-3.04296875
0.7345,2.9228515625,0.6005859375,-3.443359375
0.735,2.5625,1.28125,-3.84375
0.7355,1.921875,1.8818359375,-3.7236328125
0.736,1.2412109375,2.482421875,-3.7236328125
0.7365,0.48046875,2.8427734375,-3.283203125
0.737,-0.16015625,3.36328125,-3.2431640625
0.7375,-1.0009765625,3.5634765625,-2.72265625
0.738,-1.4814453125,3.8837890625,-2.482421875
0.7385,-1.9619140625,3.7236328125,-1.8818359375
0.739,-2.3623046875,3.5634765625,-1.361328125
0.7395,-2.802734375,3.2431640625,-0.640625
0.74,-3.1630859375,2.8427734375,0.1201171875
0.7405,-3.4833984375,2.3623046875,0.9208984375
0.741,-3.5634765625,1.8818359375,1.44140625
0.7415,-3.5234375,1.2412109375,2.0419921875
0.742,-3.203125,0.560546875,2.482421875
0.7425,-3.1630859375,-0.080078125,3.04296875
0.743,-2.6025390625,-0.9609375,3.36328125
0.7435,-2.2822265625,-1.6015625,3.68359375
0.744,-1.4814453125,-2.1220703125,3.4833984375
0.7445,-0.880859375,-2.72265625,3.443359375
0.745,-0.1201171875,-3.0830078125,3.123046875
0.7455,0.5205078125,-3.5634765625,2.8828125
0.746,1.3212890625,-3.8037109375,2.482421875
0.7465,1.7216796875,-3.8837890625,2.2021484375
0.747,2.2822265625,-3.84375,1.5615234375
0.7475,2.5625,-3.5234375,0.9609375
0.748,3.123046875,-3.283203125,0.2802734375
0.7485,3.3232421875,-2.72265625,-0.560546875
0.749,3.7236328125,-2.40234375,-1.2412109375
0.7495,3.603515625,-1.76171875,-1.76171875
0.75,3.6435546875,-1.2412109375,-2.2822265625
0.7505,3.2431640625,-0.400390625,-2.7626953125
0.751,3.1630859375,0.240234375,-3.3232421875
0.7515,2.6826171875,1.12109375,-3.7236328125
0.752,2.2021484375,1.681640625,-3.84375
0.7525,1.4013671875,2.2421875,-3.7236328125
0.753,0.6806640625,2.7626953125,-3.4833984375
0.7535,0.0,3.2431640625,-3.283203125
0.754,-0.7607421875,3.603515625,-2.8828125
0.7545,-1.44140625,3.923828125,-2.5625
0.755,-1.8818359375,3.8037109375,-2.0419921875
0.7555,-2.40234375,3.8037109375,-1.521484375
0.756,-2.6826171875,3.3232421875,-0.7607421875
0.7565,-3.203125,3.123046875,-0.080078125
0.757,-3.443359375,2.3623046875,0.880859375
0.7575,-3.7236328125,2.0419921875,1.4814453125
0.758,-3.4833984375,1.2412109375,2.0419921875
0.7585,-3.4033203125,0.6806640625,2.5224609375
0.759,-3.0830078125,-0.080078125,3.0029296875
0.7595,-2.7626953125,-0.80078125,3.443359375
0.76,-2.2822265625,-1.6416015625,3.763671875
0.7605,-1.5615234375,-2.2421875,3.603515625
0.761,-0.8408203125,-2.8427734375,3.5234375
0.7615,-0.1201171875,-3.203125,3.1630859375
0.762,0.560546875,-3.603515625,3.0029296875
0.7625,1.4013671875,-3.84375,2.40234375
0.763,1.9619140625,-4.1240234375,2.08203125
0.7635,2.3623046875,-3.8037109375,1.44140625
0.764,2.802734375,-3.763671875,1.0009765625
0.7645,3.04296875,-3.203125,0.2001953125
0.765,3.5234375,-2.9228515625,-0.48046875
0.7655,3.7236328125,-2.2021484375,-1.361328125
0.766,3.8037109375,-1.8017578125,-1.8818359375
0.7665,3.6435546875,-1.041015625,-2.482421875
0.767,3.4033203125,-0.4404296875,-2.8828125
0.7675,3.1630859375,0.2802734375,-3.36328125
0.768,2.6826171875,1.0810546875,-3.7236328125
0.7685,2.2421875,1.76171875,-4.00390625
0.769,1.4013671875,2.2421875,-3.7236328125
0.7695,0.7607421875,2.8427734375,-3.7236328125
0.77,0.0,3.203125,-3.203125
0.7705,-0.640625,3.68359375,-3.0830078125
0.771,-1.521484375,3.8837890625,-2.482421875
0.7715,-1.9619140625,3.9638671875,-2.08203125
0.772,-2.40234375,3.7236328125,-1.44140625
0.7725,-2.802734375,3.5234375,-0.9208984375
0.773,-3.123046875,3.04296875,-0.1201171875
0.7735,-3.4833984375,2.6025390625,0.640625
0.774,-3.7236328125,2.001953125,1.521484375
0.7745,-3.5634765625,1.4013671875,1.921875
0.775,-3.5634765625,0.7607421875,2.5625
0.7755,-3.1630859375,0.0,2.8828125
0.776,-2.962890625,-0.640625,3.443359375
0.7765,-2.322265625,-1.521484375,3.68359375
0.777,-1.841796875,-2.162109375,3.84375
0.7775,-1.0009765625,-2.642578125,3.4833984375
0.778,-0.3603515625,-3.1630859375,3.443359375
0.7785,0.400390625,-3.443359375,2.962890625
0.779,1.0810546875,-3.84375,2.6826171875
0.7795,1.921875,-4.0439453125,2.162109375
0.78,2.2421875,-3.923828125,1.7216796875
0.7805,2.72265625,-3.8037109375,1.12109375
0.781,3.04296875,-3.4033203125,0.48046875
0.7815,3.443359375,-3.0830078125,-0.2802734375
0.782,3.6435546875,-2.4423828125,-1.0810546875
0.7825,3.8837890625,-2.001953125,-1.8017578125
0.783,3.5634765625,-1.28125,-2.2021484375
0.7835,3.603515625,-0.720703125,-2.72265625
0.784,3.1630859375,0.0,-3.123046875
0.7845,2.9228515625,0.6806640625,-3.603515625
0.785,2.40234375,1.521484375,-3.8837890625
0.7855,1.76171875,2.0419921875,-3.84375
0.786,1.0009765625,2.6025390625,-3.603515625
0.7865,0.3203125,3.0830078125,-3.4033203125
0.787,-0.400390625,3.443359375,-3.0830078125
0.7875,-1.12109375,3.763671875,-2.72265625
0.788,-1.8017578125,3.9638671875,-2.2822265625
0.7885,-2.08203125,3.68359375,-1.7216796875
0.789,-2.6025390625,3.7236328125,-1.2412109375
0.7895,-2.8828125,3.1630859375,-0.48046875
0.79,-3.3232421875,2.8828125,0.240234375
0.7905,-3.5634765625,2.2021484375,1.12109375
0.791,-3.7236328125,1.8017578125,1.6416015625
0.7915,-3.4033203125,1.0009765625,2.162109375
0.792,-3.4033203125,0.560546875,2.642578125
0.7925,-2.962890625,-0.3203125,3.04296875
0.793,-2.6826171875,-1.0009765625,3.4833984375
0.7935,-2.1220703125,-1.8017578125,3.7236328125
0.794,-1.44140625,-2.2421875,3.5234375
0.7945,-0.720703125,-2.8427734375,3.4833984375
0.795,0.0,-3.203125,3.123046875
0.7955,0.640625,-3.603515625,2.8828125
0.796,1.4013671875,-3.84375,2.4423828125
0.7965,1.921875,-4.0439453125,2.08203125
0.797,2.2822265625,-3.7236328125,1.44140625
0.7975,2.7626953125,-3.7236328125,1.0009765625
0.798,3.04296875,-3.123046875,0.1201171875
0.7985,3.4833984375,-2.8828125,-0.5205078125
0.799,3.7236328125,-2.2421875,-1.361328125
0.7995,3.7236328125,-1.8017578125,-1.8017578125
0.8,3.5234375,-1.041015625,-2.40234375
0.8005,3.36328125,-0.5205078125,-2.8427734375
0.801,3.123046875,0.2802734375,-3.36328125
0.8015,2.6826171875,0.9609375,-3.7236328125
0.802,2.2021484375,1.76171875,-3.923828125
0.8025,1.361328125,2.2421875,-3.603515625
0.803,0.7607421875,2.8427734375,-3.6435546875
0.8035,-0.0400390625,3.1630859375,-3.1630859375
0.804,-0.640625,3.6435546875,-3.0029296875
0.8045,-1.44140625,3.84375,-2.482421875
0.805,-1.8818359375,3.84375,-2.08203125
0.8055,-2.2822265625,3.603515625,-1.44140625
0.806,-2.72265625,3.4833984375,-0.9208984375
0.8065,-3.0830078125,2.9228515625,-0.0400390625
0.807,-3.4033203125,2.5224609375,0.640625
0.8075,-3.6435546875,1.9619140625,1.4814453125
0.808,-3.4833984375,1.3212890625,1.8818359375
0.8085,-3.443359375,0.720703125,2.482421875
0.809,-3.0830078125,0.0,2.8427734375
0.8095,-2.8828125,-0.720703125,3.3232421875
0.81,-2.2822265625,-1.4814453125,3.6435546875
0.8105,-1.76171875,-2.0419921875,3.68359375
0.811,-0.9609375,-2.5224609375,3.36328125
0.8115,-0.3603515625,-3.0830078125,3.3232421875
0.812,0.4404296875,-3.36328125,2.8427734375
0.8125,1.0810546875,-3.8037109375,2.6826171875
0.813,1.841796875,-4.00390625,2.162109375
0.8135,2.162109375,-3.8037109375,1.681640625
0.814,2.6025390625,-3.7236328125,1.12109375
0.8145,2.962890625,-3.3232421875,0.4404296875
0.815,3.3232421875,-2.9228515625,-0.3203125
0.8155,3.5634765625,-2.4423828125,-1.041015625
0.816,3.8037109375,-1.9619140625,-1.76171875
0.8165,3.4833984375,-1.28125,-2.162109375
0.817,3.5634765625,-0.720703125,-2.7626953125
0.8175,3.0830078125,0.0400390625,-3.1630859375
0.818,2.8427734375,0.80078125,-3.603515625
0.8185,2.2822265625,1.6015625,-3.8837890625
0.819,1.6015625,2.1220703125,-3.7236328125
0.8195,0.880859375,2.6025390625,-3.5634765625
0.82,0.240234375,3.123046875,-3.36328125
0.8205,-0.5205078125,3.443359375,-2.962890625
0.821,-1.201171875,3.8037109375,-2.6826171875
0.8215,-1.841796875,3.9638671875,-2.2421875
0.822,-2.1220703125,3.603515625,-1.6015625
0.8225,-2.642578125,3.6435546875,-1.1611328125
0.823,-2.9228515625,3.04296875,-0.2802734375
0.8235,-3.36328125,2.72265625,0.400390625
0.824,-3.5634765625,2.0419921875,1.2412109375
0.8245,-3.603515625,1.5615234375,1.76171875
0.825,-3.3232421875,0.80078125,2.2421875
0.8255,-3.3232421875,0.2802734375,2.7626953125
0.826,-2.8427734375,-0.5205078125,3.1630859375
0.8265,-2.5625,-1.1611328125,3.5634765625
0.827,-1.921875,-1.9619140625,3.7236328125
0.8275,-1.201171875,-2.40234375,3.4833984375
0.828,-0.5205078125,-2.962890625,3.4033203125
0.8285,0.240234375,-3.283203125,3.0029296875
0.829,0.9208984375,-3.7236328125,2.72265625
0.8295,1.5615234375,-3.923828125,2.2822265625
0.83,2.08203125,-3.9638671875,1.841796875
0.8305,2.4423828125,-3.603515625,1.2412109375
0.831,2.9228515625,-3.603515625,0.720703125
0.8315,3.203125,-2.962890625,-0.16015625
0.832,3.5634765625,-2.72265625,-0.80078125
0.8325,3.763671875,-2.08203125,-1.6416015625
0.833,3.6435546875,-1.5615234375,-2.0419921875
0.8335,3.4833984375,-0.8408203125,-2.6025390625
0.834,3.3232421875,-0.16015625,-3.04296875
0.8345,2.9228515625,0.6005859375,-3.4833984375
0.835,2.5224609375,1.28125,-3.8037109375
0.8355,1.921875,2.001953125,-3.84375
0.836,1.0810546875,2.4423828125,-3.5234375
0.8365,0.5205078125,3.04296875,-3.5634765625
0.837,-0.3203125,3.3232421875,-3.04296875
0.8375,-0.9609375,3.7236328125,-2.8828125
0.838,-1.6416015625,3.8837890625,-2.322265625
0.8385,-2.08203125,3.8037109375,-1.8818359375
0.839,-2.4423828125,3.5234375,-1.2412109375
0.8395,-2.8828125,3.3232421875,-0.640625
0.84,-3.203125,2.72265625,0.240234375
0.8405,-3.5234375,2.3623046875,0.9208984375
0.841,-3.68359375,1.76171875,1.76171875
0.8415,-3.4033203125,1.041015625,2.0419921875
0.842,-3.4033203125,0.48046875,2.6826171875
0.8425,-2.962890625,-0.2802734375,3.04296875
0.843,-2.6826171875,-1.0009765625,3.5234375
0.8435,-2.1220703125,-1.8017578125,3.68359375
0.844,-1.44140625,-2.3623046875,3.68359375
0.8445,-0.640625,-2.7626953125,3.3232421875
0.845,-0.0400390625,-3.3232421875,3.283203125
0.8455,0.80078125,-3.5634765625,2.6826171875
0.846,1.4013671875,-3.923828125,2.5224609375
0.8465,2.08203125,-4.00390625,1.9619140625
0.847,2.40234375,-3.8037109375,1.4013671875
0.8475,2.8828125,-3.603515625,0.80078125
0.848,3.203125,-3.203125,0.0400390625
0.8485,3.5234375,-2.72265625,-0.720703125
0.849,3.763671875,-2.2822265625,-1.44140625
0.8495,3.84375,-1.6416015625,-2.1220703125
0.85,3.4833984375,-0.9208984375,-2.482421875
0.8505,3.4833984375,-0.3203125,-3.0830078125
0.851,2.9228515625,0.560546875,-3.4033203125
0.8515,2.6826171875,1.2412109375,-3.84375
0.852,1.9619140625,2.001953125,-3.923828125
0.8525,1.2412109375,2.5224609375,-3.7236328125
0.853,0.48046875,2.962890625,-3.4833984375
0.8535,-0.2001953125,3.443359375,-3.2431640625
0.854,-1.041015625,3.68359375,-2.72265625
0.8545,-1.6015625,3.9638671875,-2.4423828125
0.855,-2.2421875,3.9638671875,-1.8818359375
0.8555,-2.5224609375,3.603515625,-1.2412109375
0.856,-3.04296875,3.5234375,-0.640625
0.8565,-3.283203125,2.802734375,0.240234375
0.857,-3.603515625,2.40234375,0.9609375
0.8575,-3.7236328125,1.7216796875,1.7216796875
0.858,-3.68359375,1.1611328125,2.2822265625
0.8585,-3.283203125,0.4404296875,2.6826171875
0.859,-3.203125,-0.16015625,3.203125
0.8595,-2.6025390625,-1.1611328125,3.5634765625
0.86,-2.2822265625,-1.8017578125,3.84375
0.8605,-1.44140625,-2.5224609375,3.84375
0.861,-0.640625,-2.962890625,3.5234375
0.8615,0.0,-3.4033203125,3.3232421875
0.862,0.880859375,-3.8037109375,2.8427734375
0.8625,1.6416015625,-4.083984375,2.40234375
0.863,2.162109375,-4.1640625,1.9619140625
0.8635,2.7626953125,-4.1240234375,1.361328125
0.864,3.0029296875,-3.603515625,0.640625
0.8645,3.5234375,-3.5234375,0.0400390625
0.865,3.68359375,-2.642578125,-1.0009765625
0.8655,3.9638671875,-2.3623046875,-1.6015625
0.866,3.9638671875,-1.521484375,-2.322265625
0.8665,3.763671875,-0.8408203125,-2.8427734375
0.867,3.443359375,-0.1201171875,-3.203125
0.8675,3.1630859375,0.6005859375,-3.7236328125
0.868,2.5625,1.5615234375,-4.0439453125
0.8685,2.0419921875,2.162109375,-4.1640625
0.869,1.201171875,2.8427734375,-4.0439453125
0.8695,0.3603515625,3.203125,-3.603515625
0.87,-0.3203125,3.7236328125,-3.443359375
0.8705,-1.3212890625,3.9638671875,-2.72265625
0.871,-1.9619140625,4.2041015625,-2.3623046875
0.8715,-2.482421875,4.1240234375,-1.76171875
0.872,-2.962890625,3.9638671875,-1.12109375
0.8725,-3.203125,3.443359375,-0.400390625
0.873,-3.68359375,3.1630859375,0.2802734375
0.8735,-3.84375,2.2021484375,1.3212890625
0.874,-4.00390625,1.841796875,1.921875
0.8745,-3.8837890625,0.9609375,2.642578125
0.875,-3.5234375,0.2802734375,3.0029296875
0.8755,-3.2431640625,-0.3603515625,3.443359375
0.876,-2.72265625,-1.28125,3.8037109375
0.8765,-2.162109375,-2.08203125,4.083984375
0.877,-1.44140625,-2.642578125,3.9638671875
0.8775,-0.640625,-3.2431640625,3.84375
0.878,0.16015625,-3.5234375,3.2431640625
0.8785,0.80078125,-4.00390625,3.123046875
0.879,1.841796875,-4.1240234375,2.2822265625
0.8795,2.322265625,-4.32421875,2.001953125
0.88,2.8427734375,-4.1240234375,1.28125
0.8805,3.1630859375,-3.8837890625,0.720703125
0.881,3.443359375,-3.4033203125,0.0
0.8815,3.8037109375,-3.0029296875,-0.7607421875
0.882,3.9638671875,-2.2421875,-1.6015625
0.8825,4.00390625,-1.76171875,-2.1220703125
0.883,3.8837890625,-1.0009765625,-2.802734375
0.8835,3.4833984375,-0.2802734375,-3.123046875
0.884,3.3232421875,0.3603515625,-3.603515625
0.8845,2.6826171875,1.28125,-3.8837890625
0.885,2.2822265625,1.921875,-4.1640625
0.8855,1.4814453125,2.5224609375,-3.9638671875
0.886,0.7607421875,3.04296875,-3.84375
0.8865,0.0,3.36328125,-3.36328125
0.887,-0.6806640625,3.84375,-3.203125
0.8875,-1.6015625,4.0439453125,-2.482421875
0.888,-2.0419921875,4.1240234375,-2.2021484375
0.8885,-2.642578125,3.9638671875,-1.521484375
0.889,-2.8828125,3.603515625,-0.9208984375
0.8895,-3.36328125,3.283203125,-0.2001953125
0.89,-3.603515625,2.6826171875,0.6806640625
0.8905,-3.8837890625,2.2021484375,1.44140625
0.891,-3.84375,1.5615234375,2.0419921875
0.8915,-3.7236328125,0.880859375,2.642578125
0.892,-3.283203125,0.1201171875,3.0029296875
0.8925,-3.203125,-0.5205078125,3.5234375
0.893,-2.4423828125,-1.521484375,3.84375
0.8935,-2.0419921875,-2.08203125,4.00390625
0.894,-1.1611328125,-2.72265625,3.8037109375
0.8945,-0.4404296875,-3.203125,3.5634765625
0.895,0.2802734375,-3.5634765625,3.1630859375
0.8955,1.0810546875,-3.9638671875,2.8427734375
0.896,1.921875,-4.2041015625,2.2421875
0.8965,2.322265625,-4.2041015625,1.841796875
0.897,2.8828125,-4.083984375,1.201171875
0.8975,3.123046875,-3.603515625,0.48046875
0.898,3.603515625,-3.36328125,-0.16015625
0.8985,3.8037109375,-2.5224609375,-1.1611328125
0.899,4.083984375,-2.162109375,-1.8017578125
0.8995,3.84375,-1.361328125,-2.3623046875
0.9,3.763671875,-0.7607421875,-2.8828125
0.9005,3.3232421875,0.0,-3.2431640625
0.901,3.123046875,0.720703125,-3.763671875
0.9015,2.4423828125,1.6416015625,-4.0439453125
0.902,1.921875,2.2021484375,-4.0439453125
0.9025,1.041015625,2.8427734375,-3.8837890625
0.903,0.2802734375,3.203125,-3.5634765625
0.9035,-0.400390625,3.6435546875,-3.283203125
0.904,-1.28125,3.923828125,-2.72265625
0.9045,-1.921875,4.1240234375,-2.322265625
0.905,-2.322265625,3.8837890625,-1.7216796875
0.9055,-2.8427734375,3.84375,-1.2412109375
0.906,-3.0830078125,3.283203125,-0.4404296875
0.9065,-3.5634765625,3.04296875,0.240234375
0.907,-3.68359375,2.2021484375,1.28125
0.9075,-3.8837890625,1.841796875,1.841796875
0.908,-3.603515625,1.0009765625,2.40234375
0.9085,-3.4833984375,0.4404296875,2.8427734375
0.909,-3.0830078125,-0.3203125,3.2431640625
0.9095,-2.72265625,-1.12109375,3.6435546875
0.91,-2.2021484375,-1.921875,3.923828125
0.9105,-1.44140625,-2.4423828125,3.763671875
0.911,-0.7607421875,-3.0830078125,3.68359375
0.9115,0.0400390625,-3.36328125,3.203125
0.912,0.6806640625,-3.84375,3.04296875
0.9125,1.6015625,-4.0439453125,2.40234375
0.913,2.162109375,-4.2841796875,2.08203125
0.9135,2.5625,-4.00390625,1.361328125
0.914,3.04296875,-3.84375,0.880859375
0.9145,3.3232421875,-3.283203125,0.0400390625
0.915,3.763671875,-2.962890625,-0.640625
0.9155,3.923828125,-2.2421875,-1.5615234375
0.916,3.9638671875,-1.8017578125,-2.0419921875
0.9165,3.8037109375,-1.0009765625,-2.72265625
0.917,3.4833984375,-0.2802734375,-3.123046875
0.9175,3.2431640625,0.4404296875,-3.603515625
0.918,2.6826171875,1.28125,-3.923828125
0.9185,2.2021484375,2.0419921875,-4.2041015625
0.919,1.3212890625,2.5224609375,-3.84375
0.9195,0.640625,3.1630859375,-3.84375
0.92,-0.16015625,3.443359375,-3.283203125
0.9205,-0.8408203125,3.84375,-3.0830078125
0.921,-1.8017578125,4.083984375,-2.4423828125
0.9215,-2.2822265625,4.083984375,-2.001953125
0.922,-2.72265625,3.84375,-1.28125
0.9225,-3.0830078125,3.5634765625,-0.6806640625
0.923,-3.36328125,3.0830078125,0.080078125
0.9235,-3.7236328125,2.5224609375,0.9609375
0.924,-3.923828125,1.921875,1.8017578125
0.9245,-3.7236328125,1.2412109375,2.2421875
0.925,-3.603515625,0.560546875,2.8427734375
0.9255,-3.1630859375,-0.16015625,3.123046875
0.926,-2.9228515625,-0.8408203125,3.603515625
0.9265,-2.2822265625,-1.76171875,3.84375
0.927,-1.681640625,-2.3623046875,3.923828125
0.9275,-0.8408203125,-2.8427734375,3.5634765625
0.928,-0.2001953125,-3.36328125,3.443359375
0.9285,0.6005859375,-3.6435546875,2.9228515625
0.929,1.28125,-4.00390625,2.642578125
0.9295,2.0419921875,-4.2041015625,2.0419921875
0.93,2.40234375,-3.9638671875,1.5615234375
0.9305,2.8828125,-3.8837890625,1.0009765625
0.931,3.123046875,-3.36328125,0.3203125
0.9315,3.5234375,-3.0830078125,-0.3603515625
0.932,3.7236328125,-2.4423828125,-1.2412109375
0.9325,3.9638671875,-1.9619140625,-1.8818359375
0.933,3.6435546875,-1.2412109375,-2.2822265625
0.9335,3.68359375,-0.720703125,-2.8427734375
0.934,3.1630859375,0.080078125,-3.203125
0.9345,3.0029296875,0.7607421875,-3.68359375
0.935,2.40234375,1.5615234375,-3.923828125
0.9355,1.841796875,2.08203125,-3.8837890625
0.936,1.0009765625,2.642578125,-3.68359375
0.9365,0.3203125,3.04296875,-3.4833984375
0.937,-0.3603515625,3.443359375,-3.1630859375
0.9375,-1.0810546875,3.7236328125,-2.802734375
0.938,-1.7216796875,3.9638671875,-2.40234375
0.9385,-2.001953125,3.763671875,-1.841796875
0.939,-2.5625,3.763671875,-1.361328125
0.9395,-2.802734375,3.1630859375,-0.560546875
0.94,-3.283203125,3.0029296875,0.1201171875
0.9405,-3.5234375,2.2822265625,0.9609375
0.941,-3.7236328125,1.9619140625,1.521484375
0.9415,-3.4033203125,1.1611328125,2.0419921875
0.942,-3.443359375,0.6806640625,2.5224609375
0.9425,-3.0830078125,-0.16015625,3.04296875
0.943,-2.7626953125,-0.8408203125,3.443359375
0.9435,-2.2822265625,-1.6015625,3.763671875
0.944,-1.5615234375,-2.08203125,3.5234375
0.9445,-0.9208984375,-2.72265625,3.5634765625
0.945,-0.16015625,-3.123046875,3.1630859375
0.9455,0.48046875,-3.603515625,3.0029296875
0.946,1.28125,-3.84375,2.5224609375
0.9465,1.76171875,-4.00390625,2.2421875
0.947,2.162109375,-3.7236328125,1.6015625
0.9475,2.642578125,-3.763671875,1.1611328125
0.948,3.0029296875,-3.203125,0.2802734375
0.9485,3.443359375,-2.962890625,-0.3603515625
0.949,3.68359375,-2.3623046875,-1.2412109375
0.9495,3.68359375,-1.921875,-1.6416015625
0.95,3.5634765625,-1.201171875,-2.2822265625
0.9505,3.4033203125,-0.5205078125,-2.72265625
0.951,3.1630859375,0.2001953125,-3.283203125
0.9515,2.7626953125,0.9609375,-3.6435546875
0.952,2.2822265625,1.6416015625,-3.8837890625
0.9525,1.4814453125,2.08203125,-3.603515625
0.953,0.880859375,2.72265625,-3.68359375
0.9535,0.0,3.04296875,-3.2431640625
0.954,-0.6005859375,3.5634765625,-3.0830078125
0.9545,-1.361328125,3.84375,-2.5625
0.955,-1.8017578125,3.84375,-2.162109375
0.9555,-2.2822265625,3.68359375,-1.5615234375
0.956,-2.642578125,3.4833984375,-0.9609375
0.9565,-3.04296875,3.0029296875,-0.1201171875
0.957,-3.4033203125,2.5625,0.640625
0.9575,-3.6435546875,2.001953125,1.4013671875
0.958,-3.4833984375,1.4013671875,1.841796875
0.9585,-3.4833984375,0.80078125,2.4423828125
0.959,-3.0830078125,0.0400390625,2.8427734375
0.9595,-2.8828125,-0.640625,3.3232421875
0.96,-2.322265625,-1.44140625,3.603515625
0.9605,-1.76171875,-2.08203125,3.68359375
0.961,-0.9609375,-2.6025390625,3.36328125
0.9615,-0.3603515625,-3.123046875,3.3232421875
0.962,0.4404296875,-3.36328125,2.8828125
0.9625,1.0810546875,-3.8037109375,2.642578125
0.963,1.76171875,-4.00390625,2.2021484375
0.9635,2.1220703125,-3.8037109375,1.6416015625
0.964,2.642578125,-3.763671875,1.12109375
0.9645,2.9228515625,-3.283203125,0.4404296875
0.965,3.3232421875,-2.962890625,-0.3203125
0.9655,3.603515625,-2.4423828125,-1.0810546875
0.966,3.8037109375,-1.9619140625,-1.7216796875
0.9665,3.4833984375,-1.2412109375,-2.1220703125
0.967,3.5634765625,-0.720703125,-2.72265625
0.9675,3.123046875,0.080078125,-3.1630859375
0.968,2.9228515625,0.7607421875,-3.603515625
0.9685,2.3623046875,1.5615234375,-3.8837890625
0.969,1.6416015625,2.0419921875,-3.7236328125
0.9695,0.880859375,2.6025390625,-3.603515625
0.97,0.2001953125,3.123046875,-3.36328125
0.9705,-0.5205078125,3.4833984375,-3.04296875
0.971,-1.2412109375,3.8037109375,-2.6826171875
0.9715,-1.8818359375,3.9638671875,-2.2421875
0.972,-2.162109375,3.6435546875,-1.6416015625
0.9725,-2.72265625,3.68359375,-1.1611328125
0.973,-3.0029296875,3.04296875,-0.240234375
0.9735,-3.4033203125,2.802734375,0.4404296875
0.974,-3.603515625,2.08203125,1.3212890625
0.9745,-3.68359375,1.5615234375,1.841796875
0.975,-3.36328125,0.80078125,2.322265625
0.9755,-3.3232421875,0.2802734375,2.8427734375
0.976,-2.8427734375,-0.6005859375,3.2431640625
0.9765,-2.5224609375,-1.3212890625,3.6435546875
0.977,-1.8818359375,-2.08203125,3.8037109375
0.9775,-1.12109375,-2.5625,3.443359375
0.978,-0.48046875,-3.0830078125,3.443359375
0.9785,0.3203125,-3.4033203125,3.0029296875
0.979,1.041015625,-3.8037109375,2.6826171875
0.9795,1.76171875,-4.00390625,2.2021484375
0.98,2.2421875,-4.00390625,1.76171875
0.9805,2.5625,-3.6435546875,1.12109375
0.981,3.04296875,-3.5634765625,0.6005859375
0.9815,3.283203125,-2.8828125,-0.2802734375
0.982,3.68359375,-2.6025390625,-0.9208984375
0.9825,3.8037109375,-1.921875,-1.8017578125
0.983,3.6435546875,-1.361328125,-2.162109375
0.9835,3.5234375,-0.6806640625,-2.72265625
0.984,3.2431640625,0.0,-3.1630859375
0.9845,2.8427734375,0.720703125,-3.5634765625
0.985,2.40234375,1.44140625,-3.84375
0.9855,1.76171875,2.08203125,-3.9638671875
0.986,0.9609375,2.5625,-3.5634765625
0.9865,0.3603515625,3.1630859375,-3.5634765625
0.987,-0.48046875,3.4033203125,-2.962890625
0.9875,-1.0810546875,3.8037109375,-2.7626953125
0.988,-1.8017578125,3.9638671875,-2.2822265625
0.9885,-2.2421875,3.84375,-1.7216796875
0.989,-2.6025390625,3.5634765625,-1.12109375
0.9895,-3.0029296875,3.3232421875,-0.5205078125
0.99,-3.283203125,2.6826171875,0.3603515625
0.9905,-3.603515625,2.322265625,1.0810546875
0.991,-3.7236328125,1.6416015625,1.841796875
0.9915,-3.4033203125,1.0009765625,2.2421875
0.992,-3.4033203125,0.400390625,2.802734375
0.9925,-2.962890625,-0.400390625,3.1630859375
0.993,-2.642578125,-1.12109375,3.5634765625
0.9935,-2.0419921875,-1.921875,3.763671875
0.994,-1.4013671875,-2.4423828125,3.68359375
0.9945,-0.640625,-2.8427734375,3.3232421875
0.995,0.0,-3.36328125,3.283203125
0.9955,0.880859375,-3.603515625,2.6826171875
0.996,1.44140625,-4.00390625,2.5224609375
0.9965,2.1220703125,-4.0439453125,1.921875
0.997,2.482421875,-3.763671875,1.3212890625
0.9975,2.9228515625,-3.6435546875,0.80078125
0.998,3.203125,-3.1630859375,0.0
0.9985,3.5634765625,-2.72265625,-0.720703125
0.999,3.8037109375,-2.2021484375,-1.44140625
0.9995,3.84375,-1.6416015625,-2.08203125
