wavelength,x,y,z
0.0,3.373291015625,-2.712646484375,-1.191162109375
0.0005,3.253173828125,-2.952880859375,-0.790771484375
0.001,2.692626953125,-2.952880859375,-0.270263671875
0.0015,1.931884765625,-3.072998046875,0.610595703125
0.002,1.291259765625,-3.313232421875,1.531494140625
0.0025,0.890869140625,-3.673583984375,2.292236328125
0.003,0.530517578125,-3.713623046875,2.692626953125
0.0035,0.050048828125,-3.353271484375,2.812744140625
0.004,-0.670654296875,-2.752685546875,2.932861328125
0.0045,-1.671630859375,-1.951904296875,3.133056640625
0.005,-2.432373046875,-1.471435546875,3.373291015625
0.0055,-2.952880859375,-1.111083984375,3.533447265625
0.006,-3.113037109375,-0.790771484375,3.373291015625
0.0065,-3.072998046875,-0.190185546875,2.732666015625
0.007,-3.072998046875,0.610595703125,2.052001953125
0.0075,-3.313232421875,1.491455078125,1.411376953125
0.008,-3.593505859375,2.252197265625,0.970947265625
0.0085,-3.553466796875,2.572509765625,0.570556640625
0.009,-3.193115234375,2.692626953125,0.090087890625
0.0095,-2.592529296875,2.732666015625,-0.630615234375
0.01,-1.831787109375,2.932861328125,-1.551513671875
0.0105,-1.271240234375,3.253173828125,-2.392333984375
0.011,-0.910888671875,3.533447265625,-3.072998046875
0.0115,-0.510498046875,3.453369140625,-3.353271484375
0.012,0.090087890625,2.852783203125,-3.353271484375
0.0125,0.930908203125,2.252197265625,-3.513427734375
0.013,1.851806640625,1.491455078125,-3.713623046875
0.0135,2.532470703125,1.091064453125,-3.993896484375
0.014,2.852783203125,0.730712890625,-3.993896484375
0.0145,2.932861328125,0.410400390625,-3.713623046875
0.015,2.852783203125,-0.270263671875,-3.032958984375
0.0155,2.932861328125,-1.111083984375,-2.272216796875
0.016,3.173095703125,-1.951904296875,-1.751708984375
0.0165,3.373291015625,-2.632568359375,-1.311279296875
0.017,3.333251953125,-2.872802734375,-0.990966796875
0.0175,2.852783203125,-2.952880859375,-0.510498046875
0.018,2.252197265625,-2.992919921875,0.290283203125
0.0185,1.451416015625,-3.193115234375,1.291259765625
0.019,0.970947265625,-3.513427734375,2.011962890625
0.0195,0.610595703125,-3.713623046875,2.572509765625
0.02,0.250244140625,-3.553466796875,2.812744140625
0.0205,-0.470458984375,-2.872802734375,2.812744140625
0.021,-1.271240234375,-2.232177734375,3.012939453125
0.0215,-2.192138671875,-1.591552734375,3.253173828125
0.022,-2.832763671875,-1.231201171875,3.533447265625
0.0225,-3.032958984375,-0.910888671875,3.413330078125
0.023,-3.072998046875,-0.470458984375,3.012939453125
0.0235,-3.072998046875,0.250244140625,2.332275390625
0.024,-3.193115234375,1.131103515625,1.571533203125
0.0245,-3.433349609375,1.851806640625,1.131103515625
0.025,-3.593505859375,2.452392578125,0.690673828125
0.0255,-3.473388671875,2.612548828125,0.330322265625
0.026,-2.832763671875,2.692626953125,-0.310302734375
0.0265,-2.192138671875,2.852783203125,-1.111083984375
0.027,-1.471435546875,3.133056640625,-2.072021484375
0.0275,-1.071044921875,3.453369140625,-2.752685546875
0.028,-0.670654296875,3.493408203125,-3.193115234375
0.0285,-0.310302734375,3.173095703125,-3.313232421875
0.029,0.530517578125,2.532470703125,-3.393310546875
0.0295,1.411376953125,1.851806640625,-3.593505859375
0.03,2.212158203125,1.291259765625,-3.873779296875
0.0305,2.772705078125,0.970947265625,-4.114013671875
0.031,2.892822265625,0.610595703125,-3.873779296875
0.0315,2.852783203125,0.050048828125,-3.273193359375
0.032,2.892822265625,-0.670654296875,-2.672607421875
0.0325,3.093017578125,-1.631591796875,-1.951904296875
0.033,3.333251953125,-2.312255859375,-1.551513671875
0.0335,3.373291015625,-2.832763671875,-1.151123046875
0.034,3.173095703125,-2.872802734375,-0.710693359375
0.0345,2.452392578125,-2.912841796875,0.010009765625
0.035,1.771728515625,-3.113037109375,0.850830078125
0.0355,1.131103515625,-3.393310546875,1.771728515625
0.036,0.770751953125,-3.713623046875,2.452392578125
0.0365,0.370361328125,-3.593505859375,2.732666015625
0.037,-0.150146484375,-3.193115234375,2.812744140625
0.0375,-1.031005859375,-2.472412109375,2.972900390625
0.038,-1.951904296875,-1.791748046875,3.173095703125
0.0385,-2.632568359375,-1.311279296875,3.453369140625
0.039,-3.072998046875,-0.990966796875,3.533447265625
0.0395,-3.072998046875,-0.630615234375,3.213134765625
0.04,-2.992919921875,0.010009765625,2.492431640625
0.0405,-3.153076171875,0.810791015625,1.851806640625
0.041,-3.353271484375,1.731689453125,1.211181640625
0.0415,-3.593505859375,2.292236328125,0.770751953125
0.042,-3.433349609375,2.652587890625,0.410400390625
0.0425,-3.072998046875,2.692626953125,0.010009765625
0.043,-2.312255859375,2.772705078125,-0.870849609375
0.0435,-1.631591796875,2.972900390625,-1.751708984375
0.044,-1.151123046875,3.293212890625,-2.552490234375
0.0445,-0.790771484375,3.533447265625,-3.113037109375
0.045,-0.390380859375,3.253173828125,-3.233154296875
0.0455,0.250244140625,2.692626953125,-3.273193359375
0.046,1.091064453125,2.052001953125,-3.473388671875
0.0465,1.931884765625,1.411376953125,-3.753662109375
0.047,2.532470703125,1.091064453125,-3.953857421875
0.0475,2.772705078125,0.730712890625,-3.913818359375
0.048,2.812744140625,0.370361328125,-3.553466796875
0.0485,2.772705078125,-0.390380859375,-2.872802734375
0.049,2.892822265625,-1.151123046875,-2.272216796875
0.0495,3.173095703125,-1.991943359375,-1.711669921875
0.05,3.373291015625,-2.512451171875,-1.351318359375
0.0505,3.213134765625,-2.712646484375,-0.990966796875
0.051,2.692626953125,-2.792724609375,-0.470458984375
0.0515,2.092041015625,-2.912841796875,0.330322265625
0.052,1.491455078125,-3.193115234375,1.251220703125
0.0525,1.010986328125,-3.553466796875,1.971923828125
0.053,0.690673828125,-3.713623046875,2.492431640625
0.0535,0.250244140625,-3.393310546875,2.652587890625
0.054,-0.470458984375,-2.752685546875,2.732666015625
0.0545,-1.311279296875,-2.192138671875,3.012939453125
0.055,-2.192138671875,-1.591552734375,3.253173828125
0.0555,-2.712646484375,-1.311279296875,3.493408203125
0.056,-2.912841796875,-0.910888671875,3.333251953125
0.0565,-2.952880859375,-0.470458984375,2.852783203125
0.057,-3.032958984375,0.330322265625,2.212158203125
0.0575,-3.193115234375,1.131103515625,1.571533203125
0.058,-3.513427734375,1.931884765625,1.131103515625
0.0585,-3.593505859375,2.492431640625,0.730712890625
0.059,-3.273193359375,2.572509765625,0.290283203125
0.0595,-2.632568359375,2.612548828125,-0.390380859375
0.06,-1.991943359375,2.852783203125,-1.271240234375
0.0605,-1.431396484375,3.173095703125,-2.192138671875
0.061,-1.031005859375,3.453369140625,-2.792724609375
0.0615,-0.630615234375,3.413330078125,-3.193115234375
0.062,-0.150146484375,3.012939453125,-3.233154296875
0.0625,0.690673828125,2.252197265625,-3.353271484375
0.063,1.531494140625,1.691650390625,-3.593505859375
0.0635,2.252197265625,1.211181640625,-3.833740234375
0.064,2.692626953125,0.930908203125,-3.993896484375
0.0645,2.692626953125,0.490478515625,-3.673583984375
0.065,2.692626953125,-0.070068359375,-3.072998046875
0.0655,2.772705078125,-0.830810546875,-2.472412109375
0.066,3.012939453125,-1.591552734375,-1.911865234375
0.0665,3.173095703125,-2.192138671875,-1.511474609375
0.067,3.213134765625,-2.592529296875,-1.151123046875
0.0675,2.852783203125,-2.712646484375,-0.710693359375
0.068,2.252197265625,-2.712646484375,0.010009765625
0.0685,1.691650390625,-2.952880859375,0.770751953125
0.069,1.211181640625,-3.273193359375,1.611572265625
0.0695,0.890869140625,-3.553466796875,2.172119140625
0.07,0.490478515625,-3.393310546875,2.412353515625
0.0705,-0.070068359375,-3.032958984375,2.572509765625
0.071,-0.830810546875,-2.432373046875,2.732666015625
0.0715,-1.591552734375,-1.951904296875,3.012939453125
0.072,-2.312255859375,-1.631591796875,3.253173828125
0.0725,-2.632568359375,-1.271240234375,3.373291015625
0.073,-2.712646484375,-0.870849609375,3.052978515625
0.0735,-2.792724609375,-0.190185546875,2.492431640625
0.074,-2.992919921875,0.570556640625,1.971923828125
0.0745,-3.233154296875,1.371337890625,1.451416015625
0.075,-3.473388671875,1.931884765625,1.091064453125
0.0755,-3.393310546875,2.292236328125,0.650634765625
0.076,-3.032958984375,2.492431640625,0.130126953125
0.0765,-2.432373046875,2.612548828125,-0.670654296875
0.077,-1.871826171875,2.932861328125,-1.471435546875
0.0775,-1.431396484375,3.293212890625,-2.272216796875
0.078,-1.071044921875,3.493408203125,-2.832763671875
0.0785,-0.590576171875,3.173095703125,-3.032958984375
0.079,0.130126953125,2.692626953125,-3.193115234375
0.0795,0.970947265625,2.052001953125,-3.433349609375
0.08,1.931884765625,1.571533203125,-3.833740234375
0.0805,2.372314453125,1.211181640625,-3.993896484375
0.081,2.652587890625,0.810791015625,-3.873779296875
0.0815,2.652587890625,0.370361328125,-3.473388671875
0.082,2.692626953125,-0.390380859375,-2.752685546875
0.0825,2.932861328125,-1.191162109375,-2.232177734375
0.083,3.213134765625,-1.991943359375,-1.711669921875
0.0835,3.333251953125,-2.472412109375,-1.391357421875
0.084,3.052978515625,-2.592529296875,-0.950927734375
0.0845,2.532470703125,-2.712646484375,-0.310302734375
0.085,1.851806640625,-2.872802734375,0.570556640625
0.0855,1.331298828125,-3.193115234375,1.371337890625
0.086,0.930908203125,-3.473388671875,2.052001953125
0.0865,0.610595703125,-3.553466796875,2.452392578125
0.087,0.090087890625,-3.113037109375,2.532470703125
0.0875,-0.670654296875,-2.552490234375,2.652587890625
0.088,-1.551513671875,-1.951904296875,2.972900390625
0.0885,-2.232177734375,-1.551513671875,3.213134765625
0.089,-2.632568359375,-1.271240234375,3.333251953125
0.0895,-2.752685546875,-0.830810546875,3.093017578125
0.09,-2.792724609375,-0.310302734375,2.612548828125
0.0905,-2.872802734375,0.450439453125,1.971923828125
0.091,-3.113037109375,1.211181640625,1.491455078125
0.0915,-3.353271484375,1.891845703125,1.091064453125
0.092,-3.393310546875,2.292236328125,0.730712890625
0.0925,-3.072998046875,2.412353515625,0.290283203125
0.093,-2.512451171875,2.532470703125,-0.430419921875
0.0935,-1.951904296875,2.772705078125,-1.271240234375
0.094,-1.471435546875,3.133056640625,-2.031982421875
0.0945,-1.151123046875,3.333251953125,-2.632568359375
0.095,-0.750732421875,3.293212890625,-2.952880859375
0.0955,-0.190185546875,2.892822265625,-3.072998046875
0.096,0.610595703125,2.212158203125,-3.313232421875
0.0965,1.411376953125,1.731689453125,-3.553466796875
0.097,2.092041015625,1.291259765625,-3.873779296875
0.0975,2.492431640625,1.091064453125,-3.953857421875
0.098,2.572509765625,0.610595703125,-3.593505859375
0.0985,2.652587890625,0.010009765625,-3.072998046875
0.099,2.852783203125,-0.790771484375,-2.512451171875
0.0995,3.093017578125,-1.591552734375,-1.991943359375
0.1,3.333251953125,-2.192138671875,-1.631591796875
0.1005,3.253173828125,-2.552490234375,-1.231201171875
0.101,2.852783203125,-2.632568359375,-0.670654296875
0.1015,2.212158203125,-2.832763671875,0.130126953125
0.102,1.651611328125,-3.113037109375,0.970947265625
0.1025,1.211181640625,-3.473388671875,1.771728515625
0.103,0.850830078125,-3.633544921875,2.292236328125
0.1035,0.370361328125,-3.353271484375,2.492431640625
0.104,-0.310302734375,-2.872802734375,2.692626953125
0.1045,-1.231201171875,-2.272216796875,2.852783203125
0.105,-1.951904296875,-1.751708984375,3.173095703125
0.1055,-2.592529296875,-1.351318359375,3.373291015625
0.106,-2.832763671875,-1.031005859375,3.333251953125
0.1065,-2.832763671875,-0.510498046875,2.852783203125
0.107,-2.872802734375,0.250244140625,2.212158203125
0.1075,-3.072998046875,1.051025390625,1.611572265625
0.108,-3.393310546875,1.851806640625,1.171142578125
0.1085,-3.473388671875,2.252197265625,0.770751953125
0.109,-3.233154296875,2.492431640625,0.330322265625
0.1095,-2.712646484375,2.532470703125,-0.310302734375
0.11,-1.991943359375,2.732666015625,-1.151123046875
0.1105,-1.471435546875,3.052978515625,-1.951904296875
0.111,-1.111083984375,3.333251953125,-2.632568359375
0.1115,-0.790771484375,3.373291015625,-3.032958984375
0.112,-0.270263671875,2.892822265625,-3.113037109375
0.1125,0.490478515625,2.372314453125,-3.233154296875
0.113,1.371337890625,1.651611328125,-3.513427734375
0.1135,2.052001953125,1.291259765625,-3.793701171875
0.114,2.532470703125,1.010986328125,-3.873779296875
0.1145,2.652587890625,0.650634765625,-3.713623046875
0.115,2.652587890625,0.130126953125,-3.193115234375
0.1155,2.692626953125,-0.630615234375,-2.552490234375
0.116,2.972900390625,-1.391357421875,-2.031982421875
0.1165,3.213134765625,-2.112060546875,-1.591552734375
0.117,3.253173828125,-2.512451171875,-1.271240234375
0.1175,2.932861328125,-2.632568359375,-0.790771484375
0.118,2.412353515625,-2.752685546875,-0.150146484375
0.1185,1.771728515625,-2.952880859375,0.730712890625
0.119,1.291259765625,-3.273193359375,1.531494140625
0.1195,0.930908203125,-3.553466796875,2.172119140625
0.12,0.610595703125,-3.593505859375,2.452392578125
0.1205,0.010009765625,-3.072998046875,2.572509765625
0.121,-0.790771484375,-2.512451171875,2.772705078125
0.1215,-1.671630859375,-1.911865234375,3.052978515625
0.122,-2.432373046875,-1.551513671875,3.413330078125
0.1225,-2.752685546875,-1.231201171875,3.413330078125
0.123,-2.872802734375,-0.750732421875,3.093017578125
0.1235,-2.872802734375,-0.150146484375,2.532470703125
0.124,-3.072998046875,0.730712890625,1.891845703125
0.1245,-3.313232421875,1.531494140625,1.371337890625
0.125,-3.553466796875,2.172119140625,0.970947265625
0.1255,-3.473388671875,2.492431640625,0.570556640625
0.126,-2.952880859375,2.572509765625,0.010009765625
0.1265,-2.352294921875,2.732666015625,-0.830810546875
0.127,-1.631591796875,3.012939453125,-1.791748046875
0.1275,-1.271240234375,3.373291015625,-2.552490234375
0.128,-0.870849609375,3.453369140625,-3.032958984375
0.1285,-0.430419921875,3.213134765625,-3.233154296875
0.129,0.330322265625,2.572509765625,-3.313232421875
0.1295,1.211181640625,1.931884765625,-3.553466796875
0.13,2.011962890625,1.371337890625,-3.793701171875
0.1305,2.612548828125,1.010986328125,-4.033935546875
0.131,2.812744140625,0.690673828125,-3.873779296875
0.1315,2.732666015625,0.170166015625,-3.353271484375
0.132,2.812744140625,-0.550537109375,-2.712646484375
0.1325,2.972900390625,-1.431396484375,-1.991943359375
0.133,3.213134765625,-2.112060546875,-1.591552734375
0.1335,3.293212890625,-2.592529296875,-1.191162109375
0.134,3.133056640625,-2.792724609375,-0.830810546875
0.1345,2.492431640625,-2.752685546875,-0.190185546875
0.135,1.851806640625,-2.952880859375,0.610595703125
0.1355,1.291259765625,-3.233154296875,1.531494140625
0.136,0.890869140625,-3.593505859375,2.212158203125
0.1365,0.570556640625,-3.553466796875,2.532470703125
0.137,0.010009765625,-3.313232421875,2.532470703125
0.1375,-0.710693359375,-2.592529296875,2.772705078125
0.138,-1.591552734375,-1.951904296875,3.012939453125
0.1385,-2.312255859375,-1.471435546875,3.253173828125
0.139,-2.792724609375,-1.151123046875,3.453369140625
0.1395,-2.912841796875,-0.830810546875,3.253173828125
0.14,-2.872802734375,-0.270263671875,2.612548828125
0.1405,-2.952880859375,0.490478515625,2.052001953125
0.141,-3.193115234375,1.331298828125,1.451416015625
0.1415,-3.473388671875,2.011962890625,1.010986328125
0.142,-3.473388671875,2.412353515625,0.650634765625
0.1425,-3.153076171875,2.532470703125,0.210205078125
0.143,-2.552490234375,2.612548828125,-0.510498046875
0.1435,-1.951904296875,2.852783203125,-1.351318359375
0.144,-1.391357421875,3.173095703125,-2.192138671875
0.1445,-1.031005859375,3.453369140625,-2.872802734375
0.145,-0.630615234375,3.453369140625,-3.072998046875
0.1455,-0.070068359375,2.852783203125,-3.193115234375
0.146,0.770751953125,2.292236328125,-3.393310546875
0.1465,1.651611328125,1.651611328125,-3.713623046875
0.147,2.332275390625,1.251220703125,-3.953857421875
0.1475,2.692626953125,0.890869140625,-3.993896484375
0.148,2.812744140625,0.490478515625,-3.713623046875
0.1485,2.732666015625,-0.190185546875,-2.992919921875
0.149,2.892822265625,-0.990966796875,-2.392333984375
0.1495,3.173095703125,-1.831787109375,-1.791748046875
0.15,3.413330078125,-2.472412109375,-1.431396484375
0.1505,3.293212890625,-2.712646484375,-1.031005859375
0.151,2.812744140625,-2.792724609375,-0.510498046875
0.1515,2.172119140625,-2.952880859375,0.290283203125
0.152,1.451416015625,-3.233154296875,1.251220703125
0.1525,1.010986328125,-3.553466796875,1.971923828125
0.153,0.570556640625,-3.793701171875,2.532470703125
0.1535,0.250244140625,-3.473388671875,2.732666015625
0.154,-0.510498046875,-2.752685546875,2.732666015625
0.1545,-1.351318359375,-2.152099609375,3.012939453125
0.155,-2.272216796875,-1.551513671875,3.253173828125
0.1555,-2.832763671875,-1.231201171875,3.493408203125
0.156,-2.992919921875,-0.830810546875,3.333251953125
0.1565,-2.952880859375,-0.390380859375,2.852783203125
0.157,-2.992919921875,0.370361328125,2.172119140625
0.1575,-3.153076171875,1.211181640625,1.491455078125
0.158,-3.393310546875,1.971923828125,1.010986328125
0.1585,-3.553466796875,2.492431640625,0.650634765625
0.159,-3.273193359375,2.612548828125,0.290283203125
0.1595,-2.632568359375,2.652587890625,-0.390380859375
0.16,-2.031982421875,2.812744140625,-1.231201171875
0.1605,-1.391357421875,3.133056640625,-2.192138671875
0.161,-0.990966796875,3.373291015625,-2.872802734375
0.1615,-0.630615234375,3.413330078125,-3.193115234375
0.162,-0.190185546875,3.093017578125,-3.273193359375
0.1625,0.610595703125,2.372314453125,-3.393310546875
0.163,1.491455078125,1.771728515625,-3.593505859375
0.1635,2.292236328125,1.251220703125,-3.873779296875
0.164,2.772705078125,0.930908203125,-4.073974609375
0.1645,2.852783203125,0.610595703125,-3.793701171875
0.165,2.812744140625,0.010009765625,-3.193115234375
0.1655,2.892822265625,-0.790771484375,-2.592529296875
0.166,3.133056640625,-1.631591796875,-1.911865234375
0.1665,3.373291015625,-2.352294921875,-1.511474609375
0.167,3.373291015625,-2.792724609375,-1.111083984375
0.1675,3.052978515625,-2.872802734375,-0.670654296875
0.168,2.292236328125,-2.952880859375,0.090087890625
0.1685,1.691650390625,-3.193115234375,0.970947265625
0.169,1.131103515625,-3.553466796875,1.851806640625
0.1695,0.770751953125,-3.713623046875,2.492431640625
0.17,0.330322265625,-3.553466796875,2.732666015625
0.1705,-0.270263671875,-3.072998046875,2.852783203125
0.171,-1.151123046875,-2.312255859375,2.972900390625
0.1715,-2.031982421875,-1.751708984375,3.213134765625
0.172,-2.712646484375,-1.271240234375,3.493408203125
0.1725,-3.072998046875,-0.990966796875,3.533447265625
0.173,-3.072998046875,-0.510498046875,3.133056640625
0.1735,-3.032958984375,0.170166015625,2.412353515625
0.174,-3.193115234375,1.010986328125,1.731689453125
0.1745,-3.393310546875,1.931884765625,1.131103515625
0.175,-3.593505859375,2.492431640625,0.730712890625
0.1755,-3.433349609375,2.732666015625,0.330322265625
0.176,-2.952880859375,2.732666015625,-0.230224609375
0.1765,-2.112060546875,2.812744140625,-1.151123046875
0.177,-1.551513671875,3.052978515625,-1.991943359375
0.1775,-0.990966796875,3.373291015625,-2.792724609375
0.178,-0.670654296875,3.573486328125,-3.273193359375
0.1785,-0.190185546875,3.173095703125,-3.353271484375
0.179,0.490478515625,2.532470703125,-3.433349609375
0.1795,1.411376953125,1.851806640625,-3.593505859375
0.18,2.212158203125,1.251220703125,-3.873779296875
0.1805,2.732666015625,0.890869140625,-3.993896484375
0.181,2.932861328125,0.570556640625,-3.913818359375
0.1815,2.892822265625,0.130126953125,-3.393310546875
0.182,2.852783203125,-0.630615234375,-2.632568359375
0.1825,3.012939453125,-1.471435546875,-1.991943359375
0.183,3.293212890625,-2.272216796875,-1.471435546875
0.1835,3.413330078125,-2.712646484375,-1.151123046875
0.184,3.133056640625,-2.912841796875,-0.710693359375
0.1845,2.572509765625,-2.952880859375,-0.190185546875
0.185,1.811767578125,-3.072998046875,0.690673828125
0.1855,1.251220703125,-3.313232421875,1.571533203125
0.186,0.770751953125,-3.553466796875,2.292236328125
0.1865,0.490478515625,-3.713623046875,2.732666015625
0.187,0.010009765625,-3.273193359375,2.812744140625
0.1875,-0.830810546875,-2.592529296875,2.892822265625
0.188,-1.711669921875,-1.951904296875,3.133056640625
0.1885,-2.552490234375,-1.431396484375,3.453369140625
0.189,-2.952880859375,-1.111083984375,3.573486328125
0.1895,-3.153076171875,-0.710693359375,3.333251953125
0.19,-3.072998046875,-0.150146484375,2.732666015625
0.1905,-3.153076171875,0.690673828125,1.971923828125
0.191,-3.353271484375,1.571533203125,1.371337890625
0.1915,-3.553466796875,2.292236328125,0.890869140625
0.192,-3.673583984375,2.692626953125,0.530517578125
0.1925,-3.193115234375,2.772705078125,0.010009765625
0.193,-2.552490234375,2.772705078125,-0.750732421875
0.1935,-1.751708984375,3.012939453125,-1.711669921875
0.194,-1.231201171875,3.333251953125,-2.552490234375
0.1945,-0.790771484375,3.533447265625,-3.153076171875
0.195,-0.430419921875,3.453369140625,-3.393310546875
0.1955,0.250244140625,2.852783203125,-3.473388671875
0.196,1.131103515625,2.052001953125,-3.553466796875
0.1965,1.931884765625,1.411376953125,-3.793701171875
0.197,2.692626953125,0.970947265625,-3.993896484375
0.1975,2.972900390625,0.690673828125,-4.033935546875
0.198,2.932861328125,0.250244140625,-3.593505859375
0.1985,2.852783203125,-0.350341796875,-2.912841796875
0.199,2.932861328125,-1.271240234375,-2.152099609375
0.1995,3.173095703125,-1.991943359375,-1.631591796875
0.2,3.333251953125,-2.632568359375,-1.231201171875
0.2005,3.293212890625,-2.912841796875,-0.910888671875
0.201,2.732666015625,-2.912841796875,-0.430419921875
0.2015,2.052001953125,-2.952880859375,0.410400390625
0.202,1.411376953125,-3.193115234375,1.291259765625
0.2025,0.930908203125,-3.553466796875,2.092041015625
0.203,0.610595703125,-3.673583984375,2.572509765625
0.2035,0.170166015625,-3.433349609375,2.772705078125
0.204,-0.510498046875,-2.872802734375,2.852783203125
0.2045,-1.391357421875,-2.112060546875,3.012939453125
0.205,-2.152099609375,-1.591552734375,3.253173828125
0.2055,-2.832763671875,-1.191162109375,3.493408203125
0.206,-3.072998046875,-0.910888671875,3.493408203125
0.2065,-3.072998046875,-0.390380859375,2.932861328125
0.207,-3.072998046875,0.330322265625,2.292236328125
0.2075,-3.193115234375,1.211181640625,1.611572265625
0.208,-3.513427734375,1.931884765625,1.091064453125
0.2085,-3.593505859375,2.492431640625,0.690673828125
0.209,-3.433349609375,2.692626953125,0.290283203125
0.2095,-2.832763671875,2.772705078125,-0.350341796875
0.21,-2.072021484375,2.892822265625,-1.271240234375
0.2105,-1.471435546875,3.173095703125,-2.152099609375
0.211,-1.031005859375,3.493408203125,-2.912841796875
0.2115,-0.670654296875,3.573486328125,-3.273193359375
0.212,-0.150146484375,3.133056640625,-3.353271484375
0.2125,0.610595703125,2.492431640625,-3.513427734375
0.213,1.611572265625,1.691650390625,-3.713623046875
0.2135,2.332275390625,1.211181640625,-3.953857421875
0.214,2.852783203125,0.850830078125,-4.033935546875
0.2145,2.932861328125,0.530517578125,-3.873779296875
0.215,2.852783203125,-0.110107421875,-3.193115234375
0.2155,2.892822265625,-0.910888671875,-2.512451171875
0.216,3.093017578125,-1.791748046875,-1.871826171875
0.2165,3.373291015625,-2.472412109375,-1.431396484375
0.217,3.333251953125,-2.832763671875,-1.111083984375
0.2175,3.012939453125,-2.872802734375,-0.630615234375
0.218,2.372314453125,-2.952880859375,0.090087890625
0.2185,1.571533203125,-3.072998046875,1.010986328125
0.219,1.051025390625,-3.353271484375,1.811767578125
0.2195,0.690673828125,-3.633544921875,2.492431640625
0.22,0.370361328125,-3.593505859375,2.732666015625
0.2205,-0.270263671875,-3.032958984375,2.732666015625
0.221,-1.031005859375,-2.392333984375,2.892822265625
0.2215,-1.951904296875,-1.711669921875,3.173095703125
0.222,-2.632568359375,-1.311279296875,3.453369140625
0.2225,-2.952880859375,-0.990966796875,3.453369140625
0.223,-3.072998046875,-0.630615234375,3.173095703125
0.2235,-3.032958984375,0.050048828125,2.532470703125
0.224,-3.072998046875,0.850830078125,1.771728515625
0.2245,-3.353271484375,1.611572265625,1.251220703125
0.225,-3.593505859375,2.332275390625,0.770751953125
0.2255,-3.553466796875,2.652587890625,0.490478515625
0.226,-3.032958984375,2.692626953125,-0.150146484375
0.2265,-2.392333984375,2.852783203125,-0.870849609375
0.227,-1.631591796875,3.052978515625,-1.831787109375
0.2275,-1.191162109375,3.373291015625,-2.592529296875
0.228,-0.790771484375,3.533447265625,-3.153076171875
0.2285,-0.430419921875,3.413330078125,-3.353271484375
0.229,0.330322265625,2.692626953125,-3.393310546875
0.2295,1.211181640625,2.052001953125,-3.593505859375
0.23,2.052001953125,1.411376953125,-3.833740234375
0.2305,2.692626953125,1.010986328125,-4.114013671875
0.231,2.892822265625,0.690673828125,-3.993896484375
0.2315,2.852783203125,0.210205078125,-3.473388671875
0.232,2.892822265625,-0.550537109375,-2.872802734375
0.2325,3.012939453125,-1.431396484375,-2.072021484375
0.233,3.213134765625,-2.192138671875,-1.631591796875
0.2335,3.373291015625,-2.672607421875,-1.231201171875
0.234,3.213134765625,-2.872802734375,-0.870849609375
0.2345,2.572509765625,-2.832763671875,-0.270263671875
0.235,1.931884765625,-2.992919921875,0.610595703125
0.2355,1.291259765625,-3.233154296875,1.491455078125
0.236,0.930908203125,-3.553466796875,2.172119140625
0.2365,0.530517578125,-3.553466796875,2.532470703125
0.237,0.090087890625,-3.273193359375,2.692626953125
0.2375,-0.630615234375,-2.632568359375,2.772705078125
0.238,-1.511474609375,-1.951904296875,2.972900390625
0.2385,-2.272216796875,-1.511474609375,3.213134765625
0.239,-2.752685546875,-1.191162109375,3.453369140625
0.2395,-2.912841796875,-0.910888671875,3.293212890625
0.24,-2.872802734375,-0.350341796875,2.692626953125
0.2405,-2.952880859375,0.330322265625,2.172119140625
0.241,-3.193115234375,1.211181640625,1.451416015625
0.2415,-3.433349609375,1.931884765625,1.091064453125
0.242,-3.473388671875,2.372314453125,0.690673828125
0.2425,-3.233154296875,2.572509765625,0.290283203125
0.243,-2.632568359375,2.612548828125,-0.390380859375
0.2435,-1.991943359375,2.852783203125,-1.231201171875
0.244,-1.471435546875,3.173095703125,-2.072021484375
0.2445,-1.111083984375,3.493408203125,-2.752685546875
0.245,-0.710693359375,3.413330078125,-3.072998046875
0.2455,-0.190185546875,3.012939453125,-3.193115234375
0.246,0.610595703125,2.412353515625,-3.393310546875
0.2465,1.531494140625,1.731689453125,-3.633544921875
0.247,2.212158203125,1.331298828125,-3.873779296875
0.2475,2.692626953125,0.970947265625,-4.033935546875
0.248,2.812744140625,0.610595703125,-3.793701171875
0.2485,2.732666015625,0.010009765625,-3.153076171875
0.249,2.852783203125,-0.870849609375,-2.552490234375
0.2495,3.133056640625,-1.671630859375,-1.911865234375
0.25,3.373291015625,-2.312255859375,-1.511474609375
0.2505,3.333251953125,-2.672607421875,-1.151123046875
0.251,2.932861328125,-2.792724609375,-0.630615234375
0.2515,2.252197265625,-2.872802734375,0.130126953125
0.252,1.611572265625,-3.113037109375,1.010986328125
0.2525,1.131103515625,-3.393310546875,1.811767578125
0.253,0.770751953125,-3.673583984375,2.412353515625
0.2535,0.370361328125,-3.473388671875,2.572509765625
0.254,-0.270263671875,-2.872802734375,2.612548828125
0.2545,-1.071044921875,-2.272216796875,2.852783203125
0.255,-1.951904296875,-1.671630859375,3.133056640625
0.2555,-2.552490234375,-1.351318359375,3.333251953125
0.256,-2.752685546875,-1.031005859375,3.253173828125
0.2565,-2.832763671875,-0.630615234375,2.932861328125
0.257,-2.872802734375,0.010009765625,2.292236328125
0.2575,-2.952880859375,0.810791015625,1.731689453125
0.258,-3.233154296875,1.571533203125,1.251220703125
0.2585,-3.433349609375,2.172119140625,0.890869140625
0.259,-3.273193359375,2.372314453125,0.530517578125
0.2595,-2.792724609375,2.452392578125,-0.070068359375
0.26,-2.272216796875,2.652587890625,-0.790771484375
0.2605,-1.671630859375,2.892822265625,-1.631591796875
0.261,-1.271240234375,3.213134765625,-2.312255859375
0.2615,-0.990966796875,3.333251953125,-2.832763671875
0.262,-0.550537109375,3.173095703125,-3.032958984375
0.2625,0.170166015625,2.572509765625,-3.153076171875
0.263,0.970947265625,2.052001953125,-3.353271484375
0.2635,1.731689453125,1.571533203125,-3.673583984375
0.264,2.292236328125,1.251220703125,-3.913818359375
0.2645,2.492431640625,0.890869140625,-3.833740234375
0.265,2.572509765625,0.370361328125,-3.433349609375
0.2655,2.692626953125,-0.270263671875,-2.872802734375
0.266,2.892822265625,-1.031005859375,-2.272216796875
0.2665,3.173095703125,-1.791748046875,-1.911865234375
0.267,3.333251953125,-2.312255859375,-1.471435546875
0.2675,3.133056640625,-2.552490234375,-1.071044921875
0.268,2.572509765625,-2.672607421875,-0.430419921875
0.2685,2.052001953125,-2.912841796875,0.370361328125
0.269,1.531494140625,-3.233154296875,1.291259765625
0.2695,1.131103515625,-3.553466796875,1.931884765625
0.27,0.730712890625,-3.553466796875,2.332275390625
0.2705,0.250244140625,-3.233154296875,2.532470703125
0.271,-0.590576171875,-2.632568359375,2.692626953125
0.2715,-1.431396484375,-2.072021484375,2.972900390625
0.272,-2.192138671875,-1.631591796875,3.253173828125
0.2725,-2.632568359375,-1.311279296875,3.493408203125
0.273,-2.752685546875,-0.990966796875,3.173095703125
0.2735,-2.792724609375,-0.310302734375,2.572509765625
0.274,-2.952880859375,0.490478515625,2.052001953125
0.2745,-3.193115234375,1.331298828125,1.411376953125
0.275,-3.433349609375,1.931884765625,1.091064453125
0.2755,-3.393310546875,2.332275390625,0.650634765625
0.276,-3.072998046875,2.452392578125,0.210205078125
0.2765,-2.392333984375,2.532470703125,-0.590576171875
0.277,-1.831787109375,2.852783203125,-1.391357421875
0.2775,-1.351318359375,3.173095703125,-2.232177734375
0.278,-1.031005859375,3.373291015625,-2.752685546875
0.2785,-0.630615234375,3.173095703125,-2.992919921875
0.279,0.010009765625,2.732666015625,-3.072998046875
0.2795,0.810791015625,2.092041015625,-3.313232421875
0.28,1.571533203125,1.531494140625,-3.593505859375
0.2805,2.212158203125,1.171142578125,-3.833740234375
0.281,2.532470703125,0.890869140625,-3.873779296875
0.2815,2.572509765625,0.530517578125,-3.513427734375
0.282,2.572509765625,-0.150146484375,-2.912841796875
0.2825,2.772705078125,-0.870849609375,-2.352294921875
0.283,3.052978515625,-1.631591796875,-1.871826171875
0.2835,3.213134765625,-2.192138671875,-1.551513671875
0.284,3.133056640625,-2.432373046875,-1.151123046875
0.2845,2.732666015625,-2.592529296875,-0.630615234375
0.285,2.172119140625,-2.752685546875,0.130126953125
0.2855,1.611572265625,-3.072998046875,0.970947265625
0.286,1.251220703125,-3.353271484375,1.651611328125
0.2865,0.890869140625,-3.553466796875,2.172119140625
0.287,0.450439453125,-3.353271484375,2.412353515625
0.2875,-0.230224609375,-2.832763671875,2.532470703125
0.288,-0.990966796875,-2.352294921875,2.812744140625
0.2885,-1.831787109375,-1.831787109375,3.133056640625
0.289,-2.392333984375,-1.551513671875,3.373291015625
0.2895,-2.672607421875,-1.151123046875,3.293212890625
0.29,-2.752685546875,-0.630615234375,2.892822265625
0.2905,-2.872802734375,0.130126953125,2.292236328125
0.291,-3.113037109375,0.890869140625,1.771728515625
0.2915,-3.393310546875,1.651611328125,1.291259765625
0.292,-3.553466796875,2.212158203125,0.930908203125
0.2925,-3.233154296875,2.412353515625,0.490478515625
0.293,-2.752685546875,2.532470703125,-0.190185546875
0.2935,-2.152099609375,2.812744140625,-1.031005859375
0.294,-1.591552734375,3.173095703125,-1.951904296875
0.2945,-1.191162109375,3.413330078125,-2.592529296875
0.295,-0.790771484375,3.453369140625,-3.072998046875
0.2955,-0.270263671875,3.052978515625,-3.193115234375
0.296,0.610595703125,2.292236328125,-3.353271484375
0.2965,1.451416015625,1.731689453125,-3.593505859375
0.297,2.212158203125,1.251220703125,-3.913818359375
0.2975,2.652587890625,0.970947265625,-4.033935546875
0.298,2.732666015625,0.610595703125,-3.673583984375
0.2985,2.692626953125,0.010009765625,-3.153076171875
0.299,2.812744140625,-0.870849609375,-2.432373046875
0.2995,3.052978515625,-1.671630859375,-1.871826171875
0.3,3.253173828125,-2.272216796875,-1.431396484375
0.3005,3.253173828125,-2.672607421875,-1.111083984375
0.301,2.852783203125,-2.712646484375,-0.630615234375
0.3015,2.212158203125,-2.752685546875,0.130126953125
0.302,1.571533203125,-3.032958984375,0.970947265625
0.3025,1.091064453125,-3.353271484375,1.771728515625
0.303,0.770751953125,-3.553466796875,2.292236328125
0.3035,0.370361328125,-3.393310546875,2.532470703125
0.304,-0.270263671875,-2.912841796875,2.612548828125
0.3045,-1.071044921875,-2.272216796875,2.772705078125
0.305,-1.831787109375,-1.791748046875,3.012939453125
0.3055,-2.472412109375,-1.311279296875,3.293212890625
0.306,-2.752685546875,-1.111083984375,3.333251953125
0.3065,-2.832763671875,-0.670654296875,2.932861328125
0.307,-2.832763671875,0.010009765625,2.372314453125
0.3075,-2.992919921875,0.770751953125,1.771728515625
0.308,-3.273193359375,1.571533203125,1.291259765625
0.3085,-3.473388671875,2.052001953125,0.970947265625
0.309,-3.353271484375,2.412353515625,0.530517578125
0.3095,-2.912841796875,2.532470703125,0.010009765625
0.31,-2.312255859375,2.652587890625,-0.790771484375
0.3105,-1.791748046875,2.932861328125,-1.591552734375
0.311,-1.311279296875,3.333251953125,-2.432373046875
0.3115,-0.990966796875,3.493408203125,-2.912841796875
0.312,-0.510498046875,3.173095703125,-3.113037109375
0.3125,0.170166015625,2.652587890625,-3.233154296875
0.313,1.091064453125,1.971923828125,-3.513427734375
0.3135,1.891845703125,1.571533203125,-3.833740234375
0.314,2.492431640625,1.171142578125,-3.993896484375
0.3145,2.732666015625,0.810791015625,-3.953857421875
0.315,2.732666015625,0.290283203125,-3.433349609375
0.3155,2.812744140625,-0.510498046875,-2.752685546875
0.316,3.052978515625,-1.311279296875,-2.152099609375
0.3165,3.333251953125,-2.152099609375,-1.671630859375
0.317,3.413330078125,-2.592529296875,-1.311279296875
0.3175,3.133056640625,-2.752685546875,-0.830810546875
0.318,2.572509765625,-2.872802734375,-0.190185546875
0.3185,1.811767578125,-3.032958984375,0.770751953125
0.319,1.251220703125,-3.353271484375,1.571533203125
0.3195,0.810791015625,-3.593505859375,2.292236328125
0.32,0.490478515625,-3.713623046875,2.692626953125
0.3205,-0.110107421875,-3.153076171875,2.692626953125
0.321,-0.950927734375,-2.512451171875,2.852783203125
0.3215,-1.791748046875,-1.791748046875,3.052978515625
0.322,-2.512451171875,-1.351318359375,3.333251953125
0.3225,-2.872802734375,-1.031005859375,3.373291015625
0.323,-2.952880859375,-0.670654296875,3.133056640625
0.3235,-2.912841796875,-0.070068359375,2.532470703125
0.324,-2.992919921875,0.770751953125,1.771728515625
0.3245,-3.193115234375,1.531494140625,1.251220703125
0.325,-3.433349609375,2.212158203125,0.810791015625
0.3255,-3.473388671875,2.532470703125,0.530517578125
0.326,-2.992919921875,2.532470703125,0.010009765625
0.3265,-2.392333984375,2.652587890625,-0.670654296875
0.327,-1.671630859375,2.852783203125,-1.591552734375
0.3275,-1.271240234375,3.173095703125,-2.352294921875
0.328,-0.910888671875,3.333251953125,-2.872802734375
0.3285,-0.590576171875,3.253173828125,-3.193115234375
0.329,0.050048828125,2.732666015625,-3.233154296875
0.3295,0.890869140625,2.132080078125,-3.353271484375
0.33,1.651611328125,1.571533203125,-3.673583984375
0.3305,2.372314453125,1.171142578125,-3.913818359375
0.331,2.692626953125,0.930908203125,-3.953857421875
0.3315,2.732666015625,0.450439453125,-3.553466796875
0.332,2.772705078125,-0.150146484375,-3.032958984375
0.3325,2.892822265625,-0.990966796875,-2.352294921875
0.333,3.173095703125,-1.751708984375,-1.871826171875
0.3335,3.333251953125,-2.352294921875,-1.431396484375
0.334,3.333251953125,-2.712646484375,-1.111083984375
0.3345,2.812744140625,-2.752685546875,-0.550537109375
0.335,2.172119140625,-2.912841796875,0.250244140625
0.3355,1.571533203125,-3.193115234375,1.131103515625
0.336,1.131103515625,-3.593505859375,1.931884765625
0.3365,0.770751953125,-3.713623046875,2.452392578125
0.337,0.290283203125,-3.513427734375,2.652587890625
0.3375,-0.430419921875,-2.872802734375,2.812744140625
0.338,-1.351318359375,-2.152099609375,3.012939453125
0.3385,-2.192138671875,-1.631591796875,3.333251953125
0.339,-2.832763671875,-1.271240234375,3.533447265625
0.3395,-3.032958984375,-0.950927734375,3.453369140625
0.34,-2.952880859375,-0.350341796875,2.852783203125
0.3405,-3.072998046875,0.410400390625,2.212158203125
0.341,-3.233154296875,1.331298828125,1.491455078125
0.3415,-3.553466796875,2.092041015625,1.010986328125
0.342,-3.553466796875,2.532470703125,0.610595703125
0.3425,-3.313232421875,2.692626953125,0.250244140625
0.343,-2.592529296875,2.692626953125,-0.510498046875
0.3435,-1.911865234375,2.892822265625,-1.431396484375
0.344,-1.311279296875,3.173095703125,-2.312255859375
0.3445,-0.910888671875,3.453369140625,-2.992919921875
0.345,-0.590576171875,3.373291015625,-3.273193359375
0.3455,0.010009765625,2.892822265625,-3.313232421875
0.346,0.810791015625,2.252197265625,-3.433349609375
0.3465,1.771728515625,1.531494140625,-3.673583984375
0.347,2.412353515625,1.091064453125,-3.873779296875
0.3475,2.812744140625,0.770751953125,-3.953857421875
0.348,2.852783203125,0.450439453125,-3.713623046875
0.3485,2.772705078125,-0.150146484375,-3.032958984375
0.349,2.852783203125,-0.950927734375,-2.392333984375
0.3495,3.052978515625,-1.751708984375,-1.791748046875
0.35,3.293212890625,-2.432373046875,-1.351318359375
0.3505,3.253173828125,-2.712646484375,-1.071044921875
0.351,2.892822265625,-2.832763671875,-0.590576171875
0.3515,2.292236328125,-2.872802734375,0.090087890625
0.352,1.571533203125,-3.072998046875,0.970947265625
0.3525,1.131103515625,-3.433349609375,1.771728515625
0.353,0.730712890625,-3.713623046875,2.372314453125
0.3535,0.410400390625,-3.553466796875,2.612548828125
0.354,-0.190185546875,-2.992919921875,2.692626953125
0.3545,-0.990966796875,-2.432373046875,2.892822265625
0.355,-1.951904296875,-1.791748046875,3.173095703125
0.3555,-2.592529296875,-1.431396484375,3.493408203125
0.356,-2.912841796875,-1.031005859375,3.453369140625
0.3565,-3.032958984375,-0.630615234375,3.173095703125
0.357,-3.032958984375,0.050048828125,2.532470703125
0.3575,-3.153076171875,0.890869140625,1.811767578125
0.358,-3.433349609375,1.731689453125,1.291259765625
0.3585,-3.673583984375,2.412353515625,0.850830078125
0.359,-3.553466796875,2.652587890625,0.490478515625
0.3595,-2.992919921875,2.692626953125,-0.150146484375
0.36,-2.312255859375,2.852783203125,-0.990966796875
0.3605,-1.591552734375,3.133056640625,-1.991943359375
0.361,-1.151123046875,3.453369140625,-2.752685546875
0.3615,-0.750732421875,3.613525390625,-3.273193359375
0.362,-0.310302734375,3.333251953125,-3.473388671875
0.3625,0.530517578125,2.572509765625,-3.473388671875
0.363,1.451416015625,1.891845703125,-3.713623046875
0.3635,2.372314453125,1.251220703125,-3.953857421875
0.364,2.892822265625,0.890869140625,-4.154052734375
0.3645,3.012939453125,0.490478515625,-3.873779296875
0.365,2.972900390625,0.010009765625,-3.353271484375
0.3655,2.972900390625,-0.830810546875,-2.592529296875
0.366,3.093017578125,-1.751708984375,-1.831787109375
0.3665,3.333251953125,-2.432373046875,-1.351318359375
0.367,3.413330078125,-2.912841796875,-0.990966796875
0.3675,3.133056640625,-2.952880859375,-0.630615234375
0.368,2.372314453125,-2.952880859375,0.050048828125
0.3685,1.651611328125,-3.153076171875,0.930908203125
0.369,1.010986328125,-3.433349609375,1.851806640625
0.3695,0.650634765625,-3.633544921875,2.452392578125
0.37,0.290283203125,-3.553466796875,2.772705078125
0.3705,-0.190185546875,-3.153076171875,2.812744140625
0.371,-0.990966796875,-2.432373046875,2.892822265625
0.3715,-1.831787109375,-1.751708984375,3.093017578125
0.372,-2.552490234375,-1.271240234375,3.333251953125
0.3725,-2.992919921875,-0.990966796875,3.493408203125
0.373,-3.072998046875,-0.670654296875,3.173095703125
0.3735,-2.952880859375,-0.070068359375,2.572509765625
0.374,-3.072998046875,0.650634765625,1.931884765625
0.3745,-3.273193359375,1.571533203125,1.291259765625
0.375,-3.553466796875,2.212158203125,0.930908203125
0.3755,-3.513427734375,2.612548828125,0.530517578125
0.376,-3.193115234375,2.692626953125,0.130126953125
0.3765,-2.512451171875,2.692626953125,-0.670654296875
0.377,-1.911865234375,2.932861328125,-1.551513671875
0.3775,-1.311279296875,3.333251953125,-2.432373046875
0.378,-0.950927734375,3.573486328125,-3.072998046875
0.3785,-0.510498046875,3.453369140625,-3.273193359375
0.379,0.050048828125,2.932861328125,-3.393310546875
0.3795,0.970947265625,2.252197265625,-3.553466796875
0.38,1.891845703125,1.571533203125,-3.833740234375
0.3805,2.572509765625,1.131103515625,-4.073974609375
0.381,2.972900390625,0.770751953125,-4.154052734375
0.3815,2.972900390625,0.370361328125,-3.753662109375
0.382,2.892822265625,-0.350341796875,-2.992919921875
0.3825,3.052978515625,-1.231201171875,-2.312255859375
0.383,3.333251953125,-2.152099609375,-1.671630859375
0.3835,3.533447265625,-2.712646484375,-1.271240234375
0.384,3.333251953125,-2.992919921875,-0.870849609375
0.3845,2.812744140625,-3.072998046875,-0.350341796875
0.385,1.971923828125,-3.153076171875,0.610595703125
0.3855,1.291259765625,-3.313232421875,1.531494140625
0.386,0.810791015625,-3.553466796875,2.292236328125
0.3865,0.490478515625,-3.793701171875,2.772705078125
0.387,0.010009765625,-3.353271484375,2.852783203125
0.3875,-0.750732421875,-2.632568359375,2.852783203125
0.388,-1.631591796875,-1.951904296875,3.052978515625
0.3885,-2.472412109375,-1.351318359375,3.333251953125
0.389,-2.912841796875,-1.031005859375,3.453369140625
0.3895,-3.113037109375,-0.670654296875,3.333251953125
0.39,-3.032958984375,-0.270263671875,2.812744140625
0.3905,-2.992919921875,0.530517578125,2.011962890625
0.391,-3.193115234375,1.331298828125,1.411376953125
0.3915,-3.433349609375,2.132080078125,0.890869140625
0.392,-3.553466796875,2.572509765625,0.610595703125
0.3925,-3.233154296875,2.652587890625,0.130126953125
0.393,-2.672607421875,2.652587890625,-0.510498046875
0.3935,-1.951904296875,2.852783203125,-1.311279296875
0.394,-1.351318359375,3.173095703125,-2.232177734375
0.3945,-0.950927734375,3.413330078125,-2.872802734375
0.395,-0.630615234375,3.533447265625,-3.273193359375
0.3955,-0.150146484375,3.133056640625,-3.353271484375
0.396,0.650634765625,2.372314453125,-3.433349609375
0.3965,1.531494140625,1.771728515625,-3.673583984375
0.397,2.332275390625,1.251220703125,-3.953857421875
0.3975,2.812744140625,0.970947265625,-4.114013671875
0.398,2.932861328125,0.570556640625,-3.833740234375
0.3985,2.892822265625,0.010009765625,-3.273193359375
0.399,2.932861328125,-0.830810546875,-2.552490234375
0.3995,3.173095703125,-1.671630859375,-1.791748046875
0.4,3.413330078125,-2.472412109375,-1.471435546875
0.4005,3.453369140625,-2.872802734375,-1.151123046875
0.401,3.052978515625,-2.912841796875,-0.630615234375
0.4015,2.412353515625,-2.952880859375,0.090087890625
0.402,1.651611328125,-3.193115234375,1.010986328125
0.4025,1.131103515625,-3.553466796875,1.931884765625
0.403,0.730712890625,-3.713623046875,2.532470703125
0.4035,0.330322265625,-3.593505859375,2.772705078125
0.404,-0.310302734375,-3.072998046875,2.852783203125
0.4045,-1.191162109375,-2.272216796875,3.012939453125
0.405,-2.031982421875,-1.711669921875,3.213134765625
0.4055,-2.752685546875,-1.271240234375,3.493408203125
0.406,-3.072998046875,-0.990966796875,3.533447265625
0.4065,-3.072998046875,-0.510498046875,3.052978515625
0.407,-3.032958984375,0.170166015625,2.412353515625
0.4075,-3.233154296875,0.970947265625,1.731689453125
0.408,-3.353271484375,1.811767578125,1.131103515625
0.4085,-3.553466796875,2.372314453125,0.690673828125
0.409,-3.473388671875,2.692626953125,0.370361328125
0.4095,-2.912841796875,2.692626953125,-0.190185546875
0.41,-2.192138671875,2.772705078125,-1.031005859375
0.4105,-1.511474609375,3.052978515625,-1.951904296875
0.411,-1.071044921875,3.373291015625,-2.712646484375
0.4115,-0.710693359375,3.493408203125,-3.153076171875
0.412,-0.310302734375,3.173095703125,-3.273193359375
0.4125,0.370361328125,2.612548828125,-3.393310546875
0.413,1.291259765625,1.891845703125,-3.553466796875
0.4135,2.092041015625,1.331298828125,-3.793701171875
0.414,2.692626953125,0.970947265625,-3.993896484375
0.4145,2.892822265625,0.650634765625,-3.953857421875
0.415,2.852783203125,0.210205078125,-3.473388671875
0.4155,2.972900390625,-0.510498046875,-2.792724609375
0.416,3.012939453125,-1.431396484375,-2.112060546875
0.4165,3.293212890625,-2.232177734375,-1.551513671875
0.417,3.373291015625,-2.632568359375,-1.271240234375
0.4175,3.173095703125,-2.872802734375,-0.790771484375
0.418,2.652587890625,-2.912841796875,-0.270263671875
0.4185,1.891845703125,-3.032958984375,0.650634765625
0.419,1.291259765625,-3.273193359375,1.531494140625
0.4195,0.850830078125,-3.593505859375,2.252197265625
0.42,0.570556640625,-3.713623046875,2.652587890625
0.4205,0.010009765625,-3.233154296875,2.732666015625
0.421,-0.710693359375,-2.632568359375,2.852783203125
0.4215,-1.631591796875,-1.951904296875,3.052978515625
0.422,-2.392333984375,-1.471435546875,3.333251953125
0.4225,-2.872802734375,-1.151123046875,3.493408203125
0.423,-3.032958984375,-0.790771484375,3.293212890625
0.4235,-2.992919921875,-0.270263671875,2.772705078125
0.424,-3.032958984375,0.570556640625,1.971923828125
0.4245,-3.233154296875,1.331298828125,1.411376953125
0.425,-3.553466796875,2.172119140625,0.970947265625
0.4255,-3.553466796875,2.532470703125,0.610595703125
0.426,-3.153076171875,2.612548828125,0.130126953125
0.4265,-2.552490234375,2.692626953125,-0.550537109375
0.427,-1.831787109375,2.892822265625,-1.471435546875
0.4275,-1.351318359375,3.213134765625,-2.272216796875
0.428,-0.950927734375,3.453369140625,-2.912841796875
0.4285,-0.630615234375,3.453369140625,-3.193115234375
0.429,0.010009765625,2.852783203125,-3.233154296875
0.4295,0.810791015625,2.252197265625,-3.433349609375
0.43,1.731689453125,1.571533203125,-3.673583984375
0.4305,2.412353515625,1.171142578125,-3.953857421875
0.431,2.732666015625,0.890869140625,-3.993896484375
0.4315,2.772705078125,0.410400390625,-3.713623046875
0.432,2.772705078125,-0.150146484375,-3.072998046875
0.4325,2.852783203125,-0.990966796875,-2.352294921875
0.433,3.093017578125,-1.751708984375,-1.831787109375
0.4335,3.333251953125,-2.432373046875,-1.431396484375
0.434,3.333251953125,-2.712646484375,-1.111083984375
0.4345,2.812744140625,-2.712646484375,-0.590576171875
0.435,2.212158203125,-2.872802734375,0.170166015625
0.4355,1.571533203125,-3.113037109375,1.091064453125
0.436,1.131103515625,-3.433349609375,1.851806640625
0.4365,0.770751953125,-3.593505859375,2.372314453125
0.437,0.330322265625,-3.473388671875,2.612548828125
0.4375,-0.310302734375,-2.872802734375,2.692626953125
0.438,-1.151123046875,-2.272216796875,2.852783203125
0.4385,-1.951904296875,-1.711669921875,3.173095703125
0.439,-2.592529296875,-1.351318359375,3.453369140625
0.4395,-2.832763671875,-1.111083984375,3.373291015625
0.44,-2.832763671875,-0.630615234375,2.892822265625
0.4405,-2.912841796875,0.050048828125,2.372314453125
0.441,-3.072998046875,0.930908203125,1.691650390625
0.4415,-3.353271484375,1.651611328125,1.251220703125
0.442,-3.473388671875,2.212158203125,0.850830078125
0.4425,-3.353271484375,2.492431640625,0.490478515625
0.443,-2.832763671875,2.532470703125,-0.150146484375
0.4435,-2.232177734375,2.692626953125,-0.910888671875
0.444,-1.631591796875,3.012939453125,-1.791748046875
0.4445,-1.231201171875,3.333251953125,-2.512451171875
0.445,-0.910888671875,3.373291015625,-2.912841796875
0.4455,-0.390380859375,3.133056640625,-3.072998046875
0.446,0.290283203125,2.572509765625,-3.233154296875
0.4465,1.171142578125,1.931884765625,-3.473388671875
0.447,1.931884765625,1.451416015625,-3.713623046875
0.4475,2.412353515625,1.051025390625,-3.913818359375
0.448,2.612548828125,0.770751953125,-3.833740234375
0.4485,2.612548828125,0.210205078125,-3.273193359375
0.449,2.692626953125,-0.430419921875,-2.712646484375
0.4495,2.892822265625,-1.271240234375,-2.112060546875
0.45,3.173095703125,-1.951904296875,-1.711669921875
0.4505,3.253173828125,-2.352294921875,-1.351318359375
0.451,3.012939453125,-2.592529296875,-0.950927734375
0.4515,2.532470703125,-2.672607421875,-0.350341796875
0.452,1.891845703125,-2.872802734375,0.490478515625
0.4525,1.411376953125,-3.193115234375,1.291259765625
0.453,1.010986328125,-3.553466796875,1.971923828125
0.4535,0.690673828125,-3.513427734375,2.332275390625
0.454,0.170166015625,-3.113037109375,2.452392578125
0.4545,-0.590576171875,-2.592529296875,2.692626953125
0.455,-1.471435546875,-1.991943359375,2.932861328125
0.4555,-2.112060546875,-1.671630859375,3.253173828125
0.456,-2.552490234375,-1.311279296875,3.333251953125
0.4565,-2.752685546875,-0.990966796875,3.173095703125
0.457,-2.752685546875,-0.350341796875,2.612548828125
0.4575,-2.912841796875,0.450439453125,2.011962890625
0.458,-3.193115234375,1.251220703125,1.571533203125
0.4585,-3.473388671875,1.931884765625,1.131103515625
0.459,-3.433349609375,2.252197265625,0.770751953125
0.4595,-3.072998046875,2.412353515625,0.210205078125
0.46,-2.552490234375,2.572509765625,-0.510498046875
0.4605,-1.911865234375,2.852783203125,-1.351318359375
0.461,-1.471435546875,3.213134765625,-2.152099609375
0.4615,-1.111083984375,3.413330078125,-2.752685546875
0.462,-0.710693359375,3.333251953125,-3.032958984375
0.4625,0.010009765625,2.772705078125,-3.113037109375
0.463,0.770751953125,2.212158203125,-3.353271484375
0.4635,1.651611328125,1.571533203125,-3.673583984375
0.464,2.292236328125,1.251220703125,-3.953857421875
0.4645,2.572509765625,0.890869140625,-3.873779296875
0.465,2.612548828125,0.490478515625,-3.553466796875
0.4655,2.692626953125,-0.150146484375,-2.952880859375
0.466,2.852783203125,-0.990966796875,-2.272216796875
0.4665,3.133056640625,-1.791748046875,-1.831787109375
0.467,3.293212890625,-2.352294921875,-1.431396484375
0.4675,3.173095703125,-2.592529296875,-1.111083984375
0.468,2.652587890625,-2.632568359375,-0.510498046875
0.4685,2.092041015625,-2.872802734375,0.290283203125
0.469,1.531494140625,-3.153076171875,1.171142578125
0.4695,1.091064453125,-3.473388671875,1.851806640625
0.47,0.730712890625,-3.553466796875,2.292236328125
0.4705,0.290283203125,-3.273193359375,2.492431640625
0.471,-0.430419921875,-2.712646484375,2.612548828125
0.4715,-1.231201171875,-2.192138671875,2.852783203125
0.472,-1.991943359375,-1.671630859375,3.133056640625
0.4725,-2.472412109375,-1.311279296875,3.333251953125
0.473,-2.712646484375,-1.031005859375,3.213134765625
0.4735,-2.712646484375,-0.510498046875,2.732666015625
0.474,-2.872802734375,0.170166015625,2.212158203125
0.4745,-3.072998046875,1.010986328125,1.611572265625
0.475,-3.353271484375,1.691650390625,1.211181640625
0.4755,-3.393310546875,2.172119140625,0.810791015625
0.476,-3.233154296875,2.412353515625,0.450439453125
0.4765,-2.632568359375,2.492431640625,-0.270263671875
0.477,-2.112060546875,2.692626953125,-0.990966796875
0.4775,-1.591552734375,3.052978515625,-1.871826171875
0.478,-1.231201171875,3.333251953125,-2.552490234375
0.4785,-0.830810546875,3.333251953125,-2.872802734375
0.479,-0.310302734375,3.012939453125,-3.072998046875
0.4795,0.450439453125,2.412353515625,-3.233154296875
0.48,1.291259765625,1.811767578125,-3.553466796875
0.4805,1.971923828125,1.411376953125,-3.793701171875
0.481,2.492431640625,1.051025390625,-3.993896484375
0.4815,2.612548828125,0.730712890625,-3.753662109375
0.482,2.612548828125,0.130126953125,-3.153076171875
0.4825,2.812744140625,-0.630615234375,-2.592529296875
0.483,3.052978515625,-1.551513671875,-1.991943359375
0.4835,3.333251953125,-2.192138671875,-1.631591796875
0.484,3.293212890625,-2.552490234375,-1.271240234375
0.4845,2.932861328125,-2.712646484375,-0.750732421875
0.485,2.292236328125,-2.832763671875,0.010009765625
0.4855,1.731689453125,-3.072998046875,0.890869140625
0.486,1.211181640625,-3.393310546875,1.731689453125
0.4865,0.850830078125,-3.673583984375,2.292236328125
0.487,0.450439453125,-3.473388671875,2.532470703125
0.4875,-0.190185546875,-2.952880859375,2.612548828125
0.488,-1.031005859375,-2.352294921875,2.852783203125
0.4885,-1.951904296875,-1.791748046875,3.133056640625
0.489,-2.552490234375,-1.351318359375,3.373291015625
0.4895,-2.832763671875,-0.990966796875,3.333251953125
0.49,-2.872802734375,-0.630615234375,3.012939453125
0.4905,-2.872802734375,0.090087890625,2.292236328125
0.491,-3.072998046875,0.890869140625,1.691650390625
0.4915,-3.273193359375,1.731689453125,1.211181640625
0.492,-3.513427734375,2.252197265625,0.810791015625
0.4925,-3.273193359375,2.452392578125,0.450439453125
0.493,-2.792724609375,2.532470703125,-0.150146484375
0.4935,-2.192138671875,2.692626953125,-0.950927734375
0.494,-1.591552734375,2.972900390625,-1.791748046875
0.4945,-1.191162109375,3.253173828125,-2.512451171875
0.495,-0.830810546875,3.373291015625,-2.992919921875
0.4955,-0.390380859375,3.133056640625,-3.113037109375
0.496,0.290283203125,2.492431640625,-3.193115234375
0.4965,1.131103515625,1.931884765625,-3.473388671875
0.497,1.931884765625,1.411376953125,-3.713623046875
0.4975,2.452392578125,1.131103515625,-3.953857421875
0.498,2.612548828125,0.770751953125,-3.793701171875
0.4985,2.692626953125,0.290283203125,-3.353271484375
0.499,2.732666015625,-0.470458984375,-2.752685546875
0.4995,2.932861328125,-1.271240234375,-2.112060546875
0.5,3.213134765625,-1.951904296875,-1.711669921875
0.5005,3.333251953125,-2.512451171875,-1.311279296875
0.501,3.093017578125,-2.632568359375,-0.990966796875
0.5015,2.532470703125,-2.712646484375,-0.310302734375
0.502,1.931884765625,-2.952880859375,0.530517578125
0.5025,1.411376953125,-3.273193359375,1.411376953125
0.503,0.970947265625,-3.553466796875,2.092041015625
0.5035,0.610595703125,-3.593505859375,2.452392578125
0.504,0.130126953125,-3.273193359375,2.612548828125
0.5045,-0.710693359375,-2.592529296875,2.732666015625
0.505,-1.591552734375,-1.991943359375,3.052978515625
0.5055,-2.352294921875,-1.511474609375,3.333251953125
0.506,-2.832763671875,-1.231201171875,3.533447265625
0.5065,-2.872802734375,-0.790771484375,3.173095703125
0.507,-2.872802734375,-0.190185546875,2.612548828125
0.5075,-3.072998046875,0.610595703125,1.971923828125
0.508,-3.313232421875,1.531494140625,1.371337890625
0.5085,-3.553466796875,2.172119140625,0.970947265625
0.509,-3.473388671875,2.532470703125,0.570556640625
0.5095,-3.113037109375,2.612548828125,0.090087890625
0.51,-2.352294921875,2.692626953125,-0.710693359375
0.5105,-1.751708984375,2.972900390625,-1.631591796875
0.511,-1.271240234375,3.293212890625,-2.512451171875
0.5115,-0.910888671875,3.493408203125,-3.032958984375
0.512,-0.470458984375,3.213134765625,-3.193115234375
0.5125,0.170166015625,2.692626953125,-3.353271484375
0.513,1.131103515625,1.971923828125,-3.473388671875
0.5135,1.931884765625,1.411376953125,-3.753662109375
0.514,2.532470703125,1.010986328125,-3.913818359375
0.5145,2.812744140625,0.770751953125,-3.913818359375
0.515,2.772705078125,0.290283203125,-3.473388671875
0.5155,2.732666015625,-0.390380859375,-2.752685546875
0.516,2.892822265625,-1.191162109375,-2.192138671875
0.5165,3.173095703125,-1.991943359375,-1.631591796875
0.517,3.293212890625,-2.472412109375,-1.311279296875
0.5175,3.093017578125,-2.712646484375,-0.910888671875
0.518,2.692626953125,-2.752685546875,-0.390380859375
0.5185,1.931884765625,-2.872802734375,0.410400390625
0.519,1.411376953125,-3.153076171875,1.251220703125
0.5195,0.970947265625,-3.473388671875,1.971923828125
0.52,0.650634765625,-3.673583984375,2.452392578125
0.5205,0.210205078125,-3.313232421875,2.532470703125
0.521,-0.470458984375,-2.712646484375,2.692626953125
0.5215,-1.311279296875,-2.112060546875,2.892822265625
0.522,-2.072021484375,-1.631591796875,3.213134765625
0.5225,-2.592529296875,-1.311279296875,3.373291015625
0.523,-2.832763671875,-0.990966796875,3.293212890625
0.5235,-2.872802734375,-0.510498046875,2.852783203125
0.524,-2.912841796875,0.250244140625,2.212158203125
0.5245,-3.153076171875,1.010986328125,1.651611328125
0.525,-3.433349609375,1.851806640625,1.171142578125
0.5255,-3.553466796875,2.292236328125,0.850830078125
0.526,-3.273193359375,2.532470703125,0.370361328125
0.5265,-2.752685546875,2.612548828125,-0.270263671875
0.527,-2.072021484375,2.852783203125,-1.151123046875
0.5275,-1.551513671875,3.173095703125,-2.072021484375
0.528,-1.151123046875,3.413330078125,-2.712646484375
0.5285,-0.790771484375,3.493408203125,-3.193115234375
0.529,-0.190185546875,3.052978515625,-3.233154296875
0.5295,0.610595703125,2.412353515625,-3.393310546875
0.53,1.571533203125,1.771728515625,-3.673583984375
0.5305,2.372314453125,1.291259765625,-3.993896484375
0.531,2.772705078125,0.970947265625,-4.114013671875
0.5315,2.852783203125,0.530517578125,-3.793701171875
0.532,2.852783203125,-0.070068359375,-3.193115234375
0.5325,2.892822265625,-0.990966796875,-2.392333984375
0.533,3.173095703125,-1.791748046875,-1.831787109375
0.5335,3.333251953125,-2.512451171875,-1.351318359375
0.534,3.373291015625,-2.832763671875,-1.071044921875
0.5345,2.852783203125,-2.832763671875,-0.510498046875
0.535,2.212158203125,-2.912841796875,0.250244140625
0.5355,1.451416015625,-3.193115234375,1.211181640625
0.536,0.970947265625,-3.513427734375,1.971923828125
0.5365,0.610595703125,-3.673583984375,2.492431640625
0.537,0.250244140625,-3.473388671875,2.692626953125
0.5375,-0.430419921875,-2.832763671875,2.772705078125
0.538,-1.271240234375,-2.112060546875,2.892822265625
0.5385,-2.072021484375,-1.591552734375,3.133056640625
0.539,-2.712646484375,-1.191162109375,3.373291015625
0.5395,-2.952880859375,-0.950927734375,3.373291015625
0.54,-2.912841796875,-0.510498046875,2.892822265625
0.5405,-2.912841796875,0.170166015625,2.292236328125
0.541,-3.072998046875,1.010986328125,1.611572265625
0.5415,-3.313232421875,1.771728515625,1.131103515625
0.542,-3.473388671875,2.292236328125,0.770751953125
0.5425,-3.353271484375,2.572509765625,0.370361328125
0.543,-2.872802734375,2.612548828125,-0.150146484375
0.5435,-2.192138671875,2.692626953125,-0.990966796875
0.544,-1.591552734375,2.972900390625,-1.831787109375
0.5445,-1.191162109375,3.333251953125,-2.632568359375
0.545,-0.830810546875,3.493408203125,-3.072998046875
0.5455,-0.350341796875,3.213134765625,-3.233154296875
0.546,0.330322265625,2.692626953125,-3.353271484375
0.5465,1.251220703125,1.931884765625,-3.553466796875
0.547,2.011962890625,1.411376953125,-3.833740234375
0.5475,2.612548828125,1.051025390625,-4.033935546875
0.548,2.852783203125,0.770751953125,-3.993896484375
0.5485,2.812744140625,0.210205078125,-3.393310546875
0.549,2.892822265625,-0.590576171875,-2.752685546875
0.5495,3.093017578125,-1.431396484375,-2.112060546875
0.55,3.373291015625,-2.272216796875,-1.591552734375
0.5505,3.453369140625,-2.712646484375,-1.231201171875
0.551,3.173095703125,-2.872802734375,-0.790771484375
0.5515,2.572509765625,-2.992919921875,-0.150146484375
0.552,1.771728515625,-3.193115234375,0.850830078125
0.5525,1.211181640625,-3.513427734375,1.731689453125
0.553,0.770751953125,-3.753662109375,2.492431640625
0.5535,0.450439453125,-3.713623046875,2.812744140625
0.554,-0.190185546875,-3.193115234375,2.852783203125
0.5545,-1.031005859375,-2.512451171875,3.012939453125
0.555,-2.031982421875,-1.751708984375,3.213134765625
0.5555,-2.712646484375,-1.271240234375,3.493408203125
0.556,-3.113037109375,-0.910888671875,3.493408203125
0.5565,-3.153076171875,-0.590576171875,3.213134765625
0.557,-3.072998046875,0.130126953125,2.492431640625
0.5575,-3.153076171875,0.970947265625,1.731689453125
0.558,-3.353271484375,1.811767578125,1.131103515625
0.5585,-3.553466796875,2.492431640625,0.690673828125
0.559,-3.473388671875,2.692626953125,0.330322265625
0.5595,-2.952880859375,2.692626953125,-0.190185546875
0.56,-2.272216796875,2.772705078125,-0.950927734375
0.5605,-1.551513671875,2.972900390625,-1.911865234375
0.561,-1.031005859375,3.293212890625,-2.632568359375
0.5615,-0.670654296875,3.493408203125,-3.193115234375
0.562,-0.350341796875,3.333251953125,-3.393310546875
0.5625,0.290283203125,2.692626953125,-3.353271484375
0.563,1.131103515625,2.011962890625,-3.553466796875
0.5635,2.011962890625,1.331298828125,-3.753662109375
0.564,2.612548828125,1.010986328125,-3.993896484375
0.5645,2.852783203125,0.690673828125,-3.913818359375
0.565,2.892822265625,0.290283203125,-3.553466796875
0.5655,2.892822265625,-0.350341796875,-2.912841796875
0.566,2.972900390625,-1.231201171875,-2.192138671875
0.5665,3.213134765625,-1.991943359375,-1.671630859375
0.567,3.453369140625,-2.632568359375,-1.271240234375
0.5675,3.333251953125,-2.912841796875,-0.990966796875
0.568,2.772705078125,-2.952880859375,-0.350341796875
0.5685,2.132080078125,-3.153076171875,0.410400390625
0.569,1.411376953125,-3.273193359375,1.411376953125
0.5695,0.970947265625,-3.633544921875,2.172119140625
0.57,0.610595703125,-3.753662109375,2.692626953125
0.5705,0.170166015625,-3.553466796875,2.852783203125
0.571,-0.630615234375,-2.832763671875,2.892822265625
0.5715,-1.511474609375,-2.112060546875,3.093017578125
0.572,-2.392333984375,-1.551513671875,3.373291015625
0.5725,-2.952880859375,-1.191162109375,3.613525390625
0.573,-3.153076171875,-0.790771484375,3.453369140625
0.5735,-3.072998046875,-0.310302734375,2.852783203125
0.574,-3.153076171875,0.490478515625,2.212158203125
0.5745,-3.273193359375,1.411376953125,1.411376953125
0.575,-3.553466796875,2.172119140625,0.970947265625
0.5755,-3.593505859375,2.612548828125,0.570556640625
0.576,-3.353271484375,2.732666015625,0.170166015625
0.5765,-2.592529296875,2.692626953125,-0.590576171875
0.577,-1.951904296875,2.972900390625,-1.471435546875
0.5775,-1.271240234375,3.253173828125,-2.392333984375
0.578,-0.910888671875,3.533447265625,-3.072998046875
0.5785,-0.510498046875,3.453369140625,-3.313232421875
0.579,0.010009765625,3.012939453125,-3.393310546875
0.5795,0.890869140625,2.252197265625,-3.513427734375
0.58,1.771728515625,1.571533203125,-3.713623046875
0.5805,2.492431640625,1.091064453125,-3.873779296875
0.581,2.892822265625,0.770751953125,-4.033935546875
0.5815,2.932861328125,0.450439453125,-3.753662109375
0.582,2.852783203125,-0.190185546875,-3.072998046875
0.5825,2.932861328125,-0.990966796875,-2.432373046875
0.583,3.133056640625,-1.871826171875,-1.751708984375
0.5835,3.333251953125,-2.512451171875,-1.351318359375
0.584,3.293212890625,-2.872802734375,-0.990966796875
0.5845,2.932861328125,-2.952880859375,-0.590576171875
0.585,2.252197265625,-2.912841796875,0.170166015625
0.5855,1.571533203125,-3.113037109375,1.051025390625
0.586,1.010986328125,-3.393310546875,1.931884765625
0.5865,0.690673828125,-3.713623046875,2.532470703125
0.587,0.290283203125,-3.553466796875,2.692626953125
0.5875,-0.270263671875,-3.032958984375,2.772705078125
0.588,-1.111083984375,-2.392333984375,2.932861328125
0.5885,-1.991943359375,-1.711669921875,3.173095703125
0.589,-2.632568359375,-1.311279296875,3.453369140625
0.5895,-2.992919921875,-0.990966796875,3.453369140625
0.59,-3.072998046875,-0.630615234375,3.173095703125
0.5905,-2.992919921875,0.090087890625,2.412353515625
0.591,-3.153076171875,0.930908203125,1.811767578125
0.5915,-3.393310546875,1.731689453125,1.211181640625
0.592,-3.633544921875,2.292236328125,0.810791015625
0.5925,-3.473388671875,2.572509765625,0.450439453125
0.593,-2.992919921875,2.692626953125,-0.150146484375
0.5935,-2.272216796875,2.852783203125,-0.990966796875
0.594,-1.591552734375,3.133056640625,-1.911865234375
0.5945,-1.151123046875,3.413330078125,-2.672607421875
0.595,-0.790771484375,3.573486328125,-3.193115234375
0.5955,-0.350341796875,3.333251953125,-3.353271484375
0.596,0.450439453125,2.612548828125,-3.353271484375
0.5965,1.291259765625,1.931884765625,-3.633544921875
0.597,2.212158203125,1.331298828125,-3.913818359375
0.5975,2.732666015625,0.970947265625,-4.114013671875
0.598,2.932861328125,0.610595703125,-3.913818359375
0.5985,2.892822265625,0.130126953125,-3.473388671875
0.599,2.892822265625,-0.670654296875,-2.632568359375
0.5995,3.052978515625,-1.551513671875,-1.991943359375
0.6,3.333251953125,-2.392333984375,-1.471435546875
0.6005,3.413330078125,-2.832763671875,-1.151123046875
0.601,3.133056640625,-2.872802734375,-0.710693359375
0.6015,2.492431640625,-2.912841796875,-0.070068359375
0.602,1.771728515625,-3.113037109375,0.810791015625
0.6025,1.131103515625,-3.353271484375,1.731689453125
0.603,0.730712890625,-3.593505859375,2.412353515625
0.6035,0.370361328125,-3.633544921875,2.732666015625
0.604,-0.150146484375,-3.233154296875,2.852783203125
0.6045,-0.950927734375,-2.432373046875,2.892822265625
0.605,-1.791748046875,-1.831787109375,3.133056640625
0.6055,-2.592529296875,-1.311279296875,3.373291015625
0.606,-2.992919921875,-1.031005859375,3.533447265625
0.6065,-3.072998046875,-0.630615234375,3.173095703125
0.607,-2.992919921875,-0.150146484375,2.612548828125
0.6075,-3.072998046875,0.650634765625,1.931884765625
0.608,-3.233154296875,1.491455078125,1.291259765625
0.6085,-3.513427734375,2.132080078125,0.850830078125
0.609,-3.513427734375,2.612548828125,0.490478515625
0.6095,-3.153076171875,2.652587890625,0.090087890625
0.61,-2.432373046875,2.692626953125,-0.670654296875
0.6105,-1.791748046875,2.932861328125,-1.511474609375
0.611,-1.271240234375,3.253173828125,-2.352294921875
0.6115,-0.950927734375,3.453369140625,-2.912841796875
0.612,-0.510498046875,3.333251953125,-3.193115234375
0.6125,0.010009765625,2.892822265625,-3.273193359375
0.613,0.890869140625,2.172119140625,-3.433349609375
0.6135,1.651611328125,1.571533203125,-3.673583984375
0.614,2.372314453125,1.171142578125,-3.913818359375
0.6145,2.732666015625,0.890869140625,-4.033935546875
0.615,2.772705078125,0.490478515625,-3.633544921875
0.6155,2.772705078125,-0.230224609375,-3.032958984375
0.616,2.892822265625,-0.990966796875,-2.432373046875
0.6165,3.133056640625,-1.831787109375,-1.871826171875
0.617,3.333251953125,-2.392333984375,-1.471435546875
0.6175,3.293212890625,-2.712646484375,-1.071044921875
0.618,2.852783203125,-2.832763671875,-0.590576171875
0.6185,2.212158203125,-2.872802734375,0.250244140625
0.619,1.571533203125,-3.193115234375,1.091064453125
0.6195,1.051025390625,-3.473388671875,1.931884765625
0.62,0.770751953125,-3.713623046875,2.452392578125
0.6205,0.290283203125,-3.393310546875,2.612548828125
0.621,-0.350341796875,-2.872802734375,2.732666015625
0.6215,-1.271240234375,-2.192138671875,2.932861328125
0.622,-2.072021484375,-1.671630859375,3.213134765625
0.6225,-2.632568359375,-1.271240234375,3.453369140625
0.623,-2.912841796875,-0.990966796875,3.373291015625
0.6235,-2.872802734375,-0.550537109375,2.892822265625
0.624,-2.912841796875,0.210205078125,2.252197265625
0.6245,-3.153076171875,0.970947265625,1.611572265625
0.625,-3.393310546875,1.891845703125,1.131103515625
0.6255,-3.553466796875,2.292236328125,0.770751953125
0.626,-3.273193359375,2.532470703125,0.330322265625
0.6265,-2.752685546875,2.612548828125,-0.270263671875
0.627,-2.072021484375,2.772705078125,-1.151123046875
0.6275,-1.471435546875,3.052978515625,-1.951904296875
0.628,-1.071044921875,3.333251953125,-2.672607421875
0.6285,-0.750732421875,3.453369140625,-3.113037109375
0.629,-0.270263671875,3.052978515625,-3.193115234375
0.6295,0.490478515625,2.412353515625,-3.273193359375
0.63,1.331298828125,1.771728515625,-3.513427734375
0.6305,2.092041015625,1.291259765625,-3.793701171875
0.631,2.532470703125,1.010986328125,-3.913818359375
0.6315,2.652587890625,0.610595703125,-3.713623046875
0.632,2.692626953125,0.130126953125,-3.233154296875
0.6325,2.692626953125,-0.630615234375,-2.592529296875
0.633,2.932861328125,-1.351318359375,-2.031982421875
0.6335,3.173095703125,-2.072021484375,-1.591552734375
0.634,3.293212890625,-2.512451171875,-1.271240234375
0.6345,2.932861328125,-2.592529296875,-0.830810546875
0.635,2.452392578125,-2.712646484375,-0.190185546875
0.6355,1.811767578125,-2.952880859375,0.610595703125
0.636,1.331298828125,-3.233154296875,1.411376953125
0.6365,0.970947265625,-3.513427734375,2.052001953125
0.637,0.610595703125,-3.513427734375,2.412353515625
0.6375,0.090087890625,-3.072998046875,2.532470703125
0.638,-0.670654296875,-2.512451171875,2.692626953125
0.6385,-1.471435546875,-1.991943359375,2.972900390625
0.639,-2.232177734375,-1.591552734375,3.253173828125
0.6395,-2.592529296875,-1.311279296875,3.373291015625
0.64,-2.712646484375,-0.950927734375,3.093017578125
0.6405,-2.832763671875,-0.350341796875,2.572509765625
0.641,-2.952880859375,0.490478515625,2.011962890625
0.6415,-3.193115234375,1.291259765625,1.491455078125
0.642,-3.473388671875,1.931884765625,1.131103515625
0.6425,-3.473388671875,2.332275390625,0.730712890625
0.643,-3.072998046875,2.412353515625,0.210205078125
0.6435,-2.472412109375,2.612548828125,-0.590576171875
0.644,-1.911865234375,2.892822265625,-1.431396484375
0.6445,-1.431396484375,3.253173828125,-2.232177734375
0.645,-1.071044921875,3.453369140625,-2.752685546875
0.6455,-0.630615234375,3.253173828125,-3.032958984375
0.646,0.010009765625,2.772705078125,-3.193115234375
0.6465,0.890869140625,2.132080078125,-3.353271484375
0.647,1.651611328125,1.611572265625,-3.673583984375
0.6475,2.292236328125,1.211181640625,-3.913818359375
0.648,2.612548828125,0.890869140625,-3.953857421875
0.6485,2.612548828125,0.370361328125,-3.473388671875
0.649,2.692626953125,-0.270263671875,-2.872802734375
0.6495,2.892822265625,-1.111083984375,-2.272216796875
0.65,3.173095703125,-1.871826171875,-1.791748046875
0.6505,3.293212890625,-2.352294921875,-1.431396484375
0.651,3.133056640625,-2.632568359375,-0.990966796875
0.6515,2.652587890625,-2.672607421875,-0.470458984375
0.652,1.971923828125,-2.872802734375,0.370361328125
0.6525,1.411376953125,-3.153076171875,1.251220703125
0.653,1.010986328125,-3.473388671875,1.931884765625
0.6535,0.690673828125,-3.553466796875,2.372314453125
0.654,0.250244140625,-3.193115234375,2.492431640625
0.6545,-0.470458984375,-2.672607421875,2.652587890625
0.655,-1.351318359375,-2.031982421875,2.852783203125
0.6555,-2.072021484375,-1.631591796875,3.173095703125
0.656,-2.552490234375,-1.311279296875,3.333251953125
0.6565,-2.832763671875,-1.031005859375,3.173095703125
0.657,-2.752685546875,-0.470458984375,2.692626953125
0.6575,-2.872802734375,0.290283203125,2.092041015625
0.658,-3.072998046875,1.091064453125,1.571533203125
0.6585,-3.393310546875,1.851806640625,1.131103515625
0.659,-3.473388671875,2.212158203125,0.810791015625
0.6595,-3.153076171875,2.412353515625,0.330322265625
0.66,-2.672607421875,2.532470703125,-0.310302734375
0.6605,-1.991943359375,2.732666015625,-1.151123046875
0.661,-1.551513671875,3.052978515625,-1.951904296875
0.6615,-1.151123046875,3.333251953125,-2.592529296875
0.662,-0.830810546875,3.373291015625,-2.952880859375
0.6625,-0.270263671875,2.892822265625,-3.072998046875
0.663,0.530517578125,2.412353515625,-3.273193359375
0.6635,1.371337890625,1.731689453125,-3.553466796875
0.664,2.092041015625,1.331298828125,-3.873779296875
0.6645,2.492431640625,1.051025390625,-3.953857421875
0.665,2.612548828125,0.650634765625,-3.673583984375
0.6655,2.652587890625,0.090087890625,-3.153076171875
0.666,2.812744140625,-0.710693359375,-2.512451171875
0.6665,3.052978515625,-1.511474609375,-2.031982421875
0.667,3.293212890625,-2.192138671875,-1.591552734375
0.6675,3.293212890625,-2.552490234375,-1.271240234375
0.668,2.852783203125,-2.632568359375,-0.710693359375
0.6685,2.332275390625,-2.832763671875,0.010009765625
0.669,1.651611328125,-3.072998046875,0.930908203125
0.6695,1.251220703125,-3.393310546875,1.651611328125
0.67,0.850830078125,-3.593505859375,2.252197265625
0.6705,0.450439453125,-3.473388671875,2.532470703125
0.671,-0.190185546875,-2.912841796875,2.612548828125
0.6715,-1.031005859375,-2.312255859375,2.812744140625
0.672,-1.871826171875,-1.791748046875,3.133056640625
0.6725,-2.552490234375,-1.431396484375,3.373291015625
0.673,-2.752685546875,-1.111083984375,3.333251953125
0.6735,-2.832763671875,-0.630615234375,2.932861328125
0.674,-2.872802734375,0.050048828125,2.372314453125
0.6745,-3.072998046875,0.930908203125,1.691650390625
0.675,-3.353271484375,1.651611328125,1.251220703125
0.6755,-3.473388671875,2.212158203125,0.850830078125
0.676,-3.353271484375,2.492431640625,0.490478515625
0.6765,-2.752685546875,2.532470703125,-0.150146484375
0.677,-2.192138671875,2.692626953125,-0.990966796875
0.6775,-1.591552734375,3.012939453125,-1.871826171875
0.678,-1.231201171875,3.333251953125,-2.552490234375
0.6785,-0.830810546875,3.373291015625,-2.952880859375
0.679,-0.350341796875,3.093017578125,-3.153076171875
0.6795,0.370361328125,2.492431640625,-3.273193359375
0.68,1.251220703125,1.851806640625,-3.513427734375
0.6805,1.931884765625,1.331298828125,-3.793701171875
0.681,2.532470703125,1.051025390625,-3.953857421875
0.6815,2.692626953125,0.770751953125,-3.833740234375
0.682,2.652587890625,0.210205078125,-3.233154296875
0.6825,2.772705078125,-0.510498046875,-2.712646484375
0.683,2.972900390625,-1.431396484375,-2.072021484375
0.6835,3.213134765625,-2.072021484375,-1.631591796875
0.684,3.293212890625,-2.512451171875,-1.271240234375
0.6845,3.052978515625,-2.712646484375,-0.830810546875
0.685,2.492431640625,-2.752685546875,-0.190185546875
0.6855,1.851806640625,-2.952880859375,0.650634765625
0.686,1.291259765625,-3.273193359375,1.491455078125
0.6865,0.970947265625,-3.593505859375,2.172119140625
0.687,0.570556640625,-3.553466796875,2.492431640625
0.6875,0.050048828125,-3.153076171875,2.532470703125
0.688,-0.750732421875,-2.592529296875,2.732666015625
0.6885,-1.671630859375,-1.951904296875,3.052978515625
0.689,-2.312255859375,-1.511474609375,3.333251953125
0.6895,-2.712646484375,-1.191162109375,3.373291015625
0.69,-2.872802734375,-0.790771484375,3.173095703125
0.6905,-2.832763671875,-0.190185546875,2.532470703125
0.691,-2.992919921875,0.610595703125,1.931884765625
0.6915,-3.273193359375,1.411376953125,1.411376953125
0.692,-3.513427734375,2.092041015625,0.970947265625
0.6925,-3.433349609375,2.412353515625,0.610595703125
0.693,-3.072998046875,2.532470703125,0.090087890625
0.6935,-2.432373046875,2.692626953125,-0.670654296875
0.694,-1.791748046875,2.932861328125,-1.591552734375
0.6945,-1.311279296875,3.253173828125,-2.392333984375
0.695,-0.950927734375,3.493408203125,-2.952880859375
0.6955,-0.550537109375,3.293212890625,-3.193115234375
0.696,0.130126953125,2.692626953125,-3.233154296875
0.6965,0.970947265625,2.052001953125,-3.513427734375
0.697,1.891845703125,1.491455078125,-3.753662109375
0.6975,2.492431640625,1.131103515625,-3.993896484375
0.698,2.732666015625,0.770751953125,-3.913818359375
0.6985,2.772705078125,0.330322265625,-3.513427734375
0.699,2.772705078125,-0.350341796875,-2.872802734375
0.6995,2.932861328125,-1.231201171875,-2.192138671875
0.7,3.173095703125,-1.951904296875,-1.671630859375
0.7005,3.373291015625,-2.552490234375,-1.311279296875
0.701,3.173095703125,-2.712646484375,-0.950927734375
0.7015,2.612548828125,-2.792724609375,-0.310302734375
0.702,1.971923828125,-2.952880859375,0.450439453125
0.7025,1.371337890625,-3.233154296875,1.371337890625
0.703,0.970947265625,-3.553466796875,2.052001953125
0.7035,0.610595703125,-3.633544921875,2.532470703125
0.704,0.170166015625,-3.353271484375,2.652587890625
0.7045,-0.630615234375,-2.712646484375,2.692626953125
0.705,-1.431396484375,-2.031982421875,2.932861328125
0.7055,-2.232177734375,-1.511474609375,3.213134765625
0.706,-2.712646484375,-1.231201171875,3.453369140625
0.7065,-2.872802734375,-0.910888671875,3.213134765625
0.707,-2.872802734375,-0.350341796875,2.732666015625
0.7075,-2.952880859375,0.370361328125,2.132080078125
0.708,-3.153076171875,1.211181640625,1.491455078125
0.7085,-3.393310546875,1.931884765625,1.091064453125
0.709,-3.473388671875,2.372314453125,0.690673828125
0.7095,-3.193115234375,2.532470703125,0.290283203125
0.71,-2.592529296875,2.572509765625,-0.390380859375
0.7105,-2.031982421875,2.812744140625,-1.231201171875
0.711,-1.431396484375,3.173095703125,-2.112060546875
0.7115,-1.071044921875,3.373291015625,-2.752685546875
0.712,-0.710693359375,3.333251953125,-3.072998046875
0.7125,-0.230224609375,2.932861328125,-3.193115234375
0.713,0.610595703125,2.372314453125,-3.353271484375
0.7135,1.491455078125,1.771728515625,-3.593505859375
0.714,2.212158203125,1.291259765625,-3.873779296875
0.7145,2.652587890625,0.970947265625,-4.033935546875
0.715,2.732666015625,0.610595703125,-3.713623046875
0.7155,2.692626953125,0.010009765625,-3.153076171875
0.716,2.852783203125,-0.790771484375,-2.552490234375
0.7165,3.133056640625,-1.711669921875,-1.951904296875
0.717,3.333251953125,-2.312255859375,-1.551513671875
0.7175,3.333251953125,-2.672607421875,-1.151123046875
0.718,2.972900390625,-2.792724609375,-0.630615234375
0.7185,2.252197265625,-2.872802734375,0.130126953125
0.719,1.611572265625,-3.153076171875,1.010986328125
0.7195,1.091064453125,-3.513427734375,1.891845703125
0.72,0.770751953125,-3.753662109375,2.412353515625
0.7205,0.330322265625,-3.513427734375,2.612548828125
0.721,-0.350341796875,-2.912841796875,2.692626953125
0.7215,-1.191162109375,-2.272216796875,2.932861328125
0.722,-2.072021484375,-1.631591796875,3.213134765625
0.7225,-2.672607421875,-1.271240234375,3.453369140625
0.723,-2.952880859375,-0.950927734375,3.373291015625
0.7235,-2.952880859375,-0.510498046875,2.972900390625
0.724,-2.912841796875,0.250244140625,2.252197265625
0.7245,-3.113037109375,1.010986328125,1.651611328125
0.725,-3.393310546875,1.891845703125,1.091064453125
0.7255,-3.553466796875,2.412353515625,0.770751953125
0.726,-3.313232421875,2.572509765625,0.330322265625
0.7265,-2.832763671875,2.652587890625,-0.270263671875
0.727,-2.072021484375,2.812744140625,-1.151123046875
0.7275,-1.471435546875,3.052978515625,-1.991943359375
0.728,-1.071044921875,3.333251953125,-2.712646484375
0.7285,-0.710693359375,3.493408203125,-3.193115234375
0.729,-0.270263671875,3.133056640625,-3.233154296875
0.7295,0.490478515625,2.452392578125,-3.353271484375
0.73,1.411376953125,1.811767578125,-3.553466796875
0.7305,2.212158203125,1.291259765625,-3.873779296875
0.731,2.692626953125,0.970947265625,-3.993896484375
0.7315,2.852783203125,0.610595703125,-3.833740234375
0.732,2.812744140625,0.130126953125,-3.353271484375
0.7325,2.852783203125,-0.670654296875,-2.592529296875
0.733,3.052978515625,-1.511474609375,-1.991943359375
0.7335,3.293212890625,-2.272216796875,-1.511474609375
0.734,3.413330078125,-2.712646484375,-1.151123046875
0.7345,3.052978515625,-2.832763671875,-0.750732421875
0.735,2.372314453125,-2.992919921875,-0.030029296875
0.7355,1.771728515625,-3.153076171875,0.810791015625
0.736,1.211181640625,-3.433349609375,1.691650390625
0.7365,0.770751953125,-3.633544921875,2.372314453125
0.737,0.450439453125,-3.633544921875,2.692626953125
0.7375,-0.150146484375,-3.193115234375,2.812744140625
0.738,-0.990966796875,-2.432373046875,2.892822265625
0.7385,-1.871826171875,-1.831787109375,3.173095703125
0.739,-2.592529296875,-1.311279296875,3.453369140625
0.7395,-3.032958984375,-1.031005859375,3.533447265625
0.74,-3.072998046875,-0.630615234375,3.173095703125
0.7405,-3.072998046875,0.010009765625,2.572509765625
0.741,-3.153076171875,0.890869140625,1.851806640625
0.7415,-3.393310546875,1.731689453125,1.251220703125
0.742,-3.593505859375,2.372314453125,0.810791015625
0.7425,-3.553466796875,2.692626953125,0.450439453125
0.743,-3.032958984375,2.692626953125,-0.190185546875
0.7435,-2.312255859375,2.772705078125,-0.950927734375
0.744,-1.591552734375,3.052978515625,-1.871826171875
0.7445,-1.111083984375,3.413330078125,-2.712646484375
0.745,-0.710693359375,3.573486328125,-3.193115234375
0.7455,-0.310302734375,3.333251953125,-3.393310546875
0.746,0.370361328125,2.692626953125,-3.473388671875
0.7465,1.331298828125,1.931884765625,-3.593505859375
0.747,2.132080078125,1.291259765625,-3.833740234375
0.7475,2.772705078125,0.890869140625,-4.033935546875
0.748,3.012939453125,0.610595703125,-3.993896484375
0.7485,2.892822265625,0.130126953125,-3.473388671875
0.749,2.892822265625,-0.590576171875,-2.752685546875
0.7495,3.052978515625,-1.431396484375,-2.031982421875
0.75,3.253173828125,-2.272216796875,-1.511474609375
0.7505,3.373291015625,-2.712646484375,-1.151123046875
0.751,3.213134765625,-2.912841796875,-0.750732421875
0.7515,2.652587890625,-2.992919921875,-0.230224609375
0.752,1.851806640625,-3.072998046875,0.650634765625
0.7525,1.251220703125,-3.273193359375,1.531494140625
0.753,0.770751953125,-3.593505859375,2.292236328125
0.7535,0.490478515625,-3.673583984375,2.692626953125
0.754,0.010009765625,-3.273193359375,2.812744140625
0.7545,-0.710693359375,-2.672607421875,2.892822265625
0.755,-1.631591796875,-1.951904296875,3.052978515625
0.7555,-2.392333984375,-1.431396484375,3.333251953125
0.756,-2.912841796875,-1.071044921875,3.493408203125
0.7565,-3.113037109375,-0.790771484375,3.373291015625
0.757,-3.072998046875,-0.270263671875,2.812744140625
0.7575,-3.072998046875,0.530517578125,2.092041015625
0.758,-3.273193359375,1.411376953125,1.451416015625
0.7585,-3.553466796875,2.212158203125,0.970947265625
0.759,-3.593505859375,2.532470703125,0.610595703125
0.7595,-3.233154296875,2.692626953125,0.130126953125
0.76,-2.672607421875,2.772705078125,-0.510498046875
0.7605,-1.911865234375,2.972900390625,-1.471435546875
0.761,-1.311279296875,3.253173828125,-2.312255859375
0.7615,-0.910888671875,3.533447265625,-3.072998046875
0.762,-0.590576171875,3.533447265625,-3.353271484375
0.7625,0.050048828125,3.012939453125,-3.393310546875
0.763,0.890869140625,2.292236328125,-3.553466796875
0.7635,1.811767578125,1.571533203125,-3.753662109375
0.764,2.532470703125,1.131103515625,-3.993896484375
0.7645,2.892822265625,0.770751953125,-4.033935546875
0.765,2.932861328125,0.450439453125,-3.793701171875
0.7655,2.892822265625,-0.270263671875,-3.113037109375
0.766,2.932861328125,-1.111083984375,-2.312255859375
0.7665,3.173095703125,-1.911865234375,-1.791748046875
0.767,3.453369140625,-2.592529296875,-1.311279296875
0.7675,3.373291015625,-2.912841796875,-0.990966796875
0.768,2.852783203125,-2.952880859375,-0.470458984375
0.7685,2.252197265625,-3.032958984375,0.290283203125
0.769,1.451416015625,-3.193115234375,1.251220703125
0.7695,0.970947265625,-3.513427734375,2.052001953125
0.77,0.610595703125,-3.673583984375,2.572509765625
0.7705,0.250244140625,-3.553466796875,2.812744140625
0.771,-0.470458984375,-2.912841796875,2.852783203125
0.7715,-1.311279296875,-2.232177734375,3.012939453125
0.772,-2.192138671875,-1.591552734375,3.253173828125
0.7725,-2.832763671875,-1.231201171875,3.533447265625
0.773,-3.072998046875,-0.910888671875,3.453369140625
0.7735,-3.072998046875,-0.470458984375,3.012939453125
0.774,-3.072998046875,0.250244140625,2.372314453125
0.7745,-3.153076171875,1.131103515625,1.611572265625
0.775,-3.393310546875,1.851806640625,1.131103515625
0.7755,-3.553466796875,2.452392578125,0.650634765625
0.776,-3.473388671875,2.692626953125,0.330322265625
0.7765,-2.832763671875,2.692626953125,-0.270263671875
0.777,-2.192138671875,2.852783203125,-1.111083984375
0.7775,-1.471435546875,3.093017578125,-2.031982421875
0.778,-1.071044921875,3.413330078125,-2.752685546875
0.7785,-0.710693359375,3.493408203125,-3.193115234375
0.779,-0.270263671875,3.253173828125,-3.353271484375
0.7795,0.490478515625,2.572509765625,-3.433349609375
0.78,1.411376953125,1.851806640625,-3.593505859375
0.7805,2.172119140625,1.291259765625,-3.873779296875
0.781,2.772705078125,0.970947265625,-4.114013671875
0.7815,2.892822265625,0.650634765625,-3.913818359375
0.782,2.852783203125,0.130126953125,-3.353271484375
0.7825,2.892822265625,-0.630615234375,-2.712646484375
0.783,3.093017578125,-1.591552734375,-1.991943359375
0.7835,3.333251953125,-2.272216796875,-1.551513671875
0.784,3.373291015625,-2.752685546875,-1.151123046875
0.7845,3.173095703125,-2.872802734375,-0.790771484375
0.785,2.492431640625,-2.872802734375,-0.150146484375
0.7855,1.811767578125,-3.072998046875,0.770751953125
0.786,1.251220703125,-3.353271484375,1.651611328125
0.7865,0.810791015625,-3.673583984375,2.372314453125
0.787,0.450439453125,-3.593505859375,2.612548828125
0.7875,-0.070068359375,-3.193115234375,2.732666015625
0.788,-0.830810546875,-2.552490234375,2.932861328125
0.7885,-1.791748046875,-1.871826171875,3.133056640625
0.789,-2.472412109375,-1.431396484375,3.373291015625
0.7895,-2.952880859375,-1.031005859375,3.493408203125
0.79,-3.072998046875,-0.710693359375,3.253173828125
0.7905,-2.952880859375,-0.110107421875,2.572509765625
0.791,-3.113037109375,0.650634765625,1.931884765625
0.7915,-3.353271484375,1.571533203125,1.331298828125
0.792,-3.513427734375,2.252197265625,0.770751953125
0.7925,-3.513427734375,2.572509765625,0.530517578125
0.793,-3.153076171875,2.692626953125,0.010009765625
0.7935,-2.472412109375,2.812744140625,-0.710693359375
0.794,-1.711669921875,3.012939453125,-1.671630859375
0.7945,-1.231201171875,3.333251953125,-2.512451171875
0.795,-0.830810546875,3.573486328125,-3.153076171875
0.7955,-0.470458984375,3.373291015625,-3.313232421875
0.796,0.210205078125,2.772705078125,-3.353271484375
0.7965,1.051025390625,2.132080078125,-3.553466796875
0.797,1.971923828125,1.451416015625,-3.833740234375
0.7975,2.572509765625,1.051025390625,-4.033935546875
0.798,2.852783203125,0.690673828125,-3.953857421875
0.7985,2.892822265625,0.330322265625,-3.593505859375
0.799,2.852783203125,-0.390380859375,-2.872802734375
0.7995,2.932861328125,-1.271240234375,-2.232177734375
0.8,3.253173828125,-1.951904296875,-1.631591796875
0.8005,3.373291015625,-2.592529296875,-1.271240234375
0.801,3.173095703125,-2.752685546875,-0.950927734375
0.8015,2.692626953125,-2.832763671875,-0.390380859375
0.802,2.092041015625,-2.952880859375,0.410400390625
0.8025,1.411376953125,-3.193115234375,1.291259765625
0.803,0.970947265625,-3.473388671875,2.011962890625
0.8035,0.610595703125,-3.633544921875,2.532470703125
0.804,0.250244140625,-3.353271484375,2.692626953125
0.8045,-0.510498046875,-2.752685546875,2.692626953125
0.805,-1.271240234375,-2.192138671875,2.932861328125
0.8055,-2.112060546875,-1.591552734375,3.213134765625
0.806,-2.672607421875,-1.271240234375,3.453369140625
0.8065,-2.872802734375,-0.990966796875,3.293212890625
0.807,-2.872802734375,-0.510498046875,2.892822265625
0.8075,-2.952880859375,0.210205078125,2.252197265625
0.808,-3.153076171875,1.051025390625,1.651611328125
0.8085,-3.393310546875,1.771728515625,1.211181640625
0.809,-3.553466796875,2.372314453125,0.770751953125
0.8095,-3.313232421875,2.532470703125,0.410400390625
0.81,-2.752685546875,2.612548828125,-0.270263671875
0.8105,-2.192138671875,2.852783203125,-1.071044921875
0.811,-1.551513671875,3.133056640625,-1.991943359375
0.8115,-1.151123046875,3.453369140625,-2.632568359375
0.812,-0.790771484375,3.453369140625,-3.072998046875
0.8125,-0.310302734375,3.133056640625,-3.193115234375
0.813,0.530517578125,2.452392578125,-3.353271484375
0.8135,1.411376953125,1.851806640625,-3.593505859375
0.814,2.172119140625,1.331298828125,-3.873779296875
0.8145,2.652587890625,1.010986328125,-4.073974609375
0.815,2.732666015625,0.610595703125,-3.793701171875
0.8155,2.732666015625,0.010009765625,-3.193115234375
0.816,2.852783203125,-0.750732421875,-2.592529296875
0.8165,3.093017578125,-1.591552734375,-1.951904296875
0.817,3.333251953125,-2.272216796875,-1.551513671875
0.8175,3.333251953125,-2.672607421875,-1.151123046875
0.818,3.012939453125,-2.792724609375,-0.710693359375
0.8185,2.292236328125,-2.832763671875,0.010009765625
0.819,1.691650390625,-3.072998046875,0.890869140625
0.8195,1.131103515625,-3.353271484375,1.731689453125
0.82,0.810791015625,-3.593505859375,2.292236328125
0.8205,0.410400390625,-3.433349609375,2.532470703125
0.821,-0.150146484375,-2.952880859375,2.612548828125
0.8215,-0.990966796875,-2.312255859375,2.812744140625
0.822,-1.791748046875,-1.791748046875,3.052978515625
0.8225,-2.432373046875,-1.391357421875,3.253173828125
0.823,-2.752685546875,-1.151123046875,3.333251953125
0.8235,-2.792724609375,-0.750732421875,3.012939453125
0.824,-2.832763671875,-0.150146484375,2.372314453125
0.8245,-2.952880859375,0.650634765625,1.891845703125
0.825,-3.193115234375,1.451416015625,1.331298828125
0.8255,-3.393310546875,2.011962890625,0.970947265625
0.826,-3.313232421875,2.292236328125,0.610595703125
0.8265,-2.952880859375,2.492431640625,0.090087890625
0.827,-2.392333984375,2.612548828125,-0.630615234375
0.8275,-1.791748046875,2.852783203125,-1.471435546875
0.828,-1.391357421875,3.173095703125,-2.232177734375
0.8285,-1.031005859375,3.413330078125,-2.792724609375
0.829,-0.630615234375,3.173095703125,-2.992919921875
0.8295,0.010009765625,2.692626953125,-3.153076171875
0.83,0.810791015625,2.172119140625,-3.353271484375
0.8305,1.651611328125,1.651611328125,-3.673583984375
0.831,2.252197265625,1.291259765625,-3.913818359375
0.8315,2.532470703125,0.930908203125,-3.873779296875
0.832,2.612548828125,0.450439453125,-3.553466796875
0.8325,2.692626953125,-0.190185546875,-2.912841796875
0.833,2.892822265625,-0.990966796875,-2.392333984375
0.8335,3.213134765625,-1.791748046875,-1.911865234375
0.834,3.373291015625,-2.352294921875,-1.511474609375
0.8345,3.173095703125,-2.592529296875,-1.111083984375
0.835,2.692626953125,-2.712646484375,-0.470458984375
0.8355,2.092041015625,-2.912841796875,0.370361328125
0.836,1.531494140625,-3.233154296875,1.251220703125
0.8365,1.091064453125,-3.553466796875,1.931884765625
0.837,0.690673828125,-3.633544921875,2.412353515625
0.8375,0.250244140625,-3.273193359375,2.532470703125
0.838,-0.590576171875,-2.632568359375,2.692626953125
0.8385,-1.431396484375,-2.072021484375,2.932861328125
0.839,-2.232177734375,-1.591552734375,3.253173828125
0.8395,-2.672607421875,-1.311279296875,3.413330078125
0.84,-2.832763671875,-0.950927734375,3.133056640625
0.8405,-2.832763671875,-0.350341796875,2.692626953125
0.841,-2.912841796875,0.450439453125,2.011962890625
0.8415,-3.153076171875,1.251220703125,1.491455078125
0.842,-3.353271484375,1.931884765625,1.051025390625
0.8425,-3.473388671875,2.372314453125,0.690673828125
0.843,-3.072998046875,2.412353515625,0.250244140625
0.8435,-2.472412109375,2.532470703125,-0.510498046875
0.844,-1.911865234375,2.812744140625,-1.311279296875
0.8445,-1.431396484375,3.133056640625,-2.112060546875
0.845,-1.031005859375,3.333251953125,-2.672607421875
0.8455,-0.630615234375,3.253173828125,-2.992919921875
0.846,-0.150146484375,2.852783203125,-3.113037109375
0.8465,0.690673828125,2.212158203125,-3.273193359375
0.847,1.491455078125,1.651611328125,-3.553466796875
0.8475,2.172119140625,1.251220703125,-3.833740234375
0.848,2.492431640625,0.970947265625,-3.913818359375
0.8485,2.572509765625,0.610595703125,-3.553466796875
0.849,2.612548828125,0.010009765625,-3.032958984375
0.8495,2.812744140625,-0.750732421875,-2.512451171875
0.85,3.052978515625,-1.551513671875,-1.951904296875
0.8505,3.213134765625,-2.112060546875,-1.591552734375
0.851,3.173095703125,-2.512451171875,-1.231201171875
0.8515,2.852783203125,-2.632568359375,-0.710693359375
0.852,2.252197265625,-2.752685546875,0.050048828125
0.8525,1.731689453125,-3.032958984375,0.850830078125
0.853,1.251220703125,-3.393310546875,1.611572265625
0.8535,0.930908203125,-3.593505859375,2.172119140625
0.854,0.490478515625,-3.353271484375,2.412353515625
0.8545,-0.150146484375,-2.912841796875,2.572509765625
0.855,-0.990966796875,-2.392333984375,2.812744140625
0.8555,-1.791748046875,-1.911865234375,3.133056640625
0.856,-2.432373046875,-1.551513671875,3.333251953125
0.8565,-2.712646484375,-1.151123046875,3.333251953125
0.857,-2.792724609375,-0.670654296875,2.932861328125
0.8575,-2.872802734375,0.050048828125,2.372314453125
0.858,-3.072998046875,0.810791015625,1.811767578125
0.8585,-3.393310546875,1.651611328125,1.291259765625
0.859,-3.513427734375,2.172119140625,0.930908203125
0.8595,-3.273193359375,2.412353515625,0.490478515625
0.86,-2.832763671875,2.532470703125,-0.150146484375
0.8605,-2.152099609375,2.732666015625,-1.031005859375
0.861,-1.631591796875,3.052978515625,-1.871826171875
0.8615,-1.191162109375,3.373291015625,-2.592529296875
0.862,-0.830810546875,3.493408203125,-3.032958984375
0.8625,-0.310302734375,3.052978515625,-3.153076171875
0.863,0.490478515625,2.412353515625,-3.313232421875
0.8635,1.371337890625,1.771728515625,-3.593505859375
0.864,2.092041015625,1.291259765625,-3.873779296875
0.8645,2.572509765625,1.010986328125,-3.953857421875
0.865,2.692626953125,0.610595703125,-3.713623046875
0.8655,2.692626953125,0.130126953125,-3.193115234375
0.866,2.772705078125,-0.670654296875,-2.512451171875
0.8665,3.012939453125,-1.471435546875,-1.951904296875
0.867,3.213134765625,-2.232177734375,-1.511474609375
0.8675,3.253173828125,-2.592529296875,-1.231201171875
0.868,2.892822265625,-2.672607421875,-0.710693359375
0.8685,2.372314453125,-2.752685546875,-0.070068359375
0.869,1.651611328125,-2.952880859375,0.810791015625
0.8695,1.211181640625,-3.273193359375,1.571533203125
0.87,0.850830078125,-3.513427734375,2.172119140625
0.8705,0.490478515625,-3.473388671875,2.492431640625
0.871,-0.110107421875,-3.072998046875,2.532470703125
0.8715,-0.870849609375,-2.432373046875,2.732666015625
0.872,-1.631591796875,-1.911865234375,2.972900390625
0.8725,-2.352294921875,-1.471435546875,3.293212890625
0.873,-2.712646484375,-1.191162109375,3.333251953125
0.8735,-2.792724609375,-0.750732421875,3.052978515625
0.874,-2.832763671875,-0.190185546875,2.532470703125
0.8745,-2.952880859375,0.610595703125,1.931884765625
0.875,-3.193115234375,1.331298828125,1.411376953125
0.8755,-3.473388671875,1.971923828125,1.010986328125
0.876,-3.433349609375,2.372314453125,0.650634765625
0.8765,-3.032958984375,2.492431640625,0.130126953125
0.877,-2.432373046875,2.612548828125,-0.630615234375
0.8775,-1.871826171875,2.932861328125,-1.471435546875
0.878,-1.391357421875,3.293212890625,-2.272216796875
0.8785,-1.031005859375,3.493408203125,-2.832763671875
0.879,-0.630615234375,3.213134765625,-3.113037109375
0.8795,0.050048828125,2.732666015625,-3.233154296875
0.88,0.930908203125,2.052001953125,-3.473388671875
0.8805,1.731689453125,1.611572265625,-3.753662109375
0.881,2.412353515625,1.211181640625,-3.993896484375
0.8815,2.692626953125,0.930908203125,-3.993896484375
0.882,2.692626953125,0.370361328125,-3.473388671875
0.8825,2.812744140625,-0.310302734375,-2.872802734375
0.883,3.012939453125,-1.231201171875,-2.232177734375
0.8835,3.253173828125,-1.991943359375,-1.751708984375
0.884,3.333251953125,-2.512451171875,-1.351318359375
0.8845,3.173095703125,-2.752685546875,-0.990966796875
0.885,2.612548828125,-2.792724609375,-0.350341796875
0.8855,1.931884765625,-2.952880859375,0.570556640625
0.886,1.331298828125,-3.233154296875,1.411376953125
0.8865,0.930908203125,-3.593505859375,2.172119140625
0.887,0.570556640625,-3.593505859375,2.532470703125
0.8875,0.050048828125,-3.233154296875,2.612548828125
0.888,-0.710693359375,-2.632568359375,2.732666015625
0.8885,-1.591552734375,-1.911865234375,3.012939453125
0.889,-2.312255859375,-1.431396484375,3.253173828125
0.8895,-2.792724609375,-1.111083984375,3.373291015625
0.89,-2.912841796875,-0.790771484375,3.173095703125
0.8905,-2.832763671875,-0.270263671875,2.572509765625
0.891,-2.912841796875,0.530517578125,1.971923828125
0.8915,-3.153076171875,1.291259765625,1.411376953125
0.892,-3.393310546875,2.011962890625,0.970947265625
0.8925,-3.393310546875,2.372314453125,0.650634765625
0.893,-3.072998046875,2.532470703125,0.170166015625
0.8935,-2.552490234375,2.572509765625,-0.470458984375
0.894,-1.871826171875,2.812744140625,-1.311279296875
0.8945,-1.391357421875,3.133056640625,-2.112060546875
0.895,-0.990966796875,3.333251953125,-2.752685546875
0.8955,-0.670654296875,3.333251953125,-3.072998046875
0.896,-0.150146484375,2.852783203125,-3.153076171875
0.8965,0.650634765625,2.332275390625,-3.353271484375
0.897,1.531494140625,1.731689453125,-3.593505859375
0.8975,2.212158203125,1.291259765625,-3.873779296875
0.898,2.572509765625,0.970947265625,-3.953857421875
0.8985,2.732666015625,0.610595703125,-3.713623046875
0.899,2.732666015625,0.010009765625,-3.153076171875
0.8995,2.852783203125,-0.790771484375,-2.472412109375
0.9,3.133056640625,-1.631591796875,-1.951904296875
0.9005,3.333251953125,-2.312255859375,-1.551513671875
0.901,3.333251953125,-2.592529296875,-1.191162109375
0.9015,2.852783203125,-2.712646484375,-0.630615234375
0.902,2.292236328125,-2.912841796875,0.090087890625
0.9025,1.611572265625,-3.153076171875,1.051025390625
0.903,1.211181640625,-3.513427734375,1.811767578125
0.9035,0.810791015625,-3.713623046875,2.372314453125
0.904,0.370361328125,-3.553466796875,2.612548828125
0.9045,-0.310302734375,-2.872802734375,2.692626953125
0.905,-1.191162109375,-2.272216796875,2.932861328125
0.9055,-2.072021484375,-1.671630859375,3.213134765625
0.906,-2.712646484375,-1.311279296875,3.533447265625
0.9065,-2.912841796875,-0.990966796875,3.373291015625
0.907,-2.952880859375,-0.510498046875,2.932861328125
0.9075,-2.952880859375,0.250244140625,2.292236328125
0.908,-3.193115234375,1.131103515625,1.571533203125
0.9085,-3.433349609375,1.931884765625,1.131103515625
0.909,-3.553466796875,2.452392578125,0.690673828125
0.9095,-3.353271484375,2.612548828125,0.330322265625
0.91,-2.712646484375,2.612548828125,-0.310302734375
0.9105,-2.072021484375,2.852783203125,-1.151123046875
0.911,-1.431396484375,3.093017578125,-2.112060546875
0.9115,-0.990966796875,3.373291015625,-2.832763671875
0.912,-0.670654296875,3.333251953125,-3.193115234375
0.9125,-0.230224609375,3.052978515625,-3.273193359375
0.913,0.610595703125,2.412353515625,-3.353271484375
0.9135,1.451416015625,1.731689453125,-3.553466796875
0.914,2.252197265625,1.211181640625,-3.833740234375
0.9145,2.732666015625,0.930908203125,-3.993896484375
0.915,2.812744140625,0.570556640625,-3.793701171875
0.9155,2.732666015625,0.050048828125,-3.193115234375
0.916,2.852783203125,-0.710693359375,-2.592529296875
0.9165,3.052978515625,-1.591552734375,-1.911865234375
0.917,3.293212890625,-2.272216796875,-1.471435546875
0.9175,3.333251953125,-2.672607421875,-1.151123046875
0.918,3.052978515625,-2.832763671875,-0.710693359375
0.9185,2.412353515625,-2.872802734375,0.010009765625
0.919,1.771728515625,-3.072998046875,0.810791015625
0.9195,1.211181640625,-3.393310546875,1.651611328125
0.92,0.810791015625,-3.713623046875,2.292236328125
0.9205,0.450439453125,-3.553466796875,2.612548828125
0.921,-0.110107421875,-3.153076171875,2.732666015625
0.9215,-0.910888671875,-2.512451171875,2.892822265625
0.922,-1.831787109375,-1.871826171875,3.173095703125
0.9225,-2.512451171875,-1.431396484375,3.413330078125
0.923,-2.952880859375,-1.071044921875,3.533447265625
0.9235,-3.032958984375,-0.710693359375,3.213134765625
0.924,-2.952880859375,0.010009765625,2.532470703125
0.9245,-3.153076171875,0.770751953125,1.931884765625
0.925,-3.353271484375,1.651611328125,1.291259765625
0.9255,-3.633544921875,2.292236328125,0.890869140625
0.926,-3.513427734375,2.612548828125,0.490478515625
0.9265,-3.072998046875,2.692626953125,0.010009765625
0.927,-2.312255859375,2.772705078125,-0.910888671875
0.9275,-1.671630859375,3.052978515625,-1.831787109375
0.928,-1.151123046875,3.333251953125,-2.632568359375
0.9285,-0.790771484375,3.613525390625,-3.193115234375
0.929,-0.350341796875,3.333251953125,-3.393310546875
0.9295,0.370361328125,2.652587890625,-3.393310546875
0.93,1.291259765625,1.971923828125,-3.633544921875
0.9305,2.212158203125,1.331298828125,-3.913818359375
0.931,2.772705078125,0.970947265625,-4.114013671875
0.9315,3.012939453125,0.610595703125,-3.953857421875
0.932,2.932861328125,0.170166015625,-3.513427734375
0.9325,2.892822265625,-0.630615234375,-2.712646484375
0.933,3.052978515625,-1.471435546875,-1.991943359375
0.9335,3.293212890625,-2.312255859375,-1.471435546875
0.934,3.413330078125,-2.832763671875,-1.151123046875
0.9345,3.133056640625,-2.912841796875,-0.710693359375
0.935,2.532470703125,-2.952880859375,-0.150146484375
0.9355,1.851806640625,-3.113037109375,0.770751953125
0.936,1.131103515625,-3.353271484375,1.651611328125
0.9365,0.770751953125,-3.553466796875,2.332275390625
0.937,0.410400390625,-3.633544921875,2.732666015625
0.9375,-0.070068359375,-3.273193359375,2.852783203125
0.938,-0.830810546875,-2.552490234375,2.852783203125
0.9385,-1.671630859375,-1.951904296875,3.093017578125
0.939,-2.512451171875,-1.351318359375,3.333251953125
0.9395,-2.952880859375,-1.071044921875,3.533447265625
0.94,-3.072998046875,-0.670654296875,3.253173828125
0.9405,-3.032958984375,-0.190185546875,2.732666015625
0.941,-3.072998046875,0.610595703125,2.011962890625
0.9415,-3.233154296875,1.411376953125,1.411376953125
0.942,-3.513427734375,2.132080078125,0.970947265625
0.9425,-3.553466796875,2.612548828125,0.570556640625
0.943,-3.233154296875,2.652587890625,0.130126953125
0.9435,-2.552490234375,2.692626953125,-0.590576171875
0.944,-1.951904296875,2.932861328125,-1.471435546875
0.9445,-1.311279296875,3.293212890625,-2.392333984375
0.945,-0.950927734375,3.533447265625,-3.032958984375
0.9455,-0.510498046875,3.493408203125,-3.353271484375
0.946,0.010009765625,3.052978515625,-3.433349609375
0.9465,0.930908203125,2.252197265625,-3.553466796875
0.947,1.771728515625,1.611572265625,-3.833740234375
0.9475,2.572509765625,1.131103515625,-4.033935546875
0.948,2.972900390625,0.810791015625,-4.194091796875
0.9485,2.972900390625,0.370361328125,-3.713623046875
0.949,2.932861328125,-0.310302734375,-3.072998046875
0.9495,3.052978515625,-1.151123046875,-2.352294921875
0.95,3.253173828125,-2.031982421875,-1.711669921875
0.9505,3.453369140625,-2.632568359375,-1.311279296875
0.951,3.373291015625,-2.992919921875,-0.910888671875
0.9515,2.852783203125,-3.032958984375,-0.430419921875
0.952,2.052001953125,-3.072998046875,0.410400390625
0.9525,1.411376953125,-3.233154296875,1.331298828125
0.953,0.890869140625,-3.553466796875,2.212158203125
0.9535,0.530517578125,-3.713623046875,2.692626953125
0.954,0.090087890625,-3.393310546875,2.772705078125
0.9545,-0.590576171875,-2.832763671875,2.852783203125
0.955,-1.471435546875,-2.031982421875,3.012939453125
0.9555,-2.272216796875,-1.471435546875,3.253173828125
0.956,-2.872802734375,-1.111083984375,3.413330078125
0.9565,-3.072998046875,-0.830810546875,3.373291015625
0.957,-2.992919921875,-0.390380859375,2.852783203125
0.9575,-2.952880859375,0.330322265625,2.212158203125
0.958,-3.153076171875,1.131103515625,1.571533203125
0.9585,-3.393310546875,1.931884765625,1.051025390625
0.959,-3.553466796875,2.412353515625,0.690673828125
0.9595,-3.273193359375,2.612548828125,0.290283203125
0.96,-2.872802734375,2.652587890625,-0.310302734375
0.9605,-2.072021484375,2.852783203125,-1.151123046875
0.961,-1.471435546875,3.093017578125,-1.991943359375
0.9615,-1.031005859375,3.413330078125,-2.752685546875
0.962,-0.710693359375,3.573486328125,-3.193115234375
0.9625,-0.270263671875,3.173095703125,-3.313232421875
0.963,0.490478515625,2.532470703125,-3.393310546875
0.9635,1.411376953125,1.851806640625,-3.633544921875
0.964,2.212158203125,1.331298828125,-3.913818359375
0.9645,2.692626953125,0.970947265625,-4.073974609375
0.965,2.932861328125,0.610595703125,-3.913818359375
0.9655,2.892822265625,0.130126953125,-3.393310546875
0.966,2.892822265625,-0.710693359375,-2.632568359375
0.9665,3.133056640625,-1.551513671875,-2.072021484375
0.967,3.413330078125,-2.432373046875,-1.551513671875
0.9675,3.453369140625,-2.832763671875,-1.191162109375
0.968,3.052978515625,-2.952880859375,-0.710693359375
0.9685,2.532470703125,-2.952880859375,0.010009765625
0.969,1.731689453125,-3.153076171875,0.970947265625
0.9695,1.171142578125,-3.433349609375,1.771728515625
0.97,0.770751953125,-3.713623046875,2.452392578125
0.9705,0.410400390625,-3.673583984375,2.772705078125
0.971,-0.230224609375,-3.113037109375,2.812744140625
0.9715,-1.071044921875,-2.432373046875,2.932861328125
0.972,-1.951904296875,-1.751708984375,3.173095703125
0.9725,-2.672607421875,-1.271240234375,3.453369140625
0.973,-2.992919921875,-0.990966796875,3.493408203125
0.9735,-3.072998046875,-0.590576171875,3.133056640625
0.974,-3.032958984375,0.050048828125,2.532470703125
0.9745,-3.072998046875,0.930908203125,1.731689453125
0.975,-3.273193359375,1.651611328125,1.211181640625
0.9755,-3.553466796875,2.332275390625,0.770751953125
0.976,-3.513427734375,2.612548828125,0.450439453125
0.9765,-2.952880859375,2.652587890625,-0.070068359375
0.977,-2.312255859375,2.772705078125,-0.870849609375
0.9775,-1.591552734375,3.012939453125,-1.791748046875
0.978,-1.151123046875,3.333251953125,-2.552490234375
0.9785,-0.790771484375,3.453369140625,-3.072998046875
0.979,-0.430419921875,3.333251953125,-3.273193359375
0.9795,0.290283203125,2.732666015625,-3.353271484375
0.98,1.131103515625,2.011962890625,-3.513427734375
0.9805,1.931884765625,1.451416015625,-3.793701171875
0.981,2.612548828125,1.051025390625,-4.033935546875
0.9815,2.852783203125,0.770751953125,-3.993896484375
0.982,2.852783203125,0.290283203125,-3.553466796875
0.9825,2.852783203125,-0.390380859375,-2.912841796875
0.983,3.012939453125,-1.311279296875,-2.192138671875
0.9835,3.253173828125,-2.072021484375,-1.671630859375
0.984,3.373291015625,-2.632568359375,-1.271240234375
0.9845,3.293212890625,-2.872802734375,-0.910888671875
0.985,2.732666015625,-2.872802734375,-0.350341796875
0.9855,2.052001953125,-3.032958984375,0.530517578125
0.986,1.371337890625,-3.273193359375,1.411376953125
0.9865,0.930908203125,-3.633544921875,2.212158203125
0.987,0.610595703125,-3.673583984375,2.612548828125
0.9875,0.130126953125,-3.353271484375,2.732666015625
0.988,-0.630615234375,-2.752685546875,2.852783203125
0.9885,-1.551513671875,-1.991943359375,3.052978515625
0.989,-2.312255859375,-1.511474609375,3.333251953125
0.9895,-2.872802734375,-1.151123046875,3.493408203125
0.99,-2.992919921875,-0.830810546875,3.333251953125
0.9905,-2.912841796875,-0.310302734375,2.732666015625
0.991,-2.992919921875,0.450439453125,2.092041015625
0.9915,-3.193115234375,1.291259765625,1.411376953125
0.992,-3.513427734375,1.971923828125,0.970947265625
0.9925,-3.513427734375,2.452392578125,0.650634765625
0.993,-3.233154296875,2.612548828125,0.210205078125
0.9935,-2.632568359375,2.652587890625,-0.470458984375
0.994,-1.951904296875,2.852783203125,-1.311279296875
0.9945,-1.351318359375,3.173095703125,-2.192138671875
0.995,-0.990966796875,3.453369140625,-2.872802734375
0.9955,-0.670654296875,3.453369140625,-3.153076171875
0.996,-0.150146484375,2.932861328125,-3.193115234375
0.9965,0.650634765625,2.372314453125,-3.393310546875
0.997,1.571533203125,1.691650390625,-3.633544921875
0.9975,2.252197265625,1.291259765625,-3.873779296875
0.998,2.692626953125,0.930908203125,-3.993896484375
0.9985,2.812744140625,0.570556640625,-3.793701171875
0.999,2.732666015625,-0.070068359375,-3.153076171875
0.9995,2.852783203125,-0.830810546875,-2.512451171875
