wavelength,x,y,z
0.0,1.10107421875,-3.90380859375,2.30224609375
0.0005,0.50048828125,-3.74365234375,2.62255859375
0.001,0.10009765625,-3.66357421875,2.94287109375
0.0015,-0.58056640625,-3.18310546875,3.06298828125
0.002,-1.26123046875,-2.58251953125,3.26318359375
0.0025,-2.10205078125,-1.78173828125,3.26318359375
0.003,-2.54248046875,-1.10107421875,3.02294921875
0.0035,-2.82275390625,-0.50048828125,2.74267578125
0.004,-3.26318359375,0.02001953125,2.74267578125
0.0045,-3.46337890625,0.74072265625,2.18212890625
0.005,-3.54345703125,1.58154296875,1.42138671875
0.0055,-3.50341796875,2.22216796875,0.74072265625
0.006,-3.30322265625,2.70263671875,0.14013671875
0.0065,-3.14306640625,3.02294921875,-0.34033203125
0.007,-2.86279296875,3.38330078125,-0.98095703125
0.0075,-2.30224609375,3.66357421875,-1.78173828125
0.008,-1.42138671875,3.66357421875,-2.62255859375
0.0085,-0.90087890625,3.38330078125,-2.90283203125
0.009,-0.42041015625,3.22314453125,-3.18310546875
0.0095,0.02001953125,3.10302734375,-3.54345703125
0.01,0.74072265625,2.54248046875,-3.54345703125
0.0105,1.50146484375,1.94189453125,-3.70361328125
0.011,2.26220703125,1.10107421875,-3.66357421875
0.0115,2.58251953125,0.46044921875,-3.34326171875
0.012,2.86279296875,0.02001953125,-3.14306640625
0.0125,3.22314453125,-0.62060546875,-2.98291015625
0.013,3.38330078125,-1.42138671875,-2.34228515625
0.0135,3.38330078125,-2.26220703125,-1.54150390625
0.014,3.22314453125,-2.74267578125,-0.94091796875
0.0145,3.14306640625,-3.18310546875,-0.38037109375
0.015,3.02294921875,-3.54345703125,0.10009765625
0.0155,2.54248046875,-3.78369140625,0.82080078125
0.016,1.98193359375,-4.02392578125,1.58154296875
0.0165,1.14111328125,-4.02392578125,2.34228515625
0.017,0.62060546875,-3.78369140625,2.54248046875
0.0175,0.18017578125,-3.58349609375,2.74267578125
0.018,-0.30029296875,-3.38330078125,3.14306640625
0.0185,-1.02099609375,-2.70263671875,3.14306640625
0.019,-1.78173828125,-2.06201171875,3.18310546875
0.0195,-2.38232421875,-1.30126953125,3.06298828125
0.02,-2.70263671875,-0.70068359375,2.82275390625
0.0205,-2.98291015625,-0.26025390625,2.62255859375
0.021,-3.26318359375,0.34033203125,2.42236328125
0.0215,-3.46337890625,1.14111328125,1.78173828125
0.022,-3.42333984375,1.90185546875,0.98095703125
0.0225,-3.18310546875,2.26220703125,0.46044921875
0.023,-3.14306640625,2.70263671875,-0.02001953125
0.0235,-3.06298828125,3.14306640625,-0.58056640625
0.024,-2.46240234375,3.26318359375,-1.26123046875
0.0245,-1.98193359375,3.46337890625,-1.94189453125
0.025,-1.22119140625,3.38330078125,-2.58251953125
0.0255,-0.78076171875,3.14306640625,-2.82275390625
0.026,-0.34033203125,3.02294921875,-3.06298828125
0.0265,0.18017578125,2.90283203125,-3.38330078125
0.027,0.94091796875,2.26220703125,-3.46337890625
0.0275,1.58154296875,1.58154296875,-3.46337890625
0.028,2.06201171875,0.94091796875,-3.26318359375
0.0285,2.46240234375,0.34033203125,-3.14306640625
0.029,2.74267578125,-0.10009765625,-2.98291015625
0.0295,2.98291015625,-0.70068359375,-2.62255859375
0.03,3.18310546875,-1.42138671875,-2.14208984375
0.0305,3.14306640625,-2.18212890625,-1.34130859375
0.031,2.94287109375,-2.50244140625,-0.90087890625
0.0315,2.94287109375,-2.94287109375,-0.46044921875
0.032,2.86279296875,-3.38330078125,0.10009765625
0.0325,2.26220703125,-3.54345703125,0.78076171875
0.033,1.74169921875,-3.70361328125,1.50146484375
0.0335,1.06103515625,-3.66357421875,1.94189453125
0.034,0.70068359375,-3.46337890625,2.22216796875
0.0345,0.26025390625,-3.30322265625,2.50244140625
0.035,-0.30029296875,-3.06298828125,2.78271484375
0.0355,-0.98095703125,-2.54248046875,2.90283203125
0.036,-1.62158203125,-1.78173828125,2.82275390625
0.0365,-1.98193359375,-1.30126953125,2.66259765625
0.037,-2.50244140625,-0.78076171875,2.62255859375
0.0375,-2.82275390625,-0.30029296875,2.54248046875
0.038,-2.94287109375,0.34033203125,2.06201171875
0.0385,-3.18310546875,1.06103515625,1.58154296875
0.039,-3.10302734375,1.70166015625,0.90087890625
0.0395,-2.98291015625,2.02197265625,0.46044921875
0.04,-3.02294921875,2.54248046875,0.02001953125
0.0405,-2.86279296875,2.86279296875,-0.58056640625
0.041,-2.26220703125,3.02294921875,-1.26123046875
0.0415,-1.74169921875,3.14306640625,-1.90185546875
0.042,-1.18115234375,3.06298828125,-2.26220703125
0.0425,-0.82080078125,3.06298828125,-2.62255859375
0.043,-0.34033203125,2.86279296875,-2.86279296875
0.0435,0.30029296875,2.54248046875,-3.10302734375
0.044,0.98095703125,2.06201171875,-3.34326171875
0.0445,1.58154296875,1.30126953125,-3.18310546875
0.045,1.94189453125,0.78076171875,-3.06298828125
0.0455,2.42236328125,0.30029296875,-3.06298828125
0.046,2.74267578125,-0.22021484375,-2.86279296875
0.0465,2.86279296875,-0.90087890625,-2.30224609375
0.047,3.06298828125,-1.58154296875,-1.86181640625
0.0475,2.94287109375,-2.18212890625,-1.18115234375
0.048,2.90283203125,-2.54248046875,-0.78076171875
0.0485,2.82275390625,-3.06298828125,-0.30029296875
0.049,2.54248046875,-3.38330078125,0.34033203125
0.0495,1.94189453125,-3.58349609375,1.10107421875
0.05,1.34130859375,-3.54345703125,1.66162109375
0.0505,0.94091796875,-3.38330078125,1.98193359375
0.051,0.50048828125,-3.46337890625,2.38232421875
0.0515,-0.06005859375,-3.14306640625,2.62255859375
0.052,-0.70068359375,-2.62255859375,2.74267578125
0.0525,-1.42138671875,-2.14208984375,2.94287109375
0.053,-1.98193359375,-1.38134765625,2.78271484375
0.0535,-2.26220703125,-0.98095703125,2.62255859375
0.054,-2.70263671875,-0.46044921875,2.54248046875
0.0545,-3.06298828125,0.14013671875,2.30224609375
0.055,-3.14306640625,0.98095703125,1.66162109375
0.0555,-3.18310546875,1.58154296875,1.10107421875
0.056,-3.06298828125,2.06201171875,0.50048828125
0.0565,-3.06298828125,2.50244140625,0.06005859375
0.057,-2.82275390625,2.86279296875,-0.50048828125
0.0575,-2.42236328125,3.06298828125,-1.22119140625
0.058,-1.78173828125,3.34326171875,-1.98193359375
0.0585,-1.22119140625,3.18310546875,-2.38232421875
0.059,-0.78076171875,3.02294921875,-2.58251953125
0.0595,-0.34033203125,3.02294921875,-3.02294921875
0.06,0.30029296875,2.62255859375,-3.26318359375
0.0605,1.02099609375,1.94189453125,-3.26318359375
0.061,1.62158203125,1.42138671875,-3.34326171875
0.0615,2.10205078125,0.74072265625,-3.18310546875
0.062,2.42236328125,0.30029296875,-3.06298828125
0.0625,2.74267578125,-0.26025390625,-2.86279296875
0.063,3.06298828125,-0.94091796875,-2.46240234375
0.0635,3.18310546875,-1.78173828125,-1.74169921875
0.064,3.06298828125,-2.26220703125,-1.22119140625
0.0645,2.90283203125,-2.70263671875,-0.66064453125
0.065,2.98291015625,-3.22314453125,-0.26025390625
0.0655,2.50244140625,-3.54345703125,0.46044921875
0.066,1.94189453125,-3.62353515625,1.18115234375
0.0665,1.38134765625,-3.74365234375,1.86181640625
0.067,0.86083984375,-3.54345703125,2.18212890625
0.0675,0.46044921875,-3.34326171875,2.38232421875
0.068,-0.02001953125,-3.22314453125,2.70263671875
0.0685,-0.78076171875,-2.78271484375,2.94287109375
0.069,-1.54150390625,-2.02197265625,2.94287109375
0.0695,-1.94189453125,-1.50146484375,2.86279296875
0.07,-2.42236328125,-0.90087890625,2.70263671875
0.0705,-2.74267578125,-0.50048828125,2.62255859375
0.071,-2.98291015625,0.14013671875,2.30224609375
0.0715,-3.18310546875,0.86083984375,1.86181640625
0.072,-3.30322265625,1.66162109375,1.10107421875
0.0725,-3.10302734375,1.98193359375,0.58056640625
0.073,-2.98291015625,2.42236328125,0.10009765625
0.0735,-3.06298828125,2.86279296875,-0.38037109375
0.074,-2.50244140625,3.18310546875,-1.14111328125
0.0745,-1.86181640625,3.26318359375,-1.86181640625
0.075,-1.30126953125,3.26318359375,-2.34228515625
0.0755,-0.82080078125,3.14306640625,-2.66259765625
0.076,-0.46044921875,3.02294921875,-2.90283203125
0.0765,0.14013671875,2.70263671875,-3.18310546875
0.077,0.82080078125,2.26220703125,-3.42333984375
0.0775,1.58154296875,1.50146484375,-3.38330078125
0.078,1.94189453125,0.98095703125,-3.18310546875
0.0785,2.34228515625,0.42041015625,-3.06298828125
0.079,2.74267578125,-0.02001953125,-3.06298828125
0.0795,2.90283203125,-0.70068359375,-2.54248046875
0.08,3.14306640625,-1.42138671875,-2.06201171875
0.0805,3.14306640625,-2.26220703125,-1.38134765625
0.081,2.94287109375,-2.54248046875,-0.86083984375
0.0815,2.86279296875,-2.94287109375,-0.46044921875
0.082,2.78271484375,-3.34326171875,0.14013671875
0.0825,2.26220703125,-3.58349609375,0.90087890625
0.083,1.58154296875,-3.70361328125,1.62158203125
0.0835,1.10107421875,-3.54345703125,1.94189453125
0.084,0.66064453125,-3.46337890625,2.26220703125
0.0845,0.22021484375,-3.34326171875,2.58251953125
0.085,-0.42041015625,-2.90283203125,2.74267578125
0.0855,-1.10107421875,-2.46240234375,2.94287109375
0.086,-1.82177734375,-1.70166015625,2.90283203125
0.0865,-2.10205078125,-1.14111328125,2.66259765625
0.087,-2.50244140625,-0.70068359375,2.58251953125
0.0875,-2.90283203125,-0.18017578125,2.54248046875
0.088,-3.06298828125,0.54052734375,2.02197265625
0.0885,-3.18310546875,1.22119140625,1.42138671875
0.089,-3.18310546875,1.78173828125,0.78076171875
0.0895,-3.06298828125,2.18212890625,0.34033203125
0.09,-2.98291015625,2.62255859375,-0.14013671875
0.0905,-2.70263671875,2.98291015625,-0.70068359375
0.091,-2.22216796875,3.22314453125,-1.42138671875
0.0915,-1.54150390625,3.26318359375,-2.18212890625
0.092,-1.10107421875,3.06298828125,-2.38232421875
0.0925,-0.66064453125,3.02294921875,-2.70263671875
0.093,-0.18017578125,2.94287109375,-3.06298828125
0.0935,0.50048828125,2.38232421875,-3.18310546875
0.094,1.14111328125,1.94189453125,-3.34326171875
0.0945,1.78173828125,1.22119140625,-3.26318359375
0.095,2.06201171875,0.66064453125,-3.06298828125
0.0955,2.50244140625,0.18017578125,-3.02294921875
0.096,2.86279296875,-0.34033203125,-2.82275390625
0.0965,3.06298828125,-1.14111328125,-2.26220703125
0.097,3.06298828125,-1.90185546875,-1.62158203125
0.0975,2.94287109375,-2.38232421875,-1.14111328125
0.098,2.98291015625,-2.74267578125,-0.66064453125
0.0985,2.86279296875,-3.18310546875,-0.14013671875
0.099,2.42236328125,-3.42333984375,0.58056640625
0.0995,1.94189453125,-3.70361328125,1.30126953125
0.1,1.22119140625,-3.70361328125,1.94189453125
0.1005,0.78076171875,-3.46337890625,2.10205078125
0.101,0.38037109375,-3.38330078125,2.46240234375
0.1015,-0.18017578125,-3.22314453125,2.78271484375
0.102,-0.94091796875,-2.54248046875,2.86279296875
0.1025,-1.58154296875,-1.98193359375,2.94287109375
0.103,-2.10205078125,-1.30126953125,2.82275390625
0.1035,-2.42236328125,-0.82080078125,2.66259765625
0.104,-2.82275390625,-0.34033203125,2.54248046875
0.1045,-3.06298828125,0.26025390625,2.22216796875
0.105,-3.26318359375,1.06103515625,1.62158203125
0.1055,-3.22314453125,1.74169921875,0.94091796875
0.106,-3.06298828125,2.14208984375,0.42041015625
0.1065,-3.10302734375,2.62255859375,0.02001953125
0.107,-2.86279296875,3.02294921875,-0.58056640625
0.1075,-2.26220703125,3.18310546875,-1.30126953125
0.108,-1.78173828125,3.38330078125,-2.02197265625
0.1085,-1.14111328125,3.26318359375,-2.58251953125
0.109,-0.70068359375,3.06298828125,-2.74267578125
0.1095,-0.26025390625,2.94287109375,-3.06298828125
0.11,0.34033203125,2.66259765625,-3.34326171875
0.1105,1.14111328125,1.98193359375,-3.46337890625
0.111,1.78173828125,1.30126953125,-3.38330078125
0.1115,2.26220703125,0.70068359375,-3.18310546875
0.112,2.58251953125,0.26025390625,-3.14306640625
0.1125,2.86279296875,-0.34033203125,-2.90283203125
0.113,3.06298828125,-1.02099609375,-2.46240234375
0.1135,3.26318359375,-1.94189453125,-1.86181640625
0.114,3.18310546875,-2.50244140625,-1.10107421875
0.1145,2.94287109375,-2.74267578125,-0.62060546875
0.115,2.98291015625,-3.26318359375,-0.14013671875
0.1155,2.62255859375,-3.70361328125,0.58056640625
0.116,1.90185546875,-3.74365234375,1.38134765625
0.1165,1.34130859375,-3.82373046875,1.94189453125
0.117,0.78076171875,-3.70361328125,2.42236328125
0.1175,0.38037109375,-3.54345703125,2.58251953125
0.118,-0.18017578125,-3.18310546875,2.82275390625
0.1185,-0.90087890625,-2.82275390625,3.06298828125
0.119,-1.74169921875,-2.06201171875,3.18310546875
0.1195,-2.22216796875,-1.34130859375,2.98291015625
0.12,-2.54248046875,-0.78076171875,2.74267578125
0.1205,-2.94287109375,-0.38037109375,2.70263671875
0.121,-3.18310546875,0.30029296875,2.30224609375
0.1215,-3.34326171875,1.02099609375,1.66162109375
0.122,-3.46337890625,1.86181640625,1.10107421875
0.1225,-3.26318359375,2.38232421875,0.42041015625
0.123,-3.06298828125,2.62255859375,0.02001953125
0.1235,-2.94287109375,3.10302734375,-0.58056640625
0.124,-2.54248046875,3.46337890625,-1.34130859375
0.1245,-1.74169921875,3.50341796875,-2.18212890625
0.125,-1.22119140625,3.42333984375,-2.58251953125
0.1255,-0.66064453125,3.26318359375,-2.94287109375
0.126,-0.30029296875,3.14306640625,-3.18310546875
0.1265,0.34033203125,2.70263671875,-3.38330078125
0.127,1.02099609375,2.18212890625,-3.54345703125
0.1275,1.90185546875,1.42138671875,-3.58349609375
0.128,2.26220703125,0.74072265625,-3.34326171875
0.1285,2.54248046875,0.22021484375,-3.10302734375
0.129,2.94287109375,-0.30029296875,-3.06298828125
0.1295,3.18310546875,-1.06103515625,-2.58251953125
0.13,3.22314453125,-1.78173828125,-1.86181640625
0.1305,3.26318359375,-2.42236328125,-1.26123046875
0.131,3.10302734375,-2.86279296875,-0.62060546875
0.1315,2.94287109375,-3.18310546875,-0.22021484375
0.132,2.66259765625,-3.54345703125,0.42041015625
0.1325,2.18212890625,-3.82373046875,1.18115234375
0.133,1.38134765625,-3.90380859375,2.02197265625
0.1335,0.94091796875,-3.70361328125,2.26220703125
0.134,0.46044921875,-3.54345703125,2.54248046875
0.1345,0.02001953125,-3.46337890625,2.86279296875
0.135,-0.66064453125,-2.86279296875,3.02294921875
0.1355,-1.42138671875,-2.30224609375,3.10302734375
0.136,-2.10205078125,-1.58154296875,3.10302734375
0.1365,-2.50244140625,-0.98095703125,2.82275390625
0.137,-2.74267578125,-0.54052734375,2.62255859375
0.1375,-3.18310546875,0.02001953125,2.54248046875
0.138,-3.34326171875,0.82080078125,1.98193359375
0.1385,-3.42333984375,1.62158203125,1.26123046875
0.139,-3.22314453125,2.10205078125,0.66064453125
0.1395,-3.18310546875,2.54248046875,0.14013671875
0.14,-3.06298828125,2.94287109375,-0.30029296875
0.1405,-2.62255859375,3.22314453125,-1.02099609375
0.141,-2.10205078125,3.46337890625,-1.78173828125
0.1415,-1.34130859375,3.54345703125,-2.54248046875
0.142,-0.90087890625,3.26318359375,-2.70263671875
0.1425,-0.50048828125,3.14306640625,-3.02294921875
0.143,0.06005859375,3.02294921875,-3.34326171875
0.1435,0.82080078125,2.38232421875,-3.54345703125
0.144,1.54150390625,1.70166015625,-3.54345703125
0.1445,2.14208984375,1.02099609375,-3.46337890625
0.145,2.50244140625,0.38037109375,-3.22314453125
0.1455,2.74267578125,-0.06005859375,-3.10302734375
0.146,3.14306640625,-0.66064453125,-2.82275390625
0.1465,3.34326171875,-1.46142578125,-2.22216796875
0.147,3.34326171875,-2.34228515625,-1.42138671875
0.1475,3.14306640625,-2.66259765625,-0.90087890625
0.148,3.06298828125,-3.14306640625,-0.38037109375
0.1485,2.94287109375,-3.54345703125,0.18017578125
0.149,2.30224609375,-3.78369140625,0.98095703125
0.1495,1.74169921875,-3.94384765625,1.70166015625
0.15,1.02099609375,-3.94384765625,2.42236328125
0.1505,0.58056640625,-3.66357421875,2.54248046875
0.151,0.14013671875,-3.46337890625,2.78271484375
0.1515,-0.50048828125,-3.22314453125,3.14306640625
0.152,-1.30126953125,-2.54248046875,3.18310546875
0.1525,-2.06201171875,-1.78173828125,3.18310546875
0.153,-2.50244140625,-1.14111328125,2.94287109375
0.1535,-2.90283203125,-0.62060546875,2.82275390625
0.154,-3.18310546875,0.02001953125,2.58251953125
0.1545,-3.38330078125,0.66064453125,2.18212890625
0.155,-3.58349609375,1.54150390625,1.58154296875
0.1555,-3.54345703125,2.34228515625,0.70068359375
0.156,-3.22314453125,2.58251953125,0.18017578125
0.1565,-3.18310546875,3.06298828125,-0.30029296875
0.157,-2.94287109375,3.46337890625,-0.94091796875
0.1575,-2.18212890625,3.54345703125,-1.78173828125
0.158,-1.58154296875,3.70361328125,-2.50244140625
0.1585,-0.82080078125,3.58349609375,-3.06298828125
0.159,-0.42041015625,3.30322265625,-3.18310546875
0.1595,0.06005859375,3.02294921875,-3.42333984375
0.16,0.70068359375,2.66259765625,-3.70361328125
0.1605,1.62158203125,1.86181640625,-3.82373046875
0.161,2.34228515625,1.02099609375,-3.70361328125
0.1615,2.58251953125,0.38037109375,-3.38330078125
0.162,3.02294921875,-0.06005859375,-3.30322265625
0.1625,3.26318359375,-0.66064453125,-2.90283203125
0.163,3.42333984375,-1.46142578125,-2.30224609375
0.1635,3.58349609375,-2.34228515625,-1.62158203125
0.164,3.46337890625,-3.06298828125,-0.82080078125
0.1645,3.14306640625,-3.22314453125,-0.34033203125
0.165,3.06298828125,-3.70361328125,0.18017578125
0.1655,2.62255859375,-4.10400390625,0.98095703125
0.166,1.78173828125,-4.14404296875,1.94189453125
0.1665,1.14111328125,-4.14404296875,2.50244140625
0.167,0.50048828125,-3.90380859375,2.86279296875
0.1675,0.06005859375,-3.70361328125,3.06298828125
0.168,-0.50048828125,-3.26318359375,3.18310546875
0.1685,-1.30126953125,-2.78271484375,3.42333984375
0.169,-2.22216796875,-1.94189453125,3.50341796875
0.1695,-2.82275390625,-1.14111328125,3.22314453125
0.17,-3.02294921875,-0.50048828125,2.86279296875
0.1705,-3.46337890625,0.02001953125,2.86279296875
0.171,-3.62353515625,0.74072265625,2.34228515625
0.1715,-3.70361328125,1.58154296875,1.58154296875
0.172,-3.74365234375,2.42236328125,0.82080078125
0.1725,-3.54345703125,2.94287109375,0.10009765625
0.173,-3.22314453125,3.18310546875,-0.38037109375
0.1735,-3.06298828125,3.58349609375,-0.98095703125
0.174,-2.50244140625,3.86376953125,-1.82177734375
0.1745,-1.54150390625,3.86376953125,-2.74267578125
0.175,-0.94091796875,3.74365234375,-3.14306640625
0.1755,-0.34033203125,3.50341796875,-3.50341796875
0.176,0.06005859375,3.34326171875,-3.74365234375
0.1765,0.78076171875,2.70263671875,-3.82373046875
0.177,1.58154296875,2.06201171875,-3.98388671875
0.1775,2.42236328125,1.18115234375,-3.98388671875
0.178,2.86279296875,0.46044921875,-3.62353515625
0.1785,3.06298828125,-0.06005859375,-3.26318359375
0.179,3.54345703125,-0.62060546875,-3.18310546875
0.1795,3.70361328125,-1.50146484375,-2.54248046875
0.18,3.70361328125,-2.42236328125,-1.66162109375
0.1805,3.58349609375,-3.06298828125,-0.94091796875
0.181,3.38330078125,-3.54345703125,-0.30029296875
0.1815,3.10302734375,-3.78369140625,0.22021484375
0.182,2.74267578125,-4.14404296875,0.90087890625
0.1825,2.06201171875,-4.34423828125,1.78173828125
0.183,1.14111328125,-4.38427734375,2.70263671875
0.1835,0.58056640625,-4.02392578125,2.90283203125
0.184,0.06005859375,-3.82373046875,3.18310546875
0.1845,-0.42041015625,-3.62353515625,3.46337890625
0.185,-1.22119140625,-2.90283203125,3.46337890625
0.1855,-2.06201171875,-2.26220703125,3.54345703125
0.186,-2.78271484375,-1.26123046875,3.46337890625
0.1865,-3.14306640625,-0.58056640625,3.10302734375
0.187,-3.26318359375,-0.06005859375,2.78271484375
0.1875,-3.70361328125,0.50048828125,2.58251953125
0.188,-3.78369140625,1.38134765625,1.86181640625
0.1885,-3.78369140625,2.26220703125,0.98095703125
0.189,-3.54345703125,2.74267578125,0.30029296875
0.1895,-3.38330078125,3.18310546875,-0.26025390625
0.19,-3.14306640625,3.46337890625,-0.78076171875
0.1905,-2.62255859375,3.70361328125,-1.50146484375
0.191,-1.98193359375,3.86376953125,-2.26220703125
0.1915,-1.10107421875,3.86376953125,-3.14306640625
0.192,-0.62060546875,3.46337890625,-3.18310546875
0.1925,-0.14013671875,3.22314453125,-3.46337890625
0.193,0.38037109375,3.06298828125,-3.78369140625
0.1935,1.14111328125,2.26220703125,-3.78369140625
0.194,1.94189453125,1.62158203125,-3.82373046875
0.1945,2.54248046875,0.82080078125,-3.66357421875
0.195,2.86279296875,0.22021484375,-3.34326171875
0.1955,3.06298828125,-0.30029296875,-3.10302734375
0.196,3.38330078125,-0.90087890625,-2.86279296875
0.1965,3.50341796875,-1.70166015625,-2.18212890625
0.197,3.50341796875,-2.54248046875,-1.30126953125
0.1975,3.22314453125,-2.90283203125,-0.74072265625
0.198,3.18310546875,-3.38330078125,-0.26025390625
0.1985,2.94287109375,-3.70361328125,0.30029296875
0.199,2.34228515625,-3.86376953125,1.02099609375
0.1995,1.78173828125,-4.02392578125,1.78173828125
0.2,0.98095703125,-3.98388671875,2.50244140625
0.2005,0.54052734375,-3.74365234375,2.58251953125
0.201,0.10009765625,-3.54345703125,2.86279296875
0.2015,-0.50048828125,-3.34326171875,3.18310546875
0.202,-1.26123046875,-2.58251953125,3.18310546875
0.2025,-1.98193359375,-1.86181640625,3.22314453125
0.203,-2.46240234375,-1.14111328125,3.02294921875
0.2035,-2.86279296875,-0.62060546875,2.86279296875
0.204,-3.06298828125,-0.14013671875,2.62255859375
0.2045,-3.34326171875,0.50048828125,2.26220703125
0.205,-3.54345703125,1.34130859375,1.62158203125
0.2055,-3.46337890625,2.18212890625,0.82080078125
0.206,-3.18310546875,2.42236328125,0.30029296875
0.2065,-3.22314453125,2.90283203125,-0.18017578125
0.207,-2.98291015625,3.26318359375,-0.74072265625
0.2075,-2.30224609375,3.38330078125,-1.54150390625
0.208,-1.74169921875,3.58349609375,-2.26220703125
0.2085,-1.02099609375,3.46337890625,-2.86279296875
0.209,-0.62060546875,3.22314453125,-3.02294921875
0.2095,-0.14013671875,3.02294921875,-3.26318359375
0.21,0.46044921875,2.74267578125,-3.58349609375
0.2105,1.30126953125,2.06201171875,-3.62353515625
0.211,2.02197265625,1.26123046875,-3.58349609375
0.2115,2.42236328125,0.62060546875,-3.30322265625
0.212,2.86279296875,0.14013671875,-3.26318359375
0.2125,3.06298828125,-0.42041015625,-2.94287109375
0.213,3.22314453125,-1.14111328125,-2.46240234375
0.2135,3.46337890625,-2.02197265625,-1.78173828125
0.214,3.34326171875,-2.70263671875,-0.98095703125
0.2145,3.06298828125,-2.94287109375,-0.54052734375
0.215,3.06298828125,-3.46337890625,-0.06005859375
0.2155,2.70263671875,-3.82373046875,0.66064453125
0.216,1.90185546875,-3.86376953125,1.54150390625
0.2165,1.30126953125,-3.98388671875,2.14208984375
0.217,0.66064453125,-3.82373046875,2.58251953125
0.2175,0.26025390625,-3.70361328125,2.78271484375
0.218,-0.26025390625,-3.26318359375,2.94287109375
0.2185,-0.98095703125,-2.86279296875,3.22314453125
0.219,-1.82177734375,-2.06201171875,3.26318359375
0.2195,-2.42236328125,-1.30126953125,3.06298828125
0.22,-2.66259765625,-0.74072265625,2.78271484375
0.2205,-3.14306640625,-0.26025390625,2.82275390625
0.221,-3.30322265625,0.38037109375,2.38232421875
0.2215,-3.42333984375,1.18115234375,1.74169921875
0.222,-3.54345703125,1.94189453125,1.02099609375
0.2225,-3.34326171875,2.54248046875,0.34033203125
0.223,-3.14306640625,2.78271484375,-0.10009765625
0.2235,-3.02294921875,3.18310546875,-0.62060546875
0.224,-2.54248046875,3.54345703125,-1.42138671875
0.2245,-1.70166015625,3.54345703125,-2.26220703125
0.225,-1.18115234375,3.46337890625,-2.66259765625
0.2255,-0.62060546875,3.22314453125,-3.06298828125
0.226,-0.22021484375,3.18310546875,-3.30322265625
0.2265,0.34033203125,2.70263671875,-3.38330078125
0.227,1.10107421875,2.22216796875,-3.58349609375
0.2275,1.90185546875,1.46142578125,-3.62353515625
0.228,2.38232421875,0.74072265625,-3.38330078125
0.2285,2.54248046875,0.26025390625,-3.10302734375
0.229,3.02294921875,-0.26025390625,-3.10302734375
0.2295,3.18310546875,-0.98095703125,-2.58251953125
0.23,3.26318359375,-1.74169921875,-1.90185546875
0.2305,3.22314453125,-2.34228515625,-1.30126953125
0.231,3.10302734375,-2.86279296875,-0.66064453125
0.2315,3.02294921875,-3.18310546875,-0.26025390625
0.232,2.70263671875,-3.54345703125,0.34033203125
0.2325,2.26220703125,-3.82373046875,1.10107421875
0.233,1.42138671875,-3.90380859375,1.94189453125
0.2335,0.94091796875,-3.74365234375,2.26220703125
0.234,0.50048828125,-3.54345703125,2.50244140625
0.2345,0.06005859375,-3.50341796875,2.86279296875
0.235,-0.62060546875,-2.94287109375,2.94287109375
0.2355,-1.30126953125,-2.38232421875,3.06298828125
0.236,-1.98193359375,-1.70166015625,3.06298828125
0.2365,-2.42236328125,-1.02099609375,2.82275390625
0.237,-2.66259765625,-0.58056640625,2.62255859375
0.2375,-3.06298828125,-0.06005859375,2.54248046875
0.238,-3.26318359375,0.70068359375,2.06201171875
0.2385,-3.34326171875,1.54150390625,1.30126953125
0.239,-3.22314453125,1.98193359375,0.74072265625
0.2395,-3.14306640625,2.50244140625,0.22021484375
0.24,-3.10302734375,2.86279296875,-0.26025390625
0.2405,-2.62255859375,3.06298828125,-0.94091796875
0.241,-2.18212890625,3.34326171875,-1.62158203125
0.2415,-1.46142578125,3.34326171875,-2.42236328125
0.242,-0.98095703125,3.22314453125,-2.62255859375
0.2425,-0.58056640625,3.06298828125,-2.86279296875
0.243,-0.06005859375,3.02294921875,-3.22314453125
0.2435,0.62060546875,2.42236328125,-3.38330078125
0.244,1.38134765625,1.78173828125,-3.42333984375
0.2445,1.94189453125,1.14111328125,-3.34326171875
0.245,2.34228515625,0.54052734375,-3.18310546875
0.2455,2.62255859375,0.10009765625,-3.06298828125
0.246,2.90283203125,-0.50048828125,-2.78271484375
0.2465,3.14306640625,-1.26123046875,-2.30224609375
0.247,3.18310546875,-2.06201171875,-1.54150390625
0.2475,3.02294921875,-2.42236328125,-0.98095703125
0.248,2.94287109375,-2.86279296875,-0.50048828125
0.2485,2.90283203125,-3.34326171875,-0.06005859375
0.249,2.30224609375,-3.54345703125,0.66064453125
0.2495,1.82177734375,-3.78369140625,1.34130859375
0.25,1.22119140625,-3.70361328125,1.98193359375
0.2505,0.74072265625,-3.54345703125,2.26220703125
0.251,0.34033203125,-3.34326171875,2.46240234375
0.2515,-0.18017578125,-3.18310546875,2.82275390625
0.252,-0.90087890625,-2.58251953125,2.90283203125
0.2525,-1.62158203125,-1.90185546875,2.90283203125
0.253,-2.02197265625,-1.34130859375,2.78271484375
0.2535,-2.42236328125,-0.82080078125,2.66259765625
0.254,-2.82275390625,-0.38037109375,2.58251953125
0.2545,-2.94287109375,0.26025390625,2.18212890625
0.255,-3.18310546875,0.98095703125,1.74169921875
0.2555,-3.18310546875,1.74169921875,0.98095703125
0.256,-3.02294921875,2.06201171875,0.50048828125
0.2565,-3.02294921875,2.42236328125,0.06005859375
0.257,-2.90283203125,2.90283203125,-0.46044921875
0.2575,-2.34228515625,3.02294921875,-1.22119140625
0.258,-1.78173828125,3.22314453125,-1.86181640625
0.2585,-1.26123046875,3.14306640625,-2.30224609375
0.259,-0.82080078125,3.06298828125,-2.58251953125
0.2595,-0.38037109375,2.90283203125,-2.86279296875
0.26,0.14013671875,2.62255859375,-3.10302734375
0.2605,0.82080078125,2.18212890625,-3.30322265625
0.261,1.58154296875,1.42138671875,-3.26318359375
0.2615,1.86181640625,0.94091796875,-3.06298828125
0.262,2.30224609375,0.42041015625,-3.06298828125
0.2625,2.70263671875,-0.06005859375,-2.98291015625
0.263,2.82275390625,-0.74072265625,-2.46240234375
0.2635,3.06298828125,-1.46142578125,-1.98193359375
0.264,3.02294921875,-2.10205078125,-1.26123046875
0.2645,2.90283203125,-2.54248046875,-0.90087890625
0.265,2.86279296875,-2.90283203125,-0.46044921875
0.2655,2.66259765625,-3.38330078125,0.14013671875
0.266,2.06201171875,-3.54345703125,0.94091796875
0.2665,1.50146484375,-3.58349609375,1.62158203125
0.267,1.02099609375,-3.46337890625,1.94189453125
0.2675,0.62060546875,-3.46337890625,2.30224609375
0.268,0.14013671875,-3.26318359375,2.54248046875
0.2685,-0.50048828125,-2.82275390625,2.70263671875
0.269,-1.22119140625,-2.34228515625,2.94287109375
0.2695,-1.94189453125,-1.54150390625,2.86279296875
0.27,-2.18212890625,-1.06103515625,2.66259765625
0.2705,-2.58251953125,-0.58056640625,2.62255859375
0.271,-2.98291015625,-0.06005859375,2.50244140625
0.2715,-3.06298828125,0.70068359375,1.86181640625
0.272,-3.18310546875,1.42138671875,1.30126953125
0.2725,-3.10302734375,1.98193359375,0.62060546875
0.273,-3.10302734375,2.38232421875,0.22021484375
0.2735,-2.94287109375,2.70263671875,-0.30029296875
0.274,-2.58251953125,3.10302734375,-0.98095703125
0.2745,-1.98193359375,3.30322265625,-1.74169921875
0.275,-1.30126953125,3.30322265625,-2.38232421875
0.2755,-0.90087890625,3.06298828125,-2.58251953125
0.276,-0.46044921875,3.06298828125,-2.94287109375
0.2765,0.06005859375,2.82275390625,-3.18310546875
0.277,0.78076171875,2.18212890625,-3.26318359375
0.2775,1.50146484375,1.62158203125,-3.46337890625
0.278,2.10205078125,0.86083984375,-3.26318359375
0.2785,2.38232421875,0.42041015625,-3.06298828125
0.279,2.70263671875,-0.06005859375,-2.94287109375
0.2795,3.06298828125,-0.66064453125,-2.70263671875
0.28,3.14306640625,-1.54150390625,-1.98193359375
0.2805,3.14306640625,-2.22216796875,-1.38134765625
0.281,2.94287109375,-2.66259765625,-0.78076171875
0.2815,3.02294921875,-3.14306640625,-0.38037109375
0.282,2.70263671875,-3.34326171875,0.22021484375
0.2825,2.18212890625,-3.58349609375,0.94091796875
0.283,1.58154296875,-3.78369140625,1.70166015625
0.2835,0.94091796875,-3.70361328125,2.22216796875
0.284,0.58056640625,-3.42333984375,2.34228515625
0.2845,0.14013671875,-3.34326171875,2.70263671875
0.285,-0.50048828125,-3.02294921875,2.94287109375
0.2855,-1.26123046875,-2.26220703125,2.90283203125
0.286,-1.86181640625,-1.74169921875,2.94287109375
0.2865,-2.34228515625,-1.02099609375,2.74267578125
0.287,-2.66259765625,-0.62060546875,2.66259765625
0.2875,-2.90283203125,-0.06005859375,2.42236328125
0.288,-3.18310546875,0.54052734375,2.06201171875
0.2885,-3.26318359375,1.34130859375,1.34130859375
0.289,-3.18310546875,1.90185546875,0.70068359375
0.2895,-3.06298828125,2.22216796875,0.22021484375
0.29,-3.06298828125,2.78271484375,-0.18017578125
0.2905,-2.70263671875,3.06298828125,-0.82080078125
0.291,-2.06201171875,3.18310546875,-1.54150390625
0.2915,-1.58154296875,3.30322265625,-2.14208984375
0.292,-0.98095703125,3.18310546875,-2.58251953125
0.2925,-0.62060546875,3.02294921875,-2.74267578125
0.293,-0.14013671875,2.86279296875,-3.06298828125
0.2935,0.50048828125,2.54248046875,-3.34326171875
0.294,1.26123046875,1.78173828125,-3.34326171875
0.2945,1.78173828125,1.22119140625,-3.26318359375
0.295,2.18212890625,0.62060546875,-3.06298828125
0.2955,2.58251953125,0.18017578125,-3.06298828125
0.296,2.74267578125,-0.38037109375,-2.74267578125
0.2965,2.94287109375,-1.06103515625,-2.30224609375
0.297,3.10302734375,-1.86181640625,-1.70166015625
0.2975,2.94287109375,-2.38232421875,-1.10107421875
0.298,2.86279296875,-2.62255859375,-0.62060546875
0.2985,2.86279296875,-3.14306640625,-0.18017578125
0.299,2.46240234375,-3.42333984375,0.50048828125
0.2995,1.78173828125,-3.54345703125,1.26123046875
0.3,1.34130859375,-3.54345703125,1.70166015625
0.3005,0.82080078125,-3.46337890625,2.10205078125
0.301,0.46044921875,-3.34326171875,2.38232421875
0.3015,-0.06005859375,-3.06298828125,2.58251953125
0.302,-0.70068359375,-2.70263671875,2.86279296875
0.3025,-1.46142578125,-1.98193359375,2.86279296875
0.303,-1.90185546875,-1.42138671875,2.70263671875
0.3035,-2.26220703125,-0.94091796875,2.58251953125
0.304,-2.74267578125,-0.46044921875,2.62255859375
0.3045,-2.86279296875,0.14013671875,2.22216796875
0.305,-3.06298828125,0.78076171875,1.66162109375
0.3055,-3.18310546875,1.46142578125,1.10107421875
0.306,-3.06298828125,1.98193359375,0.58056640625
0.3065,-2.98291015625,2.34228515625,0.14013671875
0.307,-2.86279296875,2.74267578125,-0.38037109375
0.3075,-2.42236328125,3.06298828125,-1.10107421875
0.308,-1.78173828125,3.18310546875,-1.86181640625
0.3085,-1.30126953125,3.10302734375,-2.18212890625
0.309,-0.86083984375,2.98291015625,-2.54248046875
0.3095,-0.50048828125,2.98291015625,-2.86279296875
0.31,0.14013671875,2.54248046875,-3.02294921875
0.3105,0.78076171875,2.14208984375,-3.22314453125
0.311,1.54150390625,1.46142578125,-3.26318359375
0.3115,1.94189453125,0.90087890625,-3.06298828125
0.312,2.22216796875,0.46044921875,-2.98291015625
0.3125,2.66259765625,-0.10009765625,-2.94287109375
0.313,2.90283203125,-0.78076171875,-2.50244140625
0.3135,2.98291015625,-1.58154296875,-1.94189453125
0.314,2.94287109375,-2.06201171875,-1.34130859375
0.3145,2.90283203125,-2.54248046875,-0.82080078125
0.315,2.86279296875,-2.90283203125,-0.38037109375
0.3155,2.54248046875,-3.26318359375,0.26025390625
0.316,2.14208984375,-3.54345703125,0.94091796875
0.3165,1.42138671875,-3.62353515625,1.70166015625
0.317,1.02099609375,-3.46337890625,1.94189453125
0.3175,0.58056640625,-3.34326171875,2.26220703125
0.318,0.10009765625,-3.34326171875,2.62255859375
0.3185,-0.62060546875,-2.74267578125,2.74267578125
0.319,-1.26123046875,-2.22216796875,2.86279296875
0.3195,-1.86181640625,-1.58154296875,2.86279296875
0.32,-2.26220703125,-0.98095703125,2.70263671875
0.3205,-2.58251953125,-0.62060546875,2.54248046875
0.321,-2.94287109375,-0.02001953125,2.38232421875
0.3215,-3.18310546875,0.70068359375,1.86181640625
0.322,-3.18310546875,1.54150390625,1.18115234375
0.3225,-3.06298828125,1.94189453125,0.62060546875
0.323,-3.06298828125,2.42236328125,0.18017578125
0.3235,-3.02294921875,2.86279296875,-0.34033203125
0.324,-2.50244140625,3.06298828125,-1.02099609375
0.3245,-1.98193359375,3.34326171875,-1.74169921875
0.325,-1.30126953125,3.34326171875,-2.42236328125
0.3255,-0.90087890625,3.14306640625,-2.58251953125
0.326,-0.46044921875,2.98291015625,-2.86279296875
0.3265,0.06005859375,2.86279296875,-3.26318359375
0.327,0.82080078125,2.22216796875,-3.38330078125
0.3275,1.58154296875,1.54150390625,-3.42333984375
0.328,2.06201171875,0.94091796875,-3.26318359375
0.3285,2.46240234375,0.34033203125,-3.14306640625
0.329,2.74267578125,-0.14013671875,-3.02294921875
0.3295,2.98291015625,-0.78076171875,-2.62255859375
0.33,3.26318359375,-1.58154296875,-2.06201171875
0.3305,3.18310546875,-2.34228515625,-1.26123046875
0.331,2.98291015625,-2.62255859375,-0.78076171875
0.3315,2.98291015625,-3.10302734375,-0.30029296875
0.332,2.82275390625,-3.54345703125,0.30029296875
0.3325,2.10205078125,-3.66357421875,1.10107421875
0.333,1.54150390625,-3.86376953125,1.78173828125
0.3335,0.86083984375,-3.74365234375,2.38232421875
0.334,0.50048828125,-3.54345703125,2.54248046875
0.3345,0.02001953125,-3.34326171875,2.74267578125
0.335,-0.62060546875,-3.02294921875,3.06298828125
0.3355,-1.46142578125,-2.30224609375,3.14306640625
0.336,-2.18212890625,-1.54150390625,3.06298828125
0.3365,-2.50244140625,-0.98095703125,2.78271484375
0.337,-2.90283203125,-0.50048828125,2.74267578125
0.3375,-3.18310546875,0.02001953125,2.50244140625
0.338,-3.26318359375,0.78076171875,1.94189453125
0.3385,-3.50341796875,1.62158203125,1.34130859375
0.339,-3.34326171875,2.34228515625,0.50048828125
0.3395,-3.14306640625,2.58251953125,0.06005859375
0.34,-3.06298828125,3.02294921875,-0.38037109375
0.3405,-2.74267578125,3.42333984375,-1.10107421875
0.341,-1.94189453125,3.50341796875,-1.94189453125
0.3415,-1.38134765625,3.54345703125,-2.58251953125
0.342,-0.74072265625,3.34326171875,-2.94287109375
0.3425,-0.34033203125,3.22314453125,-3.18310546875
0.343,0.14013671875,2.86279296875,-3.34326171875
0.3435,0.86083984375,2.42236328125,-3.58349609375
0.344,1.70166015625,1.70166015625,-3.70361328125
0.3445,2.30224609375,0.82080078125,-3.50341796875
0.345,2.54248046875,0.30029296875,-3.18310546875
0.3455,2.94287109375,-0.18017578125,-3.18310546875
0.346,3.22314453125,-0.78076171875,-2.82275390625
0.3465,3.26318359375,-1.58154296875,-2.06201171875
0.347,3.42333984375,-2.30224609375,-1.46142578125
0.3475,3.22314453125,-2.90283203125,-0.74072265625
0.348,3.06298828125,-3.18310546875,-0.30029296875
0.3485,2.86279296875,-3.54345703125,0.26025390625
0.349,2.46240234375,-3.90380859375,1.02099609375
0.3495,1.58154296875,-3.98388671875,1.90185546875
0.35,1.02099609375,-3.86376953125,2.34228515625
0.3505,0.50048828125,-3.66357421875,2.62255859375
0.351,0.06005859375,-3.58349609375,2.94287109375
0.3515,-0.58056640625,-3.14306640625,3.06298828125
0.352,-1.26123046875,-2.54248046875,3.18310546875
0.3525,-2.06201171875,-1.86181640625,3.22314453125
0.353,-2.58251953125,-1.10107421875,2.98291015625
0.3535,-2.78271484375,-0.62060546875,2.70263671875
0.354,-3.18310546875,-0.06005859375,2.66259765625
0.3545,-3.46337890625,0.66064453125,2.22216796875
0.355,-3.46337890625,1.50146484375,1.42138671875
0.3555,-3.46337890625,2.10205078125,0.82080078125
0.356,-3.26318359375,2.62255859375,0.18017578125
0.3565,-3.18310546875,2.98291015625,-0.26025390625
0.357,-2.82275390625,3.26318359375,-0.90087890625
0.3575,-2.34228515625,3.54345703125,-1.66162109375
0.358,-1.50146484375,3.62353515625,-2.50244140625
0.3585,-0.98095703125,3.42333984375,-2.82275390625
0.359,-0.50048828125,3.18310546875,-3.06298828125
0.3595,-0.02001953125,3.18310546875,-3.42333984375
0.36,0.66064453125,2.58251953125,-3.54345703125
0.3605,1.42138671875,1.90185546875,-3.62353515625
0.361,2.06201171875,1.22119140625,-3.62353515625
0.3615,2.50244140625,0.46044921875,-3.34326171875
0.362,2.74267578125,0.06005859375,-3.14306640625
0.3625,3.14306640625,-0.50048828125,-2.94287109375
0.363,3.38330078125,-1.26123046875,-2.42236328125
0.3635,3.38330078125,-2.18212890625,-1.62158203125
0.364,3.22314453125,-2.58251953125,-1.02099609375
0.3645,3.10302734375,-3.06298828125,-0.50048828125
0.365,3.06298828125,-3.50341796875,0.02001953125
0.3655,2.54248046875,-3.74365234375,0.74072265625
0.366,1.94189453125,-3.98388671875,1.46142578125
0.3665,1.22119140625,-3.98388671875,2.26220703125
0.367,0.66064453125,-3.70361328125,2.54248046875
0.3675,0.26025390625,-3.54345703125,2.70263671875
0.368,-0.26025390625,-3.38330078125,3.10302734375
0.3685,-1.02099609375,-2.82275390625,3.18310546875
0.369,-1.82177734375,-2.06201171875,3.18310546875
0.3695,-2.38232421875,-1.42138671875,3.06298828125
0.37,-2.74267578125,-0.70068359375,2.86279296875
0.3705,-3.06298828125,-0.26025390625,2.70263671875
0.371,-3.30322265625,0.38037109375,2.38232421875
0.3715,-3.54345703125,1.22119140625,1.86181640625
0.372,-3.54345703125,2.06201171875,0.94091796875
0.3725,-3.26318359375,2.42236328125,0.38037109375
0.373,-3.18310546875,2.82275390625,-0.14013671875
0.3735,-3.10302734375,3.30322265625,-0.66064453125
0.374,-2.42236328125,3.46337890625,-1.42138671875
0.3745,-1.82177734375,3.66357421875,-2.22216796875
0.375,-1.14111328125,3.58349609375,-2.86279296875
0.3755,-0.62060546875,3.34326171875,-3.06298828125
0.376,-0.18017578125,3.10302734375,-3.26318359375
0.3765,0.42041015625,2.86279296875,-3.66357421875
0.377,1.26123046875,2.22216796875,-3.78369140625
0.3775,2.02197265625,1.30126953125,-3.70361328125
0.378,2.46240234375,0.70068359375,-3.50341796875
0.3785,2.86279296875,0.14013671875,-3.26318359375
0.379,3.18310546875,-0.38037109375,-3.10302734375
0.3795,3.34326171875,-1.10107421875,-2.58251953125
0.38,3.58349609375,-1.94189453125,-1.98193359375
0.3805,3.50341796875,-2.82275390625,-1.10107421875
0.381,3.18310546875,-3.06298828125,-0.58056640625
0.3815,3.10302734375,-3.54345703125,-0.06005859375
0.382,2.86279296875,-3.98388671875,0.62060546875
0.3825,2.06201171875,-4.06396484375,1.46142578125
0.383,1.42138671875,-4.18408203125,2.26220703125
0.3835,0.66064453125,-3.98388671875,2.78271484375
0.384,0.26025390625,-3.78369140625,2.94287109375
0.3845,-0.30029296875,-3.50341796875,3.14306640625
0.385,-0.98095703125,-3.10302734375,3.38330078125
0.3855,-1.86181640625,-2.26220703125,3.50341796875
0.386,-2.62255859375,-1.34130859375,3.34326171875
0.3865,-2.86279296875,-0.70068359375,2.98291015625
0.387,-3.26318359375,-0.18017578125,2.86279296875
0.3875,-3.54345703125,0.38037109375,2.58251953125
0.388,-3.62353515625,1.22119140625,1.90185546875
0.3885,-3.78369140625,2.06201171875,1.22119140625
0.389,-3.62353515625,2.78271484375,0.30029296875
0.3895,-3.26318359375,2.98291015625,-0.18017578125
0.39,-3.18310546875,3.38330078125,-0.66064453125
0.3905,-2.82275390625,3.82373046875,-1.46142578125
0.391,-1.90185546875,3.82373046875,-2.34228515625
0.3915,-1.22119140625,3.86376953125,-2.98291015625
0.392,-0.58056640625,3.58349609375,-3.34326171875
0.3925,-0.10009765625,3.30322265625,-3.58349609375
0.393,0.42041015625,2.94287109375,-3.70361328125
0.3935,1.22119140625,2.42236328125,-3.90380859375
0.394,2.06201171875,1.62158203125,-3.98388671875
0.3945,2.70263671875,0.70068359375,-3.70361328125
0.395,2.90283203125,0.14013671875,-3.34326171875
0.3955,3.34326171875,-0.38037109375,-3.26318359375
0.396,3.58349609375,-1.06103515625,-2.86279296875
0.3965,3.58349609375,-1.94189453125,-2.02197265625
0.397,3.66357421875,-2.70263671875,-1.30126953125
0.3975,3.42333984375,-3.34326171875,-0.54052734375
0.398,3.14306640625,-3.54345703125,-0.06005859375
0.3985,2.94287109375,-3.90380859375,0.50048828125
0.399,2.42236328125,-4.26416015625,1.34130859375
0.3995,1.50146484375,-4.22412109375,2.26220703125
0.4,0.90087890625,-4.10400390625,2.70263671875
0.4005,0.30029296875,-3.86376953125,2.94287109375
0.401,-0.14013671875,-3.70361328125,3.22314453125
0.4015,-0.78076171875,-3.14306640625,3.30322265625
0.402,-1.54150390625,-2.54248046875,3.42333984375
0.4025,-2.34228515625,-1.74169921875,3.50341796875
0.403,-2.86279296875,-0.90087890625,3.14306640625
0.4035,-3.02294921875,-0.38037109375,2.82275390625
0.404,-3.42333984375,0.14013671875,2.70263671875
0.4045,-3.62353515625,0.90087890625,2.22216796875
0.405,-3.62353515625,1.74169921875,1.34130859375
0.4055,-3.54345703125,2.30224609375,0.70068359375
0.406,-3.38330078125,2.82275390625,0.06005859375
0.4065,-3.18310546875,3.14306640625,-0.42041015625
0.407,-2.86279296875,3.42333984375,-0.98095703125
0.4075,-2.34228515625,3.70361328125,-1.78173828125
0.408,-1.46142578125,3.74365234375,-2.62255859375
0.4085,-0.94091796875,3.46337890625,-2.94287109375
0.409,-0.42041015625,3.22314453125,-3.18310546875
0.4095,0.02001953125,3.18310546875,-3.54345703125
0.41,0.70068359375,2.62255859375,-3.66357421875
0.4105,1.42138671875,1.98193359375,-3.70361328125
0.411,2.18212890625,1.26123046875,-3.70361328125
0.4115,2.58251953125,0.50048828125,-3.38330078125
0.412,2.82275390625,0.02001953125,-3.18310546875
0.4125,3.18310546875,-0.50048828125,-3.02294921875
0.413,3.46337890625,-1.30126953125,-2.46240234375
0.4135,3.46337890625,-2.18212890625,-1.62158203125
0.414,3.26318359375,-2.62255859375,-1.06103515625
0.4145,3.18310546875,-3.14306640625,-0.50048828125
0.415,3.06298828125,-3.54345703125,0.02001953125
0.4155,2.58251953125,-3.78369140625,0.70068359375
0.416,2.06201171875,-3.98388671875,1.46142578125
0.4165,1.26123046875,-4.10400390625,2.26220703125
0.417,0.70068359375,-3.78369140625,2.50244140625
0.4175,0.26025390625,-3.54345703125,2.70263671875
0.418,-0.26025390625,-3.46337890625,3.10302734375
0.4185,-0.98095703125,-2.82275390625,3.18310546875
0.419,-1.78173828125,-2.10205078125,3.22314453125
0.4195,-2.34228515625,-1.42138671875,3.14306640625
0.42,-2.74267578125,-0.78076171875,2.86279296875
0.4205,-3.02294921875,-0.30029296875,2.70263671875
0.421,-3.30322265625,0.30029296875,2.42236328125
0.4215,-3.54345703125,1.14111328125,1.86181640625
0.422,-3.54345703125,1.98193359375,0.98095703125
0.4225,-3.26318359375,2.38232421875,0.46044921875
0.423,-3.18310546875,2.82275390625,-0.06005859375
0.4235,-3.14306640625,3.26318359375,-0.62060546875
0.424,-2.46240234375,3.42333984375,-1.34130859375
0.4245,-1.94189453125,3.58349609375,-2.14208984375
0.425,-1.18115234375,3.54345703125,-2.82275390625
0.4255,-0.66064453125,3.30322265625,-3.02294921875
0.426,-0.26025390625,3.10302734375,-3.18310546875
0.4265,0.34033203125,2.90283203125,-3.58349609375
0.427,1.14111328125,2.26220703125,-3.70361328125
0.4275,1.94189453125,1.42138671875,-3.66357421875
0.428,2.34228515625,0.78076171875,-3.46337890625
0.4285,2.74267578125,0.22021484375,-3.26318359375
0.429,3.02294921875,-0.30029296875,-3.06298828125
0.4295,3.22314453125,-0.98095703125,-2.58251953125
0.43,3.50341796875,-1.82177734375,-2.02197265625
0.4305,3.42333984375,-2.62255859375,-1.18115234375
0.431,3.14306640625,-2.90283203125,-0.62060546875
0.4315,3.06298828125,-3.34326171875,-0.18017578125
0.432,2.86279296875,-3.78369140625,0.46044921875
0.4325,2.18212890625,-3.90380859375,1.26123046875
0.433,1.54150390625,-4.06396484375,1.98193359375
0.4335,0.78076171875,-3.90380859375,2.54248046875
0.434,0.38037109375,-3.70361328125,2.74267578125
0.4345,-0.14013671875,-3.38330078125,2.90283203125
0.435,-0.74072265625,-3.06298828125,3.18310546875
0.4355,-1.58154296875,-2.38232421875,3.34326171875
0.436,-2.30224609375,-1.54150390625,3.18310546875
0.4365,-2.58251953125,-0.94091796875,2.90283203125
0.437,-3.06298828125,-0.38037109375,2.86279296875
0.4375,-3.30322265625,0.14013671875,2.54248046875
0.438,-3.38330078125,0.90087890625,1.94189453125
0.4385,-3.58349609375,1.70166015625,1.34130859375
0.439,-3.46337890625,2.46240234375,0.50048828125
0.4395,-3.18310546875,2.62255859375,0.02001953125
0.44,-3.14306640625,3.06298828125,-0.46044921875
0.4405,-2.82275390625,3.46337890625,-1.14111328125
0.441,-1.98193359375,3.50341796875,-1.98193359375
0.4415,-1.42138671875,3.62353515625,-2.58251953125
0.442,-0.78076171875,3.46337890625,-3.02294921875
0.4425,-0.38037109375,3.26318359375,-3.22314453125
0.443,0.18017578125,2.90283203125,-3.38330078125
0.4435,0.86083984375,2.46240234375,-3.62353515625
0.444,1.66162109375,1.82177734375,-3.74365234375
0.4445,2.34228515625,0.94091796875,-3.54345703125
0.445,2.54248046875,0.38037109375,-3.22314453125
0.4455,3.02294921875,-0.10009765625,-3.18310546875
0.446,3.22314453125,-0.70068359375,-2.86279296875
0.4465,3.30322265625,-1.50146484375,-2.14208984375
0.447,3.46337890625,-2.26220703125,-1.58154296875
0.4475,3.26318359375,-2.90283203125,-0.78076171875
0.448,3.06298828125,-3.18310546875,-0.34033203125
0.4485,2.90283203125,-3.58349609375,0.18017578125
0.449,2.50244140625,-3.90380859375,0.94091796875
0.4495,1.66162109375,-3.98388671875,1.78173828125
0.45,1.10107421875,-3.86376953125,2.30224609375
0.4505,0.54052734375,-3.66357421875,2.58251953125
0.451,0.14013671875,-3.58349609375,2.90283203125
0.4515,-0.50048828125,-3.18310546875,3.06298828125
0.452,-1.18115234375,-2.58251953125,3.14306640625
0.4525,-1.94189453125,-1.94189453125,3.26318359375
0.453,-2.54248046875,-1.14111328125,3.02294921875
0.4535,-2.70263671875,-0.62060546875,2.70263671875
0.454,-3.14306640625,-0.14013671875,2.66259765625
0.4545,-3.34326171875,0.58056640625,2.26220703125
0.455,-3.42333984375,1.38134765625,1.50146484375
0.4555,-3.38330078125,1.98193359375,0.94091796875
0.456,-3.26318359375,2.54248046875,0.26025390625
0.4565,-3.18310546875,2.78271484375,-0.18017578125
0.457,-2.86279296875,3.10302734375,-0.78076171875
0.4575,-2.38232421875,3.42333984375,-1.50146484375
0.458,-1.62158203125,3.54345703125,-2.30224609375
0.4585,-1.10107421875,3.38330078125,-2.70263671875
0.459,-0.62060546875,3.14306640625,-2.86279296875
0.4595,-0.18017578125,3.14306640625,-3.22314453125
0.46,0.50048828125,2.58251953125,-3.38330078125
0.4605,1.18115234375,1.98193359375,-3.46337890625
0.461,1.82177734375,1.38134765625,-3.54345703125
0.4615,2.30224609375,0.66064453125,-3.26318359375
0.462,2.54248046875,0.26025390625,-3.06298828125
0.4625,2.86279296875,-0.30029296875,-2.90283203125
0.463,3.14306640625,-0.98095703125,-2.50244140625
0.4635,3.22314453125,-1.82177734375,-1.78173828125
0.464,3.10302734375,-2.26220703125,-1.26123046875
0.4645,2.98291015625,-2.78271484375,-0.70068359375
0.465,2.98291015625,-3.18310546875,-0.30029296875
0.4655,2.54248046875,-3.42333984375,0.38037109375
0.466,2.06201171875,-3.62353515625,1.06103515625
0.4665,1.46142578125,-3.74365234375,1.78173828125
0.467,0.98095703125,-3.54345703125,2.10205078125
0.4675,0.58056640625,-3.34326171875,2.26220703125
0.468,0.10009765625,-3.30322265625,2.66259765625
0.4685,-0.58056640625,-2.86279296875,2.86279296875
0.469,-1.26123046875,-2.22216796875,2.86279296875
0.4695,-1.78173828125,-1.70166015625,2.86279296875
0.47,-2.26220703125,-1.06103515625,2.70263671875
0.4705,-2.58251953125,-0.66064453125,2.62255859375
0.471,-2.82275390625,-0.14013671875,2.38232421875
0.4715,-3.10302734375,0.54052734375,1.98193359375
0.472,-3.18310546875,1.34130859375,1.30126953125
0.4725,-3.06298828125,1.66162109375,0.78076171875
0.473,-2.98291015625,2.14208984375,0.34033203125
0.4735,-3.06298828125,2.66259765625,-0.10009765625
0.474,-2.58251953125,2.90283203125,-0.78076171875
0.4745,-2.06201171875,3.10302734375,-1.46142578125
0.475,-1.58154296875,3.18310546875,-1.98193359375
0.4755,-1.10107421875,3.06298828125,-2.38232421875
0.476,-0.70068359375,2.94287109375,-2.58251953125
0.4765,-0.18017578125,2.82275390625,-2.94287109375
0.477,0.46044921875,2.42236328125,-3.18310546875
0.4775,1.22119140625,1.74169921875,-3.22314453125
0.478,1.58154296875,1.26123046875,-3.14306640625
0.4785,2.06201171875,0.66064453125,-3.06298828125
0.479,2.50244140625,0.26025390625,-3.06298828125
0.4795,2.74267578125,-0.38037109375,-2.66259765625
0.48,2.98291015625,-1.10107421875,-2.26220703125
0.4805,3.06298828125,-1.94189453125,-1.62158203125
0.481,2.90283203125,-2.26220703125,-1.14111328125
0.4815,2.86279296875,-2.62255859375,-0.62060546875
0.482,2.86279296875,-3.14306640625,-0.14013671875
0.4825,2.30224609375,-3.42333984375,0.62060546875
0.483,1.74169921875,-3.54345703125,1.34130859375
0.4835,1.26123046875,-3.54345703125,1.78173828125
0.484,0.78076171875,-3.46337890625,2.14208984375
0.4845,0.38037109375,-3.34326171875,2.42236328125
0.485,-0.26025390625,-2.98291015625,2.62255859375
0.4855,-0.98095703125,-2.54248046875,2.86279296875
0.486,-1.70166015625,-1.78173828125,2.90283203125
0.4865,-1.98193359375,-1.30126953125,2.70263671875
0.487,-2.46240234375,-0.78076171875,2.62255859375
0.4875,-2.86279296875,-0.30029296875,2.58251953125
0.488,-3.02294921875,0.46044921875,1.98193359375
0.4885,-3.18310546875,1.14111328125,1.46142578125
0.489,-3.18310546875,1.78173828125,0.82080078125
0.4895,-3.10302734375,2.18212890625,0.34033203125
0.49,-2.94287109375,2.58251953125,-0.06005859375
0.4905,-2.74267578125,2.98291015625,-0.66064453125
0.491,-2.18212890625,3.18310546875,-1.46142578125
0.4915,-1.54150390625,3.30322265625,-2.22216796875
0.492,-1.10107421875,3.10302734375,-2.42236328125
0.4925,-0.66064453125,3.06298828125,-2.74267578125
0.493,-0.18017578125,2.90283203125,-3.06298828125
0.4935,0.50048828125,2.38232421875,-3.18310546875
0.494,1.22119140625,1.90185546875,-3.34326171875
0.4945,1.90185546875,1.14111328125,-3.34326171875
0.495,2.14208984375,0.62060546875,-3.06298828125
0.4955,2.54248046875,0.18017578125,-2.98291015625
0.496,2.86279296875,-0.34033203125,-2.86279296875
0.4965,3.02294921875,-1.22119140625,-2.22216796875
0.497,3.14306640625,-1.94189453125,-1.62158203125
0.4975,2.98291015625,-2.38232421875,-1.02099609375
0.498,2.94287109375,-2.78271484375,-0.62060546875
0.4985,2.82275390625,-3.14306640625,-0.14013671875
0.499,2.42236328125,-3.38330078125,0.54052734375
0.4995,1.90185546875,-3.62353515625,1.30126953125
0.5,1.22119140625,-3.70361328125,1.94189453125
0.5005,0.78076171875,-3.46337890625,2.06201171875
0.501,0.38037109375,-3.38330078125,2.46240234375
0.5015,-0.14013671875,-3.18310546875,2.74267578125
0.502,-0.82080078125,-2.54248046875,2.82275390625
0.5025,-1.50146484375,-2.02197265625,2.94287109375
0.503,-2.06201171875,-1.34130859375,2.82275390625
0.5035,-2.38232421875,-0.90087890625,2.66259765625
0.504,-2.82275390625,-0.54052734375,2.54248046875
0.5045,-3.02294921875,0.10009765625,2.30224609375
0.505,-3.18310546875,0.94091796875,1.66162109375
0.5055,-3.18310546875,1.62158203125,1.02099609375
0.506,-3.06298828125,1.98193359375,0.54052734375
0.5065,-3.10302734375,2.50244140625,0.10009765625
0.507,-2.86279296875,2.86279296875,-0.46044921875
0.5075,-2.34228515625,3.06298828125,-1.14111328125
0.508,-1.86181640625,3.26318359375,-1.86181640625
0.5085,-1.26123046875,3.26318359375,-2.42236328125
0.509,-0.86083984375,3.06298828125,-2.54248046875
0.5095,-0.42041015625,2.94287109375,-2.90283203125
0.51,0.14013671875,2.70263671875,-3.18310546875
0.5105,0.94091796875,2.06201171875,-3.26318359375
0.511,1.58154296875,1.46142578125,-3.34326171875
0.5115,1.98193359375,0.82080078125,-3.18310546875
0.512,2.50244140625,0.30029296875,-3.22314453125
0.5125,2.70263671875,-0.18017578125,-2.90283203125
0.513,2.94287109375,-0.78076171875,-2.54248046875
0.5135,3.14306640625,-1.58154296875,-1.94189453125
0.514,3.10302734375,-2.26220703125,-1.26123046875
0.5145,2.86279296875,-2.54248046875,-0.78076171875
0.515,2.94287109375,-3.06298828125,-0.34033203125
0.5155,2.66259765625,-3.38330078125,0.30029296875
0.516,1.98193359375,-3.54345703125,1.06103515625
0.5165,1.54150390625,-3.66357421875,1.62158203125
0.517,0.94091796875,-3.58349609375,2.14208984375
0.5175,0.58056640625,-3.42333984375,2.30224609375
0.518,0.06005859375,-3.18310546875,2.58251953125
0.5185,-0.58056640625,-2.86279296875,2.86279296875
0.519,-1.34130859375,-2.18212890625,2.94287109375
0.5195,-1.94189453125,-1.54150390625,2.86279296875
0.52,-2.26220703125,-0.98095703125,2.78271484375
0.5205,-2.70263671875,-0.62060546875,2.70263671875
0.521,-2.94287109375,-0.02001953125,2.38232421875
0.5215,-3.10302734375,0.70068359375,1.86181640625
0.522,-3.22314453125,1.42138671875,1.30126953125
0.5225,-3.18310546875,2.06201171875,0.62060546875
0.523,-3.02294921875,2.30224609375,0.22021484375
0.5235,-2.98291015625,2.78271484375,-0.30029296875
0.524,-2.58251953125,3.14306640625,-0.98095703125
0.5245,-1.90185546875,3.22314453125,-1.78173828125
0.525,-1.42138671875,3.22314453125,-2.22216796875
0.5255,-0.94091796875,3.14306640625,-2.58251953125
0.526,-0.58056640625,3.06298828125,-2.86279296875
0.5265,0.02001953125,2.70263671875,-3.06298828125
0.527,0.66064453125,2.30224609375,-3.26318359375
0.5275,1.46142578125,1.62158203125,-3.38330078125
0.528,1.94189453125,0.82080078125,-3.30322265625
0.5285,2.22216796875,0.50048828125,-3.06298828125
0.529,2.70263671875,0.02001953125,-3.06298828125
0.5295,2.90283203125,-0.62060546875,-2.66259765625
0.53,3.02294921875,-1.38134765625,-2.06201171875
0.5305,3.10302734375,-1.98193359375,-1.54150390625
0.531,3.02294921875,-2.54248046875,-0.94091796875
0.5315,2.90283203125,-2.86279296875,-0.50048828125
0.532,2.70263671875,-3.22314453125,0.06005859375
0.5325,2.30224609375,-3.54345703125,0.78076171875
0.533,1.58154296875,-3.70361328125,1.58154296875
0.5335,1.14111328125,-3.58349609375,1.94189453125
0.534,0.66064453125,-3.46337890625,2.26220703125
0.5345,0.26025390625,-3.46337890625,2.58251953125
0.535,-0.38037109375,-2.94287109375,2.78271484375
0.5355,-1.10107421875,-2.42236328125,2.90283203125
0.536,-1.70166015625,-1.74169921875,2.98291015625
0.5365,-2.22216796875,-1.22119140625,2.78271484375
0.537,-2.50244140625,-0.78076171875,2.62255859375
0.5375,-2.90283203125,-0.22021484375,2.54248046875
0.538,-3.18310546875,0.50048828125,2.10205078125
0.5385,-3.22314453125,1.34130859375,1.38134765625
0.539,-3.18310546875,1.82177734375,0.82080078125
0.5395,-3.14306640625,2.34228515625,0.30029296875
0.54,-3.06298828125,2.74267578125,-0.14013671875
0.5405,-2.66259765625,3.06298828125,-0.82080078125
0.541,-2.18212890625,3.26318359375,-1.54150390625
0.5415,-1.46142578125,3.38330078125,-2.34228515625
0.542,-1.02099609375,3.22314453125,-2.58251953125
0.5425,-0.62060546875,3.06298828125,-2.82275390625
0.543,-0.10009765625,3.02294921875,-3.18310546875
0.5435,0.62060546875,2.42236328125,-3.38330078125
0.544,1.30126953125,1.74169921875,-3.34326171875
0.5445,1.94189453125,1.10107421875,-3.38330078125
0.545,2.38232421875,0.50048828125,-3.30322265625
0.5455,2.62255859375,0.10009765625,-3.06298828125
0.546,3.02294921875,-0.54052734375,-2.82275390625
0.5465,3.22314453125,-1.34130859375,-2.26220703125
0.547,3.30322265625,-2.22216796875,-1.46142578125
0.5475,3.06298828125,-2.58251953125,-0.94091796875
0.548,3.02294921875,-3.02294921875,-0.42041015625
0.5485,2.94287109375,-3.46337890625,0.06005859375
0.549,2.30224609375,-3.66357421875,0.90087890625
0.5495,1.74169921875,-3.86376953125,1.62158203125
0.55,1.02099609375,-3.86376953125,2.30224609375
0.5505,0.62060546875,-3.62353515625,2.50244140625
0.551,0.14013671875,-3.42333984375,2.66259765625
0.5515,-0.42041015625,-3.18310546875,3.06298828125
0.552,-1.18115234375,-2.58251953125,3.06298828125
0.5525,-2.02197265625,-1.78173828125,3.14306640625
0.553,-2.38232421875,-1.18115234375,2.82275390625
0.5535,-2.82275390625,-0.62060546875,2.82275390625
0.554,-3.06298828125,-0.14013671875,2.58251953125
0.5545,-3.26318359375,0.62060546875,2.14208984375
0.555,-3.50341796875,1.38134765625,1.58154296875
0.5555,-3.46337890625,2.26220703125,0.70068359375
0.556,-3.18310546875,2.46240234375,0.22021484375
0.5565,-3.10302734375,2.86279296875,-0.26025390625
0.557,-2.94287109375,3.34326171875,-0.82080078125
0.5575,-2.22216796875,3.42333984375,-1.62158203125
0.558,-1.58154296875,3.58349609375,-2.38232421875
0.5585,-0.98095703125,3.46337890625,-2.86279296875
0.559,-0.50048828125,3.26318359375,-3.06298828125
0.5595,-0.06005859375,2.98291015625,-3.22314453125
0.56,0.58056640625,2.70263671875,-3.54345703125
0.5605,1.30126953125,1.94189453125,-3.66357421875
0.561,2.06201171875,1.22119140625,-3.46337890625
0.5615,2.38232421875,0.62060546875,-3.26318359375
0.562,2.82275390625,0.06005859375,-3.18310546875
0.5625,3.10302734375,-0.46044921875,-2.94287109375
0.563,3.18310546875,-1.18115234375,-2.38232421875
0.5635,3.38330078125,-1.98193359375,-1.78173828125
0.564,3.26318359375,-2.70263671875,-0.98095703125
0.5645,3.06298828125,-2.94287109375,-0.50048828125
0.565,2.94287109375,-3.34326171875,-0.06005859375
0.5655,2.70263671875,-3.78369140625,0.62060546875
0.566,1.94189453125,-3.82373046875,1.42138671875
0.5665,1.30126953125,-3.90380859375,2.10205078125
0.567,0.70068359375,-3.70361328125,2.46240234375
0.5675,0.30029296875,-3.62353515625,2.74267578125
0.568,-0.22021484375,-3.34326171875,2.86279296875
0.5685,-0.86083984375,-2.86279296875,3.10302734375
0.569,-1.74169921875,-2.34228515625,3.18310546875
0.5695,-2.38232421875,-1.34130859375,3.06298828125
0.57,-2.54248046875,-0.82080078125,2.74267578125
0.5705,-2.98291015625,-0.34033203125,2.74267578125
0.571,-3.26318359375,0.22021484375,2.50244140625
0.5715,-3.34326171875,1.02099609375,1.78173828125
0.572,-3.46337890625,1.74169921875,1.18115234375
0.5725,-3.30322265625,2.38232421875,0.46044921875
0.573,-3.18310546875,2.66259765625,0.02001953125
0.5735,-2.94287109375,3.02294921875,-0.50048828125
0.574,-2.58251953125,3.38330078125,-1.22119140625
0.5745,-1.86181640625,3.50341796875,-2.06201171875
0.575,-1.26123046875,3.46337890625,-2.58251953125
0.5755,-0.78076171875,3.18310546875,-2.82275390625
0.576,-0.30029296875,3.18310546875,-3.22314453125
0.5765,0.22021484375,2.78271484375,-3.38330078125
0.577,1.06103515625,2.26220703125,-3.54345703125
0.5775,1.66162109375,1.62158203125,-3.62353515625
0.578,2.30224609375,0.78076171875,-3.38330078125
0.5785,2.50244140625,0.34033203125,-3.14306640625
0.579,2.90283203125,-0.14013671875,-3.06298828125
0.5795,3.22314453125,-0.82080078125,-2.70263671875
0.58,3.26318359375,-1.70166015625,-1.94189453125
0.5805,3.26318359375,-2.30224609375,-1.38134765625
0.581,3.14306640625,-2.82275390625,-0.70068359375
0.5815,3.06298828125,-3.22314453125,-0.30029296875
0.582,2.74267578125,-3.54345703125,0.30029296875
0.5825,2.26220703125,-3.82373046875,1.10107421875
0.583,1.54150390625,-3.94384765625,1.94189453125
0.5835,0.94091796875,-3.82373046875,2.38232421875
0.584,0.46044921875,-3.58349609375,2.54248046875
0.5845,0.02001953125,-3.54345703125,2.90283203125
0.585,-0.78076171875,-3.14306640625,3.14306640625
0.5855,-1.42138671875,-2.30224609375,3.14306640625
0.586,-2.06201171875,-1.70166015625,3.18310546875
0.5865,-2.58251953125,-0.94091796875,2.94287109375
0.587,-2.82275390625,-0.50048828125,2.74267578125
0.5875,-3.18310546875,0.06005859375,2.54248046875
0.588,-3.46337890625,0.82080078125,2.06201171875
0.5885,-3.54345703125,1.74169921875,1.26123046875
0.589,-3.34326171875,2.22216796875,0.62060546875
0.5895,-3.18310546875,2.66259765625,0.06005859375
0.59,-3.18310546875,3.14306640625,-0.38037109375
0.5905,-2.70263671875,3.34326171875,-1.14111328125
0.591,-2.10205078125,3.58349609375,-1.90185546875
0.5915,-1.34130859375,3.66357421875,-2.66259765625
0.592,-0.78076171875,3.38330078125,-3.06298828125
0.5925,-0.38037109375,3.14306640625,-3.10302734375
0.593,0.10009765625,2.94287109375,-3.62353515625
0.5935,0.94091796875,2.50244140625,-3.70361328125
0.594,1.78173828125,1.62158203125,-3.70361328125
0.5945,2.26220703125,0.98095703125,-3.58349609375
0.595,2.74267578125,0.30029296875,-3.34326171875
0.5955,3.02294921875,-0.14013671875,-3.18310546875
0.596,3.26318359375,-0.82080078125,-2.78271484375
0.5965,3.54345703125,-1.66162109375,-2.26220703125
0.597,3.54345703125,-2.62255859375,-1.34130859375
0.5975,3.34326171875,-2.98291015625,-0.70068359375
0.598,3.14306640625,-3.34326171875,-0.18017578125
0.5985,3.06298828125,-3.86376953125,0.34033203125
0.599,2.30224609375,-4.02392578125,1.22119140625
0.5995,1.66162109375,-4.18408203125,2.06201171875
0.6,0.90087890625,-4.14404296875,2.70263671875
0.6005,0.38037109375,-3.90380859375,2.94287109375
0.601,-0.10009765625,-3.54345703125,3.06298828125
0.6015,-0.66064453125,-3.26318359375,3.38330078125
0.602,-1.54150390625,-2.58251953125,3.50341796875
0.6025,-2.46240234375,-1.58154296875,3.42333984375
0.603,-2.78271484375,-0.98095703125,3.14306640625
0.6035,-3.22314453125,-0.30029296875,2.94287109375
0.604,-3.50341796875,0.22021484375,2.70263671875
0.6045,-3.62353515625,0.94091796875,2.14208984375
0.605,-3.82373046875,1.82177734375,1.50146484375
0.6055,-3.74365234375,2.70263671875,0.50048828125
0.606,-3.38330078125,2.94287109375,-0.06005859375
0.6065,-3.18310546875,3.34326171875,-0.58056640625
0.607,-3.06298828125,3.82373046875,-1.18115234375
0.6075,-2.18212890625,3.82373046875,-2.06201171875
0.608,-1.42138671875,3.90380859375,-2.90283203125
0.6085,-0.70068359375,3.70361328125,-3.38330078125
0.609,-0.30029296875,3.46337890625,-3.62353515625
0.6095,0.30029296875,3.14306640625,-3.70361328125
0.61,0.98095703125,2.70263671875,-3.98388671875
0.6105,1.86181640625,1.94189453125,-4.02392578125
0.611,2.70263671875,0.94091796875,-3.86376953125
0.6115,2.94287109375,0.30029296875,-3.54345703125
0.612,3.34326171875,-0.30029296875,-3.34326171875
0.6125,3.58349609375,-0.90087890625,-3.06298828125
0.613,3.62353515625,-1.70166015625,-2.30224609375
0.6135,3.78369140625,-2.58251953125,-1.58154296875
0.614,3.58349609375,-3.34326171875,-0.62060546875
0.6145,3.26318359375,-3.58349609375,-0.14013671875
0.615,3.10302734375,-3.90380859375,0.38037109375
0.6155,2.74267578125,-4.34423828125,1.14111328125
0.616,1.78173828125,-4.34423828125,2.02197265625
0.6165,1.06103515625,-4.34423828125,2.70263671875
0.617,0.34033203125,-4.10400390625,3.06298828125
0.6175,-0.06005859375,-3.82373046875,3.34326171875
0.618,-0.62060546875,-3.38330078125,3.38330078125
0.6185,-1.34130859375,-2.82275390625,3.54345703125
0.619,-2.22216796875,-2.02197265625,3.58349609375
0.6195,-2.90283203125,-1.02099609375,3.34326171875
0.62,-3.10302734375,-0.50048828125,2.94287109375
0.6205,-3.54345703125,0.06005859375,2.86279296875
0.621,-3.70361328125,0.70068359375,2.50244140625
0.6215,-3.70361328125,1.50146484375,1.62158203125
0.622,-3.78369140625,2.30224609375,0.98095703125
0.6225,-3.54345703125,2.90283203125,0.14013671875
0.623,-3.30322265625,3.18310546875,-0.34033203125
0.6235,-3.06298828125,3.50341796875,-0.86083984375
0.624,-2.62255859375,3.82373046875,-1.62158203125
0.6245,-1.74169921875,3.78369140625,-2.54248046875
0.625,-1.14111328125,3.70361328125,-3.06298828125
0.6255,-0.50048828125,3.46337890625,-3.34326171875
0.626,-0.06005859375,3.34326171875,-3.62353515625
0.6265,0.54052734375,2.86279296875,-3.70361328125
0.627,1.26123046875,2.26220703125,-3.82373046875
0.6275,2.06201171875,1.54150390625,-3.86376953125
0.628,2.62255859375,0.62060546875,-3.58349609375
0.6285,2.82275390625,0.14013671875,-3.22314453125
0.629,3.26318359375,-0.38037109375,-3.18310546875
0.6295,3.50341796875,-1.10107421875,-2.74267578125
0.63,3.46337890625,-1.90185546875,-1.94189453125
0.6305,3.46337890625,-2.54248046875,-1.30126953125
0.631,3.26318359375,-3.10302734375,-0.58056640625
0.6315,3.14306640625,-3.46337890625,-0.14013671875
0.632,2.82275390625,-3.78369140625,0.46044921875
0.6325,2.34228515625,-4.10400390625,1.22119140625
0.633,1.46142578125,-4.14404296875,2.02197265625
0.6335,0.94091796875,-3.90380859375,2.50244140625
0.634,0.38037109375,-3.66357421875,2.66259765625
0.6345,-0.02001953125,-3.58349609375,3.06298828125
0.635,-0.66064453125,-3.06298828125,3.18310546875
0.6355,-1.42138671875,-2.42236328125,3.22314453125
0.636,-2.10205078125,-1.78173828125,3.26318359375
0.6365,-2.62255859375,-0.98095703125,2.94287109375
0.637,-2.86279296875,-0.50048828125,2.74267578125
0.6375,-3.22314453125,0.06005859375,2.58251953125
0.638,-3.54345703125,0.78076171875,2.18212890625
0.6385,-3.54345703125,1.62158203125,1.30126953125
0.639,-3.38330078125,2.18212890625,0.70068359375
0.6395,-3.22314453125,2.62255859375,0.10009765625
0.64,-3.18310546875,3.06298828125,-0.34033203125
0.6405,-2.74267578125,3.26318359375,-0.98095703125
0.641,-2.26220703125,3.54345703125,-1.78173828125
0.6415,-1.46142578125,3.62353515625,-2.54248046875
0.642,-0.90087890625,3.38330078125,-2.86279296875
0.6425,-0.46044921875,3.18310546875,-3.06298828125
0.643,0.02001953125,3.14306640625,-3.46337890625
0.6435,0.78076171875,2.54248046875,-3.62353515625
0.644,1.58154296875,1.78173828125,-3.58349609375
0.6445,2.14208984375,1.14111328125,-3.54345703125
0.645,2.58251953125,0.42041015625,-3.30322265625
0.6455,2.90283203125,0.02001953125,-3.18310546875
0.646,3.18310546875,-0.62060546875,-2.86279296875
0.6465,3.42333984375,-1.42138671875,-2.34228515625
0.647,3.42333984375,-2.34228515625,-1.46142578125
0.6475,3.18310546875,-2.70263671875,-0.90087890625
0.648,3.10302734375,-3.18310546875,-0.34033203125
0.6485,3.06298828125,-3.70361328125,0.14013671875
0.649,2.42236328125,-3.82373046875,0.94091796875
0.6495,1.82177734375,-4.02392578125,1.74169921875
0.65,1.06103515625,-3.98388671875,2.42236328125
0.6505,0.54052734375,-3.74365234375,2.62255859375
0.651,0.10009765625,-3.50341796875,2.82275390625
0.6515,-0.50048828125,-3.26318359375,3.18310546875
0.652,-1.26123046875,-2.62255859375,3.30322265625
0.6525,-2.06201171875,-1.78173828125,3.22314453125
0.653,-2.50244140625,-1.14111328125,3.02294921875
0.6535,-2.90283203125,-0.54052734375,2.86279296875
0.654,-3.18310546875,-0.02001953125,2.70263671875
0.6545,-3.38330078125,0.62060546875,2.22216796875
0.655,-3.62353515625,1.42138671875,1.62158203125
0.6555,-3.54345703125,2.26220703125,0.74072265625
0.656,-3.26318359375,2.54248046875,0.18017578125
0.6565,-3.14306640625,2.94287109375,-0.30029296875
0.657,-3.06298828125,3.38330078125,-0.90087890625
0.6575,-2.26220703125,3.50341796875,-1.66162109375
0.658,-1.62158203125,3.62353515625,-2.42236328125
0.6585,-0.98095703125,3.50341796875,-2.90283203125
0.659,-0.50048828125,3.30322265625,-3.18310546875
0.6595,0.02001953125,3.06298828125,-3.34326171875
0.66,0.58056640625,2.70263671875,-3.58349609375
0.6605,1.34130859375,2.06201171875,-3.74365234375
0.661,2.10205078125,1.18115234375,-3.58349609375
0.6615,2.42236328125,0.62060546875,-3.26318359375
0.662,2.82275390625,0.02001953125,-3.18310546875
0.6625,3.14306640625,-0.50048828125,-3.02294921875
0.663,3.18310546875,-1.14111328125,-2.42236328125
0.6635,3.42333984375,-1.94189453125,-1.86181640625
0.664,3.26318359375,-2.70263671875,-1.02099609375
0.6645,3.06298828125,-3.02294921875,-0.58056640625
0.665,2.94287109375,-3.42333984375,-0.10009765625
0.6655,2.74267578125,-3.78369140625,0.54052734375
0.666,2.02197265625,-3.82373046875,1.34130859375
0.6665,1.34130859375,-3.86376953125,2.02197265625
0.667,0.78076171875,-3.70361328125,2.38232421875
0.6675,0.34033203125,-3.58349609375,2.66259765625
0.668,-0.14013671875,-3.34326171875,2.86279296875
0.6685,-0.78076171875,-2.86279296875,3.02294921875
0.669,-1.50146484375,-2.30224609375,3.18310546875
0.6695,-2.18212890625,-1.46142578125,2.98291015625
0.67,-2.42236328125,-0.98095703125,2.74267578125
0.6705,-2.86279296875,-0.46044921875,2.66259765625
0.671,-3.18310546875,0.10009765625,2.54248046875
0.6715,-3.18310546875,0.78076171875,1.86181640625
0.672,-3.34326171875,1.46142578125,1.30126953125
0.6725,-3.18310546875,2.10205078125,0.58056640625
0.673,-3.14306640625,2.42236328125,0.14013671875
0.6735,-2.98291015625,2.86279296875,-0.30029296875
0.674,-2.70263671875,3.18310546875,-0.98095703125
0.6745,-2.06201171875,3.34326171875,-1.70166015625
0.675,-1.42138671875,3.30322265625,-2.30224609375
0.6755,-0.98095703125,3.14306640625,-2.54248046875
0.676,-0.54052734375,3.10302734375,-2.90283203125
0.6765,0.02001953125,2.86279296875,-3.18310546875
0.677,0.62060546875,2.34228515625,-3.22314453125
0.6775,1.30126953125,1.86181640625,-3.46337890625
0.678,1.94189453125,1.02099609375,-3.22314453125
0.6785,2.22216796875,0.58056640625,-3.06298828125
0.679,2.62255859375,0.10009765625,-3.02294921875
0.6795,2.94287109375,-0.50048828125,-2.82275390625
0.68,3.02294921875,-1.26123046875,-2.18212890625
0.6805,3.06298828125,-1.94189453125,-1.62158203125
0.681,2.90283203125,-2.42236328125,-1.02099609375
0.6815,3.02294921875,-2.82275390625,-0.62060546875
0.682,2.78271484375,-3.18310546875,-0.06005859375
0.6825,2.38232421875,-3.46337890625,0.62060546875
0.683,1.86181640625,-3.66357421875,1.34130859375
0.6835,1.22119140625,-3.54345703125,1.86181640625
0.684,0.78076171875,-3.38330078125,2.06201171875
0.6845,0.34033203125,-3.38330078125,2.50244140625
0.685,-0.22021484375,-3.14306640625,2.74267578125
0.6855,-0.90087890625,-2.50244140625,2.78271484375
0.686,-1.50146484375,-1.98193359375,2.90283203125
0.6865,-2.02197265625,-1.30126953125,2.74267578125
0.687,-2.42236328125,-0.86083984375,2.62255859375
0.6875,-2.74267578125,-0.34033203125,2.54248046875
0.688,-3.02294921875,0.22021484375,2.22216796875
0.6885,-3.18310546875,1.02099609375,1.58154296875
0.689,-3.14306640625,1.54150390625,0.98095703125
0.6895,-3.02294921875,2.02197265625,0.46044921875
0.69,-3.14306640625,2.54248046875,0.06005859375
0.6905,-2.78271484375,2.90283203125,-0.58056640625
0.691,-2.26220703125,3.06298828125,-1.22119140625
0.6915,-1.78173828125,3.26318359375,-1.94189453125
0.692,-1.18115234375,3.18310546875,-2.38232421875
0.6925,-0.78076171875,3.02294921875,-2.58251953125
0.693,-0.30029296875,2.90283203125,-2.94287109375
0.6935,0.30029296875,2.62255859375,-3.22314453125
0.694,1.02099609375,1.94189453125,-3.26318359375
0.6945,1.58154296875,1.38134765625,-3.26318359375
0.695,2.06201171875,0.74072265625,-3.14306640625
0.6955,2.50244140625,0.30029296875,-3.10302734375
0.696,2.74267578125,-0.30029296875,-2.82275390625
0.6965,2.98291015625,-0.98095703125,-2.42236328125
0.697,3.14306640625,-1.82177734375,-1.78173828125
0.6975,3.02294921875,-2.22216796875,-1.14111328125
0.698,2.86279296875,-2.58251953125,-0.70068359375
0.6985,2.94287109375,-3.18310546875,-0.22021484375
0.699,2.54248046875,-3.50341796875,0.50048828125
0.6995,1.86181640625,-3.54345703125,1.26123046875
0.7,1.38134765625,-3.66357421875,1.78173828125
0.7005,0.82080078125,-3.54345703125,2.18212890625
0.701,0.42041015625,-3.38330078125,2.42236328125
0.7015,-0.10009765625,-3.14306640625,2.66259765625
0.702,-0.78076171875,-2.70263671875,2.94287109375
0.7025,-1.58154296875,-1.98193359375,2.94287109375
0.703,-1.98193359375,-1.42138671875,2.78271484375
0.7035,-2.38232421875,-0.90087890625,2.62255859375
0.704,-2.82275390625,-0.46044921875,2.62255859375
0.7045,-3.02294921875,0.22021484375,2.22216796875
0.705,-3.18310546875,0.90087890625,1.66162109375
0.7055,-3.22314453125,1.70166015625,1.02099609375
0.706,-3.06298828125,2.10205078125,0.50048828125
0.7065,-2.98291015625,2.46240234375,0.06005859375
0.707,-2.86279296875,2.94287109375,-0.50048828125
0.7075,-2.42236328125,3.22314453125,-1.26123046875
0.708,-1.70166015625,3.26318359375,-1.98193359375
0.7085,-1.26123046875,3.18310546875,-2.34228515625
0.709,-0.78076171875,3.06298828125,-2.66259765625
0.7095,-0.34033203125,3.02294921875,-3.02294921875
0.71,0.26025390625,2.58251953125,-3.18310546875
0.7105,0.94091796875,2.14208984375,-3.38330078125
0.711,1.70166015625,1.38134765625,-3.38330078125
0.7115,2.02197265625,0.78076171875,-3.14306640625
0.712,2.38232421875,0.30029296875,-3.02294921875
0.7125,2.82275390625,-0.22021484375,-2.98291015625
0.713,2.98291015625,-0.98095703125,-2.50244140625
0.7135,3.10302734375,-1.62158203125,-1.86181640625
0.714,3.06298828125,-2.26220703125,-1.26123046875
0.7145,2.94287109375,-2.62255859375,-0.74072265625
0.715,2.90283203125,-3.06298828125,-0.30029296875
0.7155,2.62255859375,-3.38330078125,0.30029296875
0.716,2.14208984375,-3.70361328125,1.10107421875
0.7165,1.38134765625,-3.70361328125,1.86181640625
0.717,0.98095703125,-3.54345703125,2.06201171875
0.7175,0.50048828125,-3.42333984375,2.38232421875
0.718,0.06005859375,-3.34326171875,2.74267578125
0.7185,-0.62060546875,-2.74267578125,2.86279296875
0.719,-1.34130859375,-2.26220703125,2.98291015625
0.7195,-1.98193359375,-1.58154296875,2.94287109375
0.72,-2.30224609375,-1.02099609375,2.70263671875
0.7205,-2.62255859375,-0.58056640625,2.54248046875
0.721,-3.06298828125,0.02001953125,2.42236328125
0.7215,-3.22314453125,0.78076171875,1.94189453125
0.722,-3.26318359375,1.54150390625,1.22119140625
0.7225,-3.10302734375,1.98193359375,0.62060546875
0.723,-3.06298828125,2.42236328125,0.18017578125
0.7235,-2.98291015625,2.86279296875,-0.30029296875
0.724,-2.54248046875,3.10302734375,-0.98095703125
0.7245,-2.06201171875,3.34326171875,-1.74169921875
0.725,-1.30126953125,3.34326171875,-2.42236328125
0.7255,-0.94091796875,3.10302734375,-2.54248046875
0.726,-0.50048828125,3.02294921875,-2.86279296875
0.7265,0.02001953125,2.86279296875,-3.22314453125
0.727,0.78076171875,2.26220703125,-3.34326171875
0.7275,1.42138671875,1.62158203125,-3.34326171875
0.728,1.98193359375,0.94091796875,-3.26318359375
0.7285,2.30224609375,0.46044921875,-3.14306640625
0.729,2.58251953125,0.02001953125,-2.98291015625
0.7295,2.90283203125,-0.62060546875,-2.66259765625
0.73,3.18310546875,-1.38134765625,-2.14208984375
0.7305,3.14306640625,-2.10205078125,-1.42138671875
0.731,2.94287109375,-2.42236328125,-0.94091796875
0.7315,2.94287109375,-2.90283203125,-0.50048828125
0.732,2.82275390625,-3.30322265625,0.06005859375
0.7325,2.22216796875,-3.46337890625,0.78076171875
0.733,1.74169921875,-3.66357421875,1.42138671875
0.7335,1.10107421875,-3.62353515625,2.02197265625
0.734,0.70068359375,-3.38330078125,2.18212890625
0.7345,0.30029296875,-3.26318359375,2.50244140625
0.735,-0.30029296875,-3.06298828125,2.78271484375
0.7355,-1.02099609375,-2.50244140625,2.90283203125
0.736,-1.66162109375,-1.86181640625,2.86279296875
0.7365,-2.06201171875,-1.30126953125,2.70263671875
0.737,-2.50244140625,-0.82080078125,2.62255859375
0.7375,-2.82275390625,-0.30029296875,2.54248046875
0.738,-2.98291015625,0.34033203125,2.06201171875
0.7385,-3.22314453125,1.06103515625,1.62158203125
0.739,-3.14306640625,1.74169921875,0.90087890625
0.7395,-2.94287109375,2.06201171875,0.46044921875
0.74,-3.02294921875,2.54248046875,0.02001953125
0.7405,-2.86279296875,2.94287109375,-0.54052734375
0.741,-2.26220703125,3.06298828125,-1.26123046875
0.7415,-1.74169921875,3.18310546875,-1.94189453125
0.742,-1.18115234375,3.14306640625,-2.38232421875
0.7425,-0.78076171875,3.06298828125,-2.58251953125
0.743,-0.34033203125,2.86279296875,-2.86279296875
0.7435,0.26025390625,2.54248046875,-3.14306640625
0.744,1.02099609375,1.98193359375,-3.34326171875
0.7445,1.66162109375,1.26123046875,-3.22314453125
0.745,1.94189453125,0.74072265625,-3.10302734375
0.7455,2.42236328125,0.30029296875,-3.06298828125
0.746,2.74267578125,-0.22021484375,-2.86279296875
0.7465,2.86279296875,-0.90087890625,-2.34228515625
0.747,3.10302734375,-1.62158203125,-1.86181640625
0.7475,3.02294921875,-2.26220703125,-1.18115234375
0.748,2.90283203125,-2.58251953125,-0.78076171875
0.7485,2.86279296875,-3.02294921875,-0.30029296875
0.749,2.58251953125,-3.46337890625,0.38037109375
0.7495,1.94189453125,-3.58349609375,1.22119140625
0.75,1.38134765625,-3.58349609375,1.74169921875
0.7505,0.86083984375,-3.50341796875,2.06201171875
0.751,0.50048828125,-3.46337890625,2.42236328125
0.7515,-0.06005859375,-3.18310546875,2.66259765625
0.752,-0.70068359375,-2.70263671875,2.82275390625
0.7525,-1.50146484375,-2.18212890625,3.02294921875
0.753,-2.10205078125,-1.42138671875,2.82275390625
0.7535,-2.30224609375,-0.94091796875,2.62255859375
0.754,-2.74267578125,-0.46044921875,2.62255859375
0.7545,-3.06298828125,0.22021484375,2.30224609375
0.755,-3.18310546875,0.98095703125,1.62158203125
0.7555,-3.22314453125,1.62158203125,1.14111328125
0.756,-3.18310546875,2.18212890625,0.50048828125
0.7565,-3.06298828125,2.54248046875,0.06005859375
0.757,-2.82275390625,2.86279296875,-0.50048828125
0.7575,-2.42236328125,3.22314453125,-1.26123046875
0.758,-1.78173828125,3.38330078125,-2.06201171875
0.7585,-1.22119140625,3.26318359375,-2.46240234375
0.759,-0.78076171875,3.10302734375,-2.70263671875
0.7595,-0.34033203125,3.06298828125,-3.06298828125
0.76,0.34033203125,2.62255859375,-3.34326171875
0.7605,1.06103515625,1.98193359375,-3.38330078125
0.761,1.70166015625,1.38134765625,-3.50341796875
0.7615,2.26220703125,0.70068359375,-3.22314453125
0.762,2.50244140625,0.30029296875,-3.06298828125
0.7625,2.86279296875,-0.30029296875,-2.90283203125
0.763,3.18310546875,-0.98095703125,-2.54248046875
0.7635,3.26318359375,-1.90185546875,-1.78173828125
0.764,3.14306640625,-2.34228515625,-1.22119140625
0.7645,3.02294921875,-2.82275390625,-0.62060546875
0.765,2.98291015625,-3.22314453125,-0.18017578125
0.7655,2.54248046875,-3.54345703125,0.54052734375
0.766,2.02197265625,-3.74365234375,1.26123046875
0.7665,1.34130859375,-3.86376953125,2.02197265625
0.767,0.82080078125,-3.66357421875,2.30224609375
0.7675,0.38037109375,-3.42333984375,2.50244140625
0.768,-0.06005859375,-3.34326171875,2.86279296875
0.7685,-0.82080078125,-2.86279296875,3.06298828125
0.769,-1.62158203125,-2.10205078125,3.02294921875
0.7695,-2.10205078125,-1.54150390625,2.98291015625
0.77,-2.54248046875,-0.82080078125,2.82275390625
0.7705,-2.82275390625,-0.38037109375,2.66259765625
0.771,-3.10302734375,0.18017578125,2.38232421875
0.7715,-3.34326171875,0.94091796875,1.90185546875
0.772,-3.46337890625,1.86181640625,1.06103515625
0.7725,-3.18310546875,2.18212890625,0.50048828125
0.773,-3.06298828125,2.58251953125,0.02001953125
0.7735,-3.06298828125,3.06298828125,-0.50048828125
0.774,-2.50244140625,3.30322265625,-1.26123046875
0.7745,-1.90185546875,3.46337890625,-1.98193359375
0.775,-1.26123046875,3.50341796875,-2.58251953125
0.7755,-0.78076171875,3.26318359375,-2.86279296875
0.776,-0.34033203125,3.02294921875,-3.06298828125
0.7765,0.18017578125,2.82275390625,-3.38330078125
0.777,0.98095703125,2.26220703125,-3.62353515625
0.7775,1.82177734375,1.46142578125,-3.54345703125
0.778,2.22216796875,0.90087890625,-3.34326171875
0.7785,2.62255859375,0.30029296875,-3.18310546875
0.779,2.90283203125,-0.18017578125,-3.06298828125
0.7795,3.14306640625,-0.90087890625,-2.58251953125
0.78,3.34326171875,-1.66162109375,-2.06201171875
0.7805,3.34326171875,-2.54248046875,-1.26123046875
0.781,3.10302734375,-2.82275390625,-0.70068359375
0.7815,2.94287109375,-3.18310546875,-0.26025390625
0.782,2.86279296875,-3.70361328125,0.34033203125
0.7825,2.18212890625,-3.86376953125,1.18115234375
0.783,1.50146484375,-3.94384765625,1.94189453125
0.7835,0.90087890625,-3.82373046875,2.42236328125
0.784,0.42041015625,-3.70361328125,2.66259765625
0.7845,-0.02001953125,-3.46337890625,2.86279296875
0.785,-0.70068359375,-3.06298828125,3.06298828125
0.7855,-1.46142578125,-2.42236328125,3.26318359375
0.786,-2.30224609375,-1.54150390625,3.18310546875
0.7865,-2.50244140625,-0.98095703125,2.86279296875
0.787,-2.94287109375,-0.46044921875,2.78271484375
0.7875,-3.26318359375,0.10009765625,2.58251953125
0.788,-3.34326171875,0.90087890625,1.94189453125
0.7885,-3.54345703125,1.66162109375,1.34130859375
0.789,-3.46337890625,2.42236328125,0.58056640625
0.7895,-3.18310546875,2.66259765625,0.06005859375
0.79,-3.06298828125,3.02294921875,-0.42041015625
0.7905,-2.82275390625,3.42333984375,-1.02099609375
0.791,-2.06201171875,3.58349609375,-1.90185546875
0.7915,-1.34130859375,3.62353515625,-2.62255859375
0.792,-0.78076171875,3.34326171875,-2.90283203125
0.7925,-0.38037109375,3.26318359375,-3.22314453125
0.793,0.10009765625,2.90283203125,-3.46337890625
0.7935,0.82080078125,2.42236328125,-3.54345703125
0.794,1.58154296875,1.86181640625,-3.74365234375
0.7945,2.38232421875,0.94091796875,-3.58349609375
0.795,2.54248046875,0.42041015625,-3.22314453125
0.7955,2.94287109375,-0.10009765625,-3.18310546875
0.796,3.26318359375,-0.66064453125,-2.86279296875
0.7965,3.34326171875,-1.54150390625,-2.18212890625
0.797,3.42333984375,-2.26220703125,-1.54150390625
0.7975,3.30322265625,-2.90283203125,-0.78076171875
0.798,3.14306640625,-3.18310546875,-0.34033203125
0.7985,2.90283203125,-3.54345703125,0.18017578125
0.799,2.50244140625,-3.86376953125,0.90087890625
0.7995,1.78173828125,-3.98388671875,1.78173828125
0.8,1.06103515625,-4.02392578125,2.38232421875
0.8005,0.58056640625,-3.70361328125,2.54248046875
0.801,0.14013671875,-3.70361328125,2.90283203125
0.8015,-0.46044921875,-3.22314453125,3.10302734375
0.802,-1.22119140625,-2.58251953125,3.18310546875
0.8025,-1.94189453125,-1.94189453125,3.26318359375
0.803,-2.58251953125,-1.14111328125,3.10302734375
0.8035,-2.74267578125,-0.62060546875,2.78271484375
0.804,-3.18310546875,-0.10009765625,2.70263671875
0.8045,-3.42333984375,0.58056640625,2.34228515625
0.805,-3.54345703125,1.42138671875,1.54150390625
0.8055,-3.50341796875,2.06201171875,0.90087890625
0.806,-3.34326171875,2.62255859375,0.22021484375
0.8065,-3.22314453125,3.02294921875,-0.22021484375
0.807,-2.90283203125,3.26318359375,-0.82080078125
0.8075,-2.38232421875,3.58349609375,-1.62158203125
0.808,-1.62158203125,3.66357421875,-2.46240234375
0.8085,-0.98095703125,3.54345703125,-2.94287109375
0.809,-0.58056640625,3.18310546875,-3.10302734375
0.8095,-0.06005859375,3.22314453125,-3.50341796875
0.81,0.66064453125,2.70263671875,-3.70361328125
0.8105,1.46142578125,1.94189453125,-3.70361328125
0.811,2.14208984375,1.30126953125,-3.70361328125
0.8115,2.70263671875,0.50048828125,-3.50341796875
0.812,2.90283203125,0.02001953125,-3.22314453125
0.8125,3.22314453125,-0.58056640625,-3.02294921875
0.813,3.50341796875,-1.38134765625,-2.50244140625
0.8135,3.58349609375,-2.38232421875,-1.58154296875
0.814,3.42333984375,-2.86279296875,-0.98095703125
0.8145,3.22314453125,-3.26318359375,-0.34033203125
0.815,3.18310546875,-3.78369140625,0.14013671875
0.8155,2.58251953125,-3.98388671875,0.94091796875
0.816,1.94189453125,-4.18408203125,1.74169921875
0.8165,1.14111328125,-4.22412109375,2.54248046875
0.817,0.50048828125,-3.98388671875,2.86279296875
0.8175,0.06005859375,-3.58349609375,2.94287109375
0.818,-0.46044921875,-3.46337890625,3.30322265625
0.8185,-1.30126953125,-2.78271484375,3.46337890625
0.819,-2.18212890625,-1.90185546875,3.46337890625
0.8195,-2.66259765625,-1.22119140625,3.26318359375
0.82,-3.14306640625,-0.50048828125,3.02294921875
0.8205,-3.34326171875,0.02001953125,2.78271484375
0.821,-3.54345703125,0.66064453125,2.38232421875
0.8215,-3.78369140625,1.50146484375,1.74169921875
0.822,-3.82373046875,2.54248046875,0.78076171875
0.8225,-3.50341796875,2.82275390625,0.14013671875
0.823,-3.26318359375,3.18310546875,-0.38037109375
0.8235,-3.18310546875,3.66357421875,-0.94091796875
0.824,-2.42236328125,3.78369140625,-1.78173828125
0.8245,-1.66162109375,3.86376953125,-2.58251953125
0.825,-0.98095703125,3.82373046875,-3.26318359375
0.8255,-0.38037109375,3.58349609375,-3.50341796875
0.826,0.06005859375,3.18310546875,-3.54345703125
0.8265,0.62060546875,2.94287109375,-3.90380859375
0.827,1.50146484375,2.22216796875,-3.98388671875
0.8275,2.42236328125,1.26123046875,-3.90380859375
0.828,2.74267578125,0.58056640625,-3.58349609375
0.8285,3.18310546875,-0.06005859375,-3.38330078125
0.829,3.38330078125,-0.58056640625,-3.14306640625
0.8295,3.54345703125,-1.30126953125,-2.58251953125
0.83,3.70361328125,-2.18212890625,-1.90185546875
0.8305,3.66357421875,-3.10302734375,-0.98095703125
0.831,3.26318359375,-3.30322265625,-0.38037109375
0.8315,3.10302734375,-3.70361328125,0.06005859375
0.832,2.94287109375,-4.14404296875,0.70068359375
0.8325,2.10205078125,-4.18408203125,1.58154296875
0.833,1.34130859375,-4.30419921875,2.38232421875
0.8335,0.62060546875,-4.06396484375,2.86279296875
0.834,0.18017578125,-3.82373046875,3.06298828125
0.8345,-0.30029296875,-3.50341796875,3.18310546875
0.835,-0.94091796875,-3.06298828125,3.38330078125
0.8355,-1.78173828125,-2.38232421875,3.50341796875
0.836,-2.58251953125,-1.42138671875,3.34326171875
0.8365,-2.82275390625,-0.78076171875,2.98291015625
0.837,-3.18310546875,-0.26025390625,2.86279296875
0.8375,-3.46337890625,0.30029296875,2.62255859375
0.838,-3.54345703125,1.02099609375,1.94189453125
0.8385,-3.66357421875,1.82177734375,1.34130859375
0.839,-3.54345703125,2.58251953125,0.46044921875
0.8395,-3.26318359375,2.82275390625,0.02001953125
0.84,-3.14306640625,3.14306640625,-0.50048828125
0.8405,-2.90283203125,3.54345703125,-1.14111328125
0.841,-2.10205078125,3.58349609375,-2.02197265625
0.8415,-1.34130859375,3.70361328125,-2.70263671875
0.842,-0.78076171875,3.46337890625,-3.06298828125
0.8425,-0.34033203125,3.34326171875,-3.34326171875
0.843,0.14013671875,3.02294921875,-3.46337890625
0.8435,0.78076171875,2.54248046875,-3.62353515625
0.844,1.58154296875,1.90185546875,-3.78369140625
0.8445,2.30224609375,0.98095703125,-3.58349609375
0.845,2.54248046875,0.46044921875,-3.22314453125
0.8455,2.94287109375,-0.06005859375,-3.18310546875
0.846,3.22314453125,-0.62060546875,-2.94287109375
0.8465,3.26318359375,-1.38134765625,-2.22216796875
0.847,3.38330078125,-2.18212890625,-1.62158203125
0.8475,3.26318359375,-2.82275390625,-0.90087890625
0.848,3.10302734375,-3.14306640625,-0.46044921875
0.8485,2.90283203125,-3.50341796875,0.06005859375
0.849,2.54248046875,-3.86376953125,0.74072265625
0.8495,1.86181640625,-3.90380859375,1.58154296875
0.85,1.14111328125,-3.90380859375,2.22216796875
0.8505,0.66064453125,-3.66357421875,2.46240234375
0.851,0.26025390625,-3.62353515625,2.82275390625
0.8515,-0.30029296875,-3.26318359375,2.98291015625
0.852,-1.02099609375,-2.66259765625,3.10302734375
0.8525,-1.78173828125,-2.06201171875,3.18310546875
0.853,-2.42236328125,-1.26123046875,3.06298828125
0.8535,-2.58251953125,-0.74072265625,2.78271484375
0.854,-3.06298828125,-0.26025390625,2.70263671875
0.8545,-3.34326171875,0.38037109375,2.42236328125
0.855,-3.38330078125,1.26123046875,1.62158203125
0.8555,-3.38330078125,1.90185546875,0.98095703125
0.856,-3.26318359375,2.42236328125,0.34033203125
0.8565,-3.18310546875,2.78271484375,-0.06005859375
0.857,-2.90283203125,3.06298828125,-0.70068359375
0.8575,-2.50244140625,3.42333984375,-1.38134765625
0.858,-1.74169921875,3.58349609375,-2.26220703125
0.8585,-1.10107421875,3.46337890625,-2.74267578125
0.859,-0.62060546875,3.18310546875,-2.90283203125
0.8595,-0.22021484375,3.18310546875,-3.34326171875
0.86,0.46044921875,2.74267578125,-3.54345703125
0.8605,1.22119140625,2.06201171875,-3.54345703125
0.861,1.90185546875,1.42138671875,-3.58349609375
0.8615,2.46240234375,0.62060546875,-3.38330078125
0.862,2.66259765625,0.18017578125,-3.18310546875
0.8625,3.06298828125,-0.38037109375,-2.98291015625
0.863,3.34326171875,-1.14111328125,-2.54248046875
0.8635,3.38330078125,-2.06201171875,-1.74169921875
0.864,3.26318359375,-2.58251953125,-1.14111328125
0.8645,3.10302734375,-3.06298828125,-0.54052734375
0.865,3.06298828125,-3.54345703125,-0.10009765625
0.8655,2.58251953125,-3.70361328125,0.62060546875
0.866,2.02197265625,-3.90380859375,1.42138671875
0.8665,1.30126953125,-3.98388671875,2.22216796875
0.867,0.70068359375,-3.82373046875,2.58251953125
0.8675,0.30029296875,-3.54345703125,2.66259765625
0.868,-0.18017578125,-3.42333984375,3.06298828125
0.8685,-0.98095703125,-2.86279296875,3.22314453125
0.869,-1.78173828125,-2.02197265625,3.18310546875
0.8695,-2.30224609375,-1.42138671875,3.10302734375
0.87,-2.74267578125,-0.70068359375,2.86279296875
0.8705,-3.06298828125,-0.30029296875,2.70263671875
0.871,-3.26318359375,0.34033203125,2.38232421875
0.8715,-3.54345703125,1.14111328125,1.86181640625
0.872,-3.54345703125,1.98193359375,0.98095703125
0.8725,-3.26318359375,2.38232421875,0.34033203125
0.873,-3.18310546875,2.70263671875,-0.14013671875
0.8735,-3.14306640625,3.26318359375,-0.62060546875
0.874,-2.50244140625,3.42333984375,-1.38134765625
0.8745,-1.82177734375,3.54345703125,-2.18212890625
0.875,-1.18115234375,3.54345703125,-2.74267578125
0.8755,-0.66064453125,3.34326171875,-3.06298828125
0.876,-0.26025390625,3.06298828125,-3.18310546875
0.8765,0.30029296875,2.86279296875,-3.50341796875
0.877,1.06103515625,2.30224609375,-3.66357421875
0.8775,1.94189453125,1.42138671875,-3.58349609375
0.878,2.26220703125,0.82080078125,-3.34326171875
0.8785,2.66259765625,0.22021484375,-3.18310546875
0.879,2.98291015625,-0.26025390625,-3.10302734375
0.8795,3.14306640625,-0.90087890625,-2.58251953125
0.88,3.34326171875,-1.70166015625,-2.06201171875
0.8805,3.34326171875,-2.54248046875,-1.26123046875
0.881,3.06298828125,-2.86279296875,-0.70068359375
0.8815,2.94287109375,-3.18310546875,-0.26025390625
0.882,2.90283203125,-3.70361328125,0.30029296875
0.8825,2.22216796875,-3.82373046875,1.10107421875
0.883,1.50146484375,-3.90380859375,1.90185546875
0.8835,0.94091796875,-3.78369140625,2.30224609375
0.884,0.50048828125,-3.66357421875,2.58251953125
0.8845,0.06005859375,-3.38330078125,2.78271484375
0.885,-0.54052734375,-3.06298828125,2.98291015625
0.8855,-1.26123046875,-2.54248046875,3.18310546875
0.886,-2.10205078125,-1.62158203125,3.10302734375
0.8865,-2.38232421875,-1.10107421875,2.82275390625
0.887,-2.78271484375,-0.54052734375,2.70263671875
0.8875,-3.14306640625,-0.06005859375,2.62255859375
0.888,-3.18310546875,0.62060546875,1.98193359375
0.8885,-3.42333984375,1.34130859375,1.46142578125
0.889,-3.34326171875,2.06201171875,0.66064453125
0.8895,-3.14306640625,2.46240234375,0.22021484375
0.89,-3.02294921875,2.78271484375,-0.26025390625
0.8905,-2.86279296875,3.22314453125,-0.82080078125
0.891,-2.22216796875,3.38330078125,-1.62158203125
0.8915,-1.46142578125,3.46337890625,-2.38232421875
0.892,-0.98095703125,3.22314453125,-2.58251953125
0.8925,-0.58056640625,3.18310546875,-2.94287109375
0.893,-0.10009765625,2.98291015625,-3.18310546875
0.8935,0.54052734375,2.50244140625,-3.34326171875
0.894,1.26123046875,1.98193359375,-3.54345703125
0.8945,1.98193359375,1.14111328125,-3.38330078125
0.895,2.22216796875,0.62060546875,-3.14306640625
0.8955,2.62255859375,0.14013671875,-3.06298828125
0.896,3.02294921875,-0.46044921875,-2.90283203125
0.8965,3.06298828125,-1.22119140625,-2.26220703125
0.897,3.18310546875,-1.94189453125,-1.70166015625
0.8975,3.06298828125,-2.42236328125,-1.02099609375
0.898,2.98291015625,-2.86279296875,-0.62060546875
0.8985,2.86279296875,-3.18310546875,-0.10009765625
0.899,2.54248046875,-3.54345703125,0.50048828125
0.8995,1.94189453125,-3.70361328125,1.26123046875
0.9,1.26123046875,-3.70361328125,1.94189453125
0.9005,0.82080078125,-3.46337890625,2.10205078125
0.901,0.42041015625,-3.46337890625,2.50244140625
0.9015,-0.06005859375,-3.22314453125,2.74267578125
0.902,-0.74072265625,-2.62255859375,2.78271484375
0.9025,-1.42138671875,-2.18212890625,2.94287109375
0.903,-2.02197265625,-1.42138671875,2.82275390625
0.9035,-2.30224609375,-0.94091796875,2.62255859375
0.904,-2.70263671875,-0.50048828125,2.54248046875
0.9045,-3.02294921875,0.06005859375,2.38232421875
0.905,-3.18310546875,0.78076171875,1.74169921875
0.9055,-3.18310546875,1.54150390625,1.14111328125
0.906,-3.02294921875,1.94189453125,0.58056640625
0.9065,-3.06298828125,2.42236328125,0.18017578125
0.907,-2.90283203125,2.74267578125,-0.30029296875
0.9075,-2.46240234375,2.98291015625,-0.98095703125
0.908,-1.94189453125,3.22314453125,-1.66162109375
0.9085,-1.30126953125,3.18310546875,-2.26220703125
0.909,-0.98095703125,3.02294921875,-2.46240234375
0.9095,-0.50048828125,2.98291015625,-2.82275390625
0.91,0.02001953125,2.78271484375,-3.14306640625
0.9105,0.70068359375,2.18212890625,-3.18310546875
0.911,1.34130859375,1.62158203125,-3.26318359375
0.9115,1.86181640625,0.98095703125,-3.14306640625
0.912,2.26220703125,0.46044921875,-3.06298828125
0.9125,2.54248046875,0.02001953125,-2.90283203125
0.913,2.82275390625,-0.62060546875,-2.62255859375
0.9135,3.06298828125,-1.34130859375,-2.06201171875
0.914,3.02294921875,-2.02197265625,-1.42138671875
0.9145,2.90283203125,-2.38232421875,-0.94091796875
0.915,2.98291015625,-2.90283203125,-0.50048828125
0.9155,2.70263671875,-3.26318359375,0.10009765625
0.916,2.10205078125,-3.38330078125,0.82080078125
0.9165,1.66162109375,-3.62353515625,1.46142578125
0.917,1.02099609375,-3.54345703125,2.02197265625
0.9175,0.66064453125,-3.38330078125,2.22216796875
0.918,0.22021484375,-3.22314453125,2.50244140625
0.9185,-0.38037109375,-2.98291015625,2.82275390625
0.919,-1.22119140625,-2.30224609375,2.86279296875
0.9195,-1.78173828125,-1.66162109375,2.86279296875
0.92,-2.22216796875,-1.14111328125,2.70263671875
0.9205,-2.62255859375,-0.66064453125,2.70263671875
0.921,-2.90283203125,-0.14013671875,2.38232421875
0.9215,-3.06298828125,0.58056640625,1.94189453125
0.922,-3.26318359375,1.38134765625,1.34130859375
0.9225,-3.18310546875,1.94189453125,0.70068359375
0.923,-3.02294921875,2.26220703125,0.26025390625
0.9235,-3.02294921875,2.78271484375,-0.26025390625
0.924,-2.62255859375,3.14306640625,-0.94091796875
0.9245,-1.94189453125,3.18310546875,-1.66162109375
0.925,-1.46142578125,3.26318359375,-2.22216796875
0.9255,-0.94091796875,3.18310546875,-2.62255859375
0.926,-0.54052734375,3.10302734375,-2.90283203125
0.9265,0.02001953125,2.74267578125,-3.06298828125
0.927,0.66064453125,2.38232421875,-3.34326171875
0.9275,1.46142578125,1.62158203125,-3.38330078125
0.928,1.94189453125,0.94091796875,-3.26318359375
0.9285,2.26220703125,0.46044921875,-3.06298828125
0.929,2.70263671875,0.02001953125,-3.10302734375
0.9295,2.94287109375,-0.62060546875,-2.62255859375
0.93,3.06298828125,-1.34130859375,-2.06201171875
0.9305,3.14306640625,-2.06201171875,-1.46142578125
0.931,3.06298828125,-2.58251953125,-0.90087890625
0.9315,2.90283203125,-2.86279296875,-0.46044921875
0.932,2.74267578125,-3.26318359375,0.10009765625
0.9325,2.30224609375,-3.62353515625,0.82080078125
0.933,1.58154296875,-3.70361328125,1.58154296875
0.9335,1.10107421875,-3.58349609375,1.98193359375
0.934,0.62060546875,-3.46337890625,2.26220703125
0.9345,0.22021484375,-3.42333984375,2.62255859375
0.935,-0.38037109375,-2.90283203125,2.74267578125
0.9355,-1.06103515625,-2.50244140625,2.90283203125
0.936,-1.78173828125,-1.82177734375,2.94287109375
0.9365,-2.22216796875,-1.18115234375,2.70263671875
0.937,-2.46240234375,-0.74072265625,2.54248046875
0.9375,-2.86279296875,-0.22021484375,2.54248046875
0.938,-3.10302734375,0.46044921875,2.06201171875
0.9385,-3.18310546875,1.22119140625,1.42138671875
0.939,-3.14306640625,1.74169921875,0.90087890625
0.9395,-3.06298828125,2.22216796875,0.34033203125
0.94,-3.02294921875,2.58251953125,-0.06005859375
0.9405,-2.70263671875,2.86279296875,-0.62060546875
0.941,-2.26220703125,3.18310546875,-1.30126953125
0.9415,-1.58154296875,3.26318359375,-2.06201171875
0.942,-1.14111328125,3.10302734375,-2.34228515625
0.9425,-0.70068359375,2.98291015625,-2.62255859375
0.943,-0.30029296875,2.98291015625,-3.02294921875
0.9435,0.34033203125,2.50244140625,-3.18310546875
0.944,1.02099609375,1.90185546875,-3.26318359375
0.9445,1.58154296875,1.30126953125,-3.26318359375
0.945,2.02197265625,0.66064453125,-3.06298828125
0.9455,2.34228515625,0.30029296875,-2.98291015625
0.946,2.70263671875,-0.26025390625,-2.82275390625
0.9465,2.94287109375,-0.90087890625,-2.42236328125
0.947,3.02294921875,-1.66162109375,-1.70166015625
0.9475,2.90283203125,-2.10205078125,-1.26123046875
0.948,2.86279296875,-2.58251953125,-0.74072265625
0.9485,2.90283203125,-3.06298828125,-0.30029296875
0.949,2.46240234375,-3.26318359375,0.34033203125
0.9495,1.98193359375,-3.50341796875,1.02099609375
0.95,1.38134765625,-3.54345703125,1.66162109375
0.9505,0.94091796875,-3.38330078125,1.94189453125
0.951,0.58056640625,-3.26318359375,2.22216796875
0.9515,0.06005859375,-3.22314453125,2.58251953125
0.952,-0.62060546875,-2.78271484375,2.78271484375
0.9525,-1.30126953125,-2.10205078125,2.82275390625
0.953,-1.82177734375,-1.62158203125,2.70263671875
0.9535,-2.26220703125,-0.98095703125,2.62255859375
0.954,-2.58251953125,-0.58056640625,2.58251953125
0.9545,-2.86279296875,0.02001953125,2.26220703125
0.955,-3.14306640625,0.70068359375,1.86181640625
0.9555,-3.18310546875,1.54150390625,1.14111328125
0.956,-3.02294921875,1.90185546875,0.62060546875
0.9565,-2.98291015625,2.34228515625,0.18017578125
0.957,-2.94287109375,2.82275390625,-0.30029296875
0.9575,-2.42236328125,3.02294921875,-1.06103515625
0.958,-1.90185546875,3.18310546875,-1.78173828125
0.9585,-1.30126953125,3.18310546875,-2.26220703125
0.959,-0.90087890625,3.06298828125,-2.58251953125
0.9595,-0.50048828125,2.94287109375,-2.82275390625
0.96,0.10009765625,2.62255859375,-3.18310546875
0.9605,0.82080078125,2.18212890625,-3.34326171875
0.961,1.58154296875,1.38134765625,-3.34326171875
0.9615,1.94189453125,0.94091796875,-3.14306640625
0.962,2.38232421875,0.38037109375,-3.06298828125
0.9625,2.74267578125,-0.10009765625,-2.98291015625
0.963,2.90283203125,-0.78076171875,-2.50244140625
0.9635,3.18310546875,-1.54150390625,-1.98193359375
0.964,3.14306640625,-2.26220703125,-1.26123046875
0.9645,2.94287109375,-2.58251953125,-0.78076171875
0.965,2.86279296875,-3.02294921875,-0.34033203125
0.9655,2.74267578125,-3.50341796875,0.30029296875
0.966,2.06201171875,-3.58349609375,1.10107421875
0.9665,1.42138671875,-3.70361328125,1.78173828125
0.967,0.94091796875,-3.54345703125,2.10205078125
0.9675,0.50048828125,-3.50341796875,2.42236328125
0.968,0.02001953125,-3.26318359375,2.62255859375
0.9685,-0.62060546875,-2.86279296875,2.86279296875
0.969,-1.38134765625,-2.34228515625,3.02294921875
0.9695,-2.06201171875,-1.46142578125,2.94287109375
0.97,-2.30224609375,-0.98095703125,2.70263671875
0.9705,-2.74267578125,-0.50048828125,2.62255859375
0.971,-3.10302734375,0.02001953125,2.50244140625
0.9715,-3.14306640625,0.82080078125,1.82177734375
0.972,-3.30322265625,1.54150390625,1.30126953125
0.9725,-3.18310546875,2.18212890625,0.58056640625
0.973,-3.06298828125,2.50244140625,0.14013671875
0.9735,-2.94287109375,2.86279296875,-0.34033203125
0.974,-2.62255859375,3.18310546875,-1.02099609375
0.9745,-1.94189453125,3.38330078125,-1.82177734375
0.975,-1.30126953125,3.38330078125,-2.50244140625
0.9755,-0.82080078125,3.14306640625,-2.70263671875
0.976,-0.42041015625,3.10302734375,-3.06298828125
0.9765,0.10009765625,2.82275390625,-3.26318359375
0.977,0.78076171875,2.22216796875,-3.38330078125
0.9775,1.54150390625,1.74169921875,-3.54345703125
0.978,2.18212890625,0.90087890625,-3.34326171875
0.9785,2.42236328125,0.38037109375,-3.14306640625
0.979,2.82275390625,-0.10009765625,-3.06298828125
0.9795,3.14306640625,-0.70068359375,-2.74267578125
0.98,3.18310546875,-1.58154296875,-2.02197265625
0.9805,3.26318359375,-2.22216796875,-1.42138671875
0.981,3.10302734375,-2.74267578125,-0.78076171875
0.9815,3.06298828125,-3.14306640625,-0.34033203125
0.982,2.74267578125,-3.46337890625,0.22021484375
0.9825,2.30224609375,-3.74365234375,0.98095703125
0.983,1.58154296875,-3.90380859375,1.82177734375
0.9835,0.94091796875,-3.82373046875,2.30224609375
0.984,0.50048828125,-3.54345703125,2.46240234375
0.9845,0.06005859375,-3.54345703125,2.82275390625
0.985,-0.62060546875,-3.14306640625,3.06298828125
0.9855,-1.34130859375,-2.34228515625,3.06298828125
0.986,-1.98193359375,-1.78173828125,3.14306640625
0.9865,-2.58251953125,-0.98095703125,2.90283203125
0.987,-2.82275390625,-0.54052734375,2.70263671875
0.9875,-3.14306640625,0.02001953125,2.54248046875
0.988,-3.42333984375,0.74072265625,2.10205078125
0.9885,-3.50341796875,1.66162109375,1.30126953125
0.989,-3.34326171875,2.18212890625,0.66064453125
0.9895,-3.18310546875,2.58251953125,0.10009765625
0.99,-3.18310546875,3.10302734375,-0.30029296875
0.9905,-2.70263671875,3.34326171875,-1.02099609375
0.991,-2.10205078125,3.50341796875,-1.86181640625
0.9915,-1.42138671875,3.62353515625,-2.58251953125
0.992,-0.82080078125,3.38330078125,-2.94287109375
0.9925,-0.38037109375,3.10302734375,-3.10302734375
0.993,0.06005859375,2.94287109375,-3.50341796875
0.9935,0.86083984375,2.54248046875,-3.70361328125
0.994,1.62158203125,1.66162109375,-3.62353515625
0.9945,2.18212890625,1.06103515625,-3.54345703125
0.995,2.62255859375,0.34033203125,-3.26318359375
0.9955,2.90283203125,-0.06005859375,-3.18310546875
0.996,3.14306640625,-0.70068359375,-2.74267578125
0.9965,3.34326171875,-1.50146484375,-2.26220703125
0.997,3.42333984375,-2.42236328125,-1.42138671875
0.9975,3.18310546875,-2.74267578125,-0.82080078125
0.998,2.98291015625,-3.14306640625,-0.30029296875
0.9985,3.02294921875,-3.66357421875,0.18017578125
0.999,2.42236328125,-3.86376953125,0.98095703125
0.9995,1.70166015625,-3.94384765625,1.78173828125
