wavelength,x,y,z
0.0,-2.5174560546875,-1.1961669921875,3.5684814453125
0.0005,-2.0770263671875,-1.8367919921875,3.7286376953125
0.001,-1.2762451171875,-2.5174560546875,3.6485595703125
0.0015,-0.5555419921875,-2.9578857421875,3.3682861328125
0.002,0.0850830078125,-3.4783935546875,3.2882080078125
0.0025,0.8458251953125,-3.7987060546875,2.8477783203125
0.003,1.5665283203125,-3.9989013671875,2.4073486328125
0.0035,2.0469970703125,-3.9588623046875,1.9268798828125
0.004,2.5274658203125,-3.9188232421875,1.4063720703125
0.0045,2.8477783203125,-3.5184326171875,0.7257080078125
0.005,3.3282470703125,-3.4783935546875,0.2052001953125
0.0055,3.3682861328125,-2.5975341796875,-0.6756591796875
0.006,3.6885986328125,-2.2772216796875,-1.2762451171875
0.0065,3.6085205078125,-1.5565185546875,-1.9569091796875
0.007,3.5284423828125,-0.9959716796875,-2.3973388671875
0.0075,3.3282470703125,-0.3153076171875,-2.9178466796875
0.008,3.1680908203125,0.2852783203125,-3.3582763671875
0.0085,2.6075439453125,1.0460205078125,-3.6785888671875
0.009,2.1671142578125,1.6065673828125,-3.7987060546875
0.0095,1.4063720703125,2.2471923828125,-3.7186279296875
0.01,0.6856689453125,2.7276611328125,-3.3983154296875
0.0105,0.1251220703125,3.3282470703125,-3.4783935546875
0.011,-0.6756591796875,3.5284423828125,-2.8778076171875
0.0115,-1.2762451171875,3.8087158203125,-2.5975341796875
0.012,-1.7967529296875,3.7686767578125,-2.0369873046875
0.0125,-2.2371826171875,3.7286376953125,-1.5965576171875
0.013,-2.6375732421875,3.4483642578125,-0.9158935546875
0.0135,-3.1180419921875,3.2481689453125,-0.2752685546875
0.014,-3.2381591796875,2.4874267578125,0.6055908203125
0.0145,-3.5584716796875,2.1270751953125,1.2061767578125
0.015,-3.4783935546875,1.4063720703125,1.8868408203125
0.0155,-3.3182373046875,0.8057861328125,2.2872314453125
0.016,-3.2781982421875,0.1651611328125,2.9278564453125
0.0165,-2.8778076171875,-0.5955810546875,3.2081298828125
0.017,-2.3973388671875,-1.3162841796875,3.5284423828125
0.0175,-1.7567138671875,-1.9569091796875,3.4884033203125
0.018,-1.0760498046875,-2.5574951171875,3.5284423828125
0.0185,-0.3153076171875,-2.9979248046875,3.2081298828125
0.019,0.2452392578125,-3.5584716796875,3.2481689453125
0.0195,1.1260986328125,-3.7186279296875,2.5274658203125
0.02,1.6065673828125,-3.9188232421875,2.2872314453125
0.0205,2.1671142578125,-3.8387451171875,1.6466064453125
0.021,2.5274658203125,-3.6385498046875,1.1661376953125
0.0215,2.9678955078125,-3.3983154296875,0.4854736328125
0.022,3.2481689453125,-2.9578857421875,-0.1551513671875
0.0225,3.4483642578125,-2.3572998046875,-0.9959716796875
0.023,3.5284423828125,-1.9168701171875,-1.5164794921875
0.0235,3.5284423828125,-1.2762451171875,-2.1170654296875
0.024,3.2882080078125,-0.6356201171875,-2.5574951171875
0.0245,3.3282470703125,-0.0750732421875,-3.1981201171875
0.025,2.6876220703125,0.6856689453125,-3.4783935546875
0.0255,2.3673095703125,1.3262939453125,-3.7186279296875
0.026,1.6065673828125,1.9268798828125,-3.5584716796875
0.0265,1.0059814453125,2.5274658203125,-3.5184326171875
0.027,0.3253173828125,2.9678955078125,-3.2381591796875
0.0275,-0.2752685546875,3.3282470703125,-3.1180419921875
0.028,-1.0360107421875,3.5684814453125,-2.5574951171875
0.0285,-1.4364013671875,3.6485595703125,-2.2772216796875
0.029,-1.9969482421875,3.6485595703125,-1.7567138671875
0.0295,-2.3172607421875,3.4083251953125,-1.1961669921875
0.03,-2.8778076171875,3.2882080078125,-0.5955810546875
0.0305,-3.0379638671875,2.6075439453125,0.2052001953125
0.031,-3.3582763671875,2.2872314453125,0.8858642578125
0.0315,-3.2781982421875,1.6466064453125,1.4464111328125
0.032,-3.3582763671875,1.2061767578125,1.9669189453125
0.0325,-3.1580810546875,0.4454345703125,2.4874267578125
0.033,-3.0780029296875,-0.1151123046875,3.0079345703125
0.0335,-2.5174560546875,-0.9559326171875,3.2081298828125
0.034,-2.1170654296875,-1.4764404296875,3.4483642578125
0.0345,-1.3963623046875,-2.1170654296875,3.3682861328125
0.035,-0.7156982421875,-2.5975341796875,3.2481689453125
0.0355,-0.0750732421875,-3.1981201171875,3.2081298828125
0.036,0.6055908203125,-3.4783935546875,2.8077392578125
0.0365,1.2462158203125,-3.7586669921875,2.4874267578125
0.037,1.6466064453125,-3.7186279296875,2.0469970703125
0.0375,2.1671142578125,-3.7586669921875,1.6065673828125
0.038,2.5274658203125,-3.3983154296875,0.9259033203125
0.0385,3.0479736328125,-3.3582763671875,0.3653564453125
0.039,3.1680908203125,-2.5574951171875,-0.4754638671875
0.0395,3.4884033203125,-2.3172607421875,-1.0360107421875
0.04,3.4083251953125,-1.5965576171875,-1.6365966796875
0.0405,3.4083251953125,-1.2362060546875,-2.1971435546875
0.041,3.2882080078125,-0.5155029296875,-2.7176513671875
0.0415,3.0479736328125,0.1251220703125,-3.1580810546875
0.042,2.6075439453125,0.9659423828125,-3.4783935546875
0.0425,2.0469970703125,1.4864501953125,-3.5184326171875
0.043,1.4063720703125,2.0870361328125,-3.5184326171875
0.0435,0.7257080078125,2.5675048828125,-3.2781982421875
0.044,0.2052001953125,3.1680908203125,-3.3582763671875
0.0445,-0.5955810546875,3.3282470703125,-2.7576904296875
0.045,-1.1160888671875,3.6085205078125,-2.5574951171875
0.0455,-1.5565185546875,3.5284423828125,-2.0369873046875
0.046,-1.9969482421875,3.5284423828125,-1.6365966796875
0.0465,-2.4373779296875,3.2481689453125,-0.9559326171875
0.047,-2.8377685546875,3.0079345703125,-0.3153076171875
0.0475,-3.0780029296875,2.3673095703125,0.4854736328125
0.048,-3.2381591796875,2.0469970703125,1.0059814453125
0.0485,-3.1981201171875,1.4063720703125,1.6065673828125
0.049,-3.1981201171875,0.8858642578125,2.0870361328125
0.0495,-3.1580810546875,0.2052001953125,2.6876220703125
0.05,-2.6776123046875,-0.4754638671875,3.0079345703125
0.0505,-2.3172607421875,-1.1160888671875,3.2882080078125
0.051,-1.6766357421875,-1.6766357421875,3.2081298828125
0.0515,-1.1561279296875,-2.2772216796875,3.3282470703125
0.052,-0.3953857421875,-2.7576904296875,3.1280517578125
0.0525,0.1251220703125,-3.2381591796875,3.0880126953125
0.053,0.8858642578125,-3.4783935546875,2.5274658203125
0.0535,1.2862548828125,-3.6785888671875,2.3673095703125
0.054,1.8067626953125,-3.5985107421875,1.8468017578125
0.0545,2.1671142578125,-3.5184326171875,1.3663330078125
0.055,2.6876220703125,-3.3182373046875,0.6856689453125
0.0555,2.8878173828125,-2.8778076171875,0.0050048828125
0.056,3.2481689453125,-2.4774169921875,-0.6356201171875
0.0565,3.2882080078125,-1.9969482421875,-1.2362060546875
0.057,3.4083251953125,-1.5565185546875,-1.7967529296875
0.0575,3.2481689453125,-0.8758544921875,-2.3572998046875
0.058,3.2481689453125,-0.2752685546875,-2.8778076171875
0.0585,2.7677001953125,0.5655517578125,-3.1981201171875
0.059,2.4073486328125,1.1260986328125,-3.4783935546875
0.0595,1.7266845703125,1.7266845703125,-3.3983154296875
0.06,1.1260986328125,2.2872314453125,-3.3983154296875
0.0605,0.4854736328125,2.8477783203125,-3.3182373046875
0.061,-0.1551513671875,3.1680908203125,-3.0780029296875
0.0615,-0.8358154296875,3.4884033203125,-2.7176513671875
0.062,-1.2762451171875,3.5284423828125,-2.3572998046875
0.0625,-1.7967529296875,3.6085205078125,-1.9168701171875
0.063,-2.2371826171875,3.3282470703125,-1.2762451171875
0.0635,-2.7576904296875,3.2481689453125,-0.6356201171875
0.064,-2.9578857421875,2.5274658203125,0.2052001953125
0.0645,-3.2781982421875,2.2471923828125,0.8458251953125
0.065,-3.1981201171875,1.5665283203125,1.4063720703125
0.0655,-3.2781982421875,1.1260986328125,1.9268798828125
0.066,-3.1180419921875,0.4053955078125,2.5274658203125
0.0665,-2.9178466796875,-0.1951904296875,2.9678955078125
0.067,-2.4373779296875,-1.0360107421875,3.2882080078125
0.0675,-1.8768310546875,-1.5965576171875,3.3282470703125
0.068,-1.1961669921875,-2.2371826171875,3.3282470703125
0.0685,-0.5155029296875,-2.7176513671875,3.1680908203125
0.069,0.0450439453125,-3.2381591796875,3.1280517578125
0.0695,0.8057861328125,-3.4783935546875,2.5675048828125
0.07,1.4464111328125,-3.7586669921875,2.2872314453125
0.0705,1.8468017578125,-3.5985107421875,1.7667236328125
0.071,2.2872314453125,-3.6785888671875,1.3663330078125
0.0715,2.6475830078125,-3.2781982421875,0.6456298828125
0.072,3.0479736328125,-3.0780029296875,0.0450439453125
0.0725,3.1680908203125,-2.3572998046875,-0.7957763671875
0.073,3.3682861328125,-2.0369873046875,-1.3162841796875
0.0735,3.2882080078125,-1.3563232421875,-1.9168701171875
0.074,3.2481689453125,-0.8358154296875,-2.3172607421875
0.0745,3.1280517578125,-0.1551513671875,-2.8778076171875
0.075,2.8077392578125,0.4854736328125,-3.1981201171875
0.0755,2.3673095703125,1.2462158203125,-3.5184326171875
0.076,1.6866455078125,1.7266845703125,-3.3983154296875
0.0765,1.1260986328125,2.3272705078125,-3.4383544921875
0.077,0.4454345703125,2.7677001953125,-3.1981201171875
0.0775,-0.0750732421875,3.2081298828125,-3.1580810546875
0.078,-0.8758544921875,3.4083251953125,-2.5574951171875
0.0785,-1.3162841796875,3.5684814453125,-2.3172607421875
0.079,-1.7567138671875,3.4483642578125,-1.7967529296875
0.0795,-2.1971435546875,3.4483642578125,-1.3963623046875
0.08,-2.5975341796875,3.1280517578125,-0.6356201171875
0.0805,-2.9178466796875,2.7276611328125,0.0050048828125
0.081,-3.1981201171875,2.2071533203125,0.8057861328125
0.0815,-3.1981201171875,1.7266845703125,1.2462158203125
0.082,-3.2381591796875,1.2061767578125,1.8468017578125
0.0825,-3.1180419921875,0.6055908203125,2.3272705078125
0.083,-3.0379638671875,0.0050048828125,2.8477783203125
0.0835,-2.5174560546875,-0.7957763671875,3.1280517578125
0.084,-2.1170654296875,-1.3963623046875,3.3682861328125
0.0845,-1.3963623046875,-1.9569091796875,3.2081298828125
0.085,-0.8358154296875,-2.5574951171875,3.2882080078125
0.0855,-0.1551513671875,-2.9979248046875,3.0479736328125
0.086,0.4454345703125,-3.3582763671875,2.8878173828125
0.0865,1.2061767578125,-3.6385498046875,2.4073486328125
0.087,1.5665283203125,-3.6785888671875,2.0870361328125
0.0875,2.0870361328125,-3.6385498046875,1.5665283203125
0.088,2.4473876953125,-3.3983154296875,1.0059814453125
0.0885,2.8878173828125,-3.1981201171875,0.3653564453125
0.089,3.0880126953125,-2.6375732421875,-0.3553466796875
0.0895,3.3682861328125,-2.2772216796875,-1.0760498046875
0.09,3.2882080078125,-1.6365966796875,-1.5565185546875
0.0905,3.4483642578125,-1.1961669921875,-2.1571044921875
0.091,3.2081298828125,-0.4354248046875,-2.6375732421875
0.0915,3.0880126953125,0.1251220703125,-3.1981201171875
0.092,2.5274658203125,0.9659423828125,-3.4783935546875
0.0925,2.0469970703125,1.5665283203125,-3.5584716796875
0.093,1.3262939453125,2.1671142578125,-3.4783935546875
0.0935,0.6856689453125,2.6876220703125,-3.3983154296875
0.094,0.0450439453125,3.1680908203125,-3.1981201171875
0.0945,-0.6356201171875,3.4483642578125,-2.8377685546875
0.095,-1.3563232421875,3.6885986328125,-2.4373779296875
0.0955,-1.7166748046875,3.5284423828125,-1.9569091796875
0.096,-2.2772216796875,3.6485595703125,-1.4764404296875
0.0965,-2.6375732421875,3.2481689453125,-0.7156982421875
0.097,-3.0780029296875,2.9678955078125,-0.0750732421875
0.0975,-3.2381591796875,2.2071533203125,0.8057861328125
0.098,-3.4783935546875,1.7667236328125,1.4063720703125
0.0985,-3.2381591796875,1.0860595703125,1.9268798828125
0.099,-3.2781982421875,0.6055908203125,2.4874267578125
0.0995,-2.9578857421875,-0.1151123046875,2.9278564453125
0.1,-2.6375732421875,-0.7957763671875,3.3282470703125
0.1005,-2.0369873046875,-1.6365966796875,3.5684814453125
0.101,-1.3162841796875,-2.1971435546875,3.4083251953125
0.1015,-0.6756591796875,-2.7576904296875,3.4083251953125
0.102,0.0450439453125,-3.2381591796875,3.1280517578125
0.1025,0.6856689453125,-3.5985107421875,2.8878173828125
0.103,1.4864501953125,-3.8387451171875,2.2872314453125
0.1035,2.0870361328125,-3.9588623046875,1.8868408203125
0.104,2.4073486328125,-3.6385498046875,1.2862548828125
0.1045,2.8878173828125,-3.6785888671875,0.8057861328125
0.105,3.1680908203125,-3.1180419921875,0.0050048828125
0.1055,3.4483642578125,-2.7576904296875,-0.6356201171875
0.106,3.6085205078125,-1.9569091796875,-1.5565185546875
0.1065,3.5684814453125,-1.4364013671875,-2.0369873046875
0.107,3.4083251953125,-0.7557373046875,-2.5574951171875
0.1075,3.3282470703125,-0.1951904296875,-2.9979248046875
0.108,3.0079345703125,0.4854736328125,-3.3983154296875
0.1085,2.4874267578125,1.2862548828125,-3.6785888671875
0.109,1.8868408203125,2.0069580078125,-3.8387451171875
0.1095,1.0860595703125,2.4473876953125,-3.5584716796875
0.11,0.4854736328125,3.0479736328125,-3.5584716796875
0.1105,-0.3153076171875,3.4083251953125,-3.1580810546875
0.111,-0.9158935546875,3.6885986328125,-2.8778076171875
0.1115,-1.7567138671875,3.8887939453125,-2.2371826171875
0.112,-2.2772216796875,3.8487548828125,-1.7166748046875
0.1125,-2.5975341796875,3.5684814453125,-1.1561279296875
0.113,-3.0780029296875,3.4884033203125,-0.5955810546875
0.1135,-3.3582763671875,2.8477783203125,0.2052001953125
0.114,-3.5584716796875,2.3673095703125,0.9659423828125
0.1145,-3.7186279296875,1.6065673828125,1.9268798828125
0.115,-3.4783935546875,0.9659423828125,2.2872314453125
0.1155,-3.4383544921875,0.3653564453125,2.8878173828125
0.116,-3.0780029296875,-0.3553466796875,3.2481689453125
0.1165,-2.7176513671875,-1.0760498046875,3.6485595703125
0.117,-1.9969482421875,-1.9569091796875,3.8487548828125
0.1175,-1.3563232421875,-2.5975341796875,3.8487548828125
0.118,-0.5155029296875,-3.0379638671875,3.4483642578125
0.1185,0.1251220703125,-3.6385498046875,3.4884033203125
0.119,1.0059814453125,-3.9188232421875,2.8477783203125
0.1195,1.6466064453125,-4.1590576171875,2.4874267578125
0.12,2.5274658203125,-4.2391357421875,1.7667236328125
0.1205,2.8878173828125,-4.0389404296875,1.1260986328125
0.121,3.2882080078125,-3.7987060546875,0.5655517578125
0.1215,3.6485595703125,-3.4383544921875,-0.1951904296875
0.122,3.8487548828125,-2.7176513671875,-0.9959716796875
0.1225,3.9288330078125,-2.0369873046875,-1.7967529296875
0.123,3.9688720703125,-1.2762451171875,-2.5975341796875
0.1235,3.5684814453125,-0.5155029296875,-2.9578857421875
0.124,3.5684814453125,0.0050048828125,-3.5184326171875
0.1245,3.0079345703125,0.8858642578125,-3.7987060546875
0.125,2.5675048828125,1.5665283203125,-4.0789794921875
0.1255,1.7667236328125,2.4473876953125,-4.1990966796875
0.126,0.9659423828125,3.0079345703125,-3.9588623046875
0.1265,0.1651611328125,3.3682861328125,-3.5584716796875
0.127,-0.5155029296875,3.8887939453125,-3.3983154296875
0.1275,-1.4364013671875,4.0889892578125,-2.7176513671875
0.128,-1.9969482421875,4.1290283203125,-2.2772216796875
0.1285,-2.7576904296875,4.1690673828125,-1.5965576171875
0.129,-3.0379638671875,3.7286376953125,-0.8758544921875
0.1295,-3.5184326171875,3.6085205078125,-0.3553466796875
0.13,-3.7186279296875,2.9678955078125,0.5255126953125
0.1305,-3.8387451171875,2.3272705078125,1.2862548828125
0.131,-3.8787841796875,1.5665283203125,2.0870361328125
0.1315,-3.8387451171875,0.8858642578125,2.7276611328125
0.132,-3.3582763671875,0.1251220703125,3.0479736328125
0.1325,-3.3582763671875,-0.3953857421875,3.5684814453125
0.133,-2.6375732421875,-1.2762451171875,3.8087158203125
0.1335,-2.1571044921875,-1.9569091796875,3.9688720703125
0.134,-1.3162841796875,-2.7576904296875,4.0089111328125
0.1345,-0.5155029296875,-3.1981201171875,3.6885986328125
0.135,0.1651611328125,-3.6785888671875,3.4483642578125
0.1355,0.9659423828125,-4.1190185546875,3.0880126953125
0.136,1.7667236328125,-4.1990966796875,2.4473876953125
0.1365,2.3673095703125,-4.3192138671875,1.9268798828125
0.137,3.0079345703125,-4.3192138671875,1.3262939453125
0.1375,3.1680908203125,-3.7987060546875,0.5655517578125
0.138,3.7286376953125,-3.7186279296875,0.1251220703125
0.1385,3.8087158203125,-2.8778076171875,-0.8358154296875
0.139,3.9688720703125,-2.3973388671875,-1.4764404296875
0.1395,3.9688720703125,-1.5565185546875,-2.3172607421875
0.14,3.8487548828125,-0.9158935546875,-2.8377685546875
0.1405,3.5284423828125,-0.1551513671875,-3.2381591796875
0.141,3.4483642578125,0.4053955078125,-3.7186279296875
0.1415,2.7276611328125,1.3262939453125,-3.9989013671875
0.142,2.2071533203125,1.9669189453125,-4.1590576171875
0.1425,1.4063720703125,2.7276611328125,-4.1590576171875
0.143,0.5655517578125,3.1280517578125,-3.7186279296875
0.1435,-0.0350341796875,3.6885986328125,-3.5985107421875
0.144,-0.9559326171875,3.9688720703125,-3.0780029296875
0.1445,-1.6365966796875,4.0889892578125,-2.5574951171875
0.145,-2.2772216796875,4.0889892578125,-1.9569091796875
0.1455,-2.8377685546875,3.9688720703125,-1.3963623046875
0.146,-3.0780029296875,3.5684814453125,-0.6756591796875
0.1465,-3.5584716796875,3.5284423828125,-0.1151123046875
0.147,-3.6785888671875,2.5675048828125,0.8858642578125
0.1475,-3.8387451171875,2.1270751953125,1.5264892578125
0.148,-3.8387451171875,1.2862548828125,2.3673095703125
0.1485,-3.5584716796875,0.6055908203125,2.7276611328125
0.149,-3.3582763671875,-0.0350341796875,3.2481689453125
0.1495,-3.0379638671875,-0.7557373046875,3.6485595703125
0.15,-2.4373779296875,-1.5965576171875,3.8487548828125
0.1505,-1.7967529296875,-2.2772216796875,3.9288330078125
0.151,-0.9959716796875,-2.9578857421875,3.8487548828125
0.1515,-0.1551513671875,-3.3182373046875,3.4083251953125
0.152,0.4454345703125,-3.9188232421875,3.4483642578125
0.1525,1.4063720703125,-4.1590576171875,2.6475830078125
0.153,2.0069580078125,-4.3192138671875,2.2471923828125
0.1535,2.6075439453125,-4.2791748046875,1.5665283203125
0.154,3.0479736328125,-3.9989013671875,0.9659423828125
0.1545,3.3682861328125,-3.5985107421875,0.2852783203125
0.155,3.8087158203125,-3.3582763671875,-0.3553466796875
0.1555,3.8487548828125,-2.4373779296875,-1.2762451171875
0.156,3.9688720703125,-1.9569091796875,-1.9168701171875
0.1565,3.9688720703125,-1.1561279296875,-2.7176513671875
0.157,3.5684814453125,-0.3953857421875,-3.0780029296875
0.1575,3.5284423828125,0.2052001953125,-3.5985107421875
0.158,2.9278564453125,1.0460205078125,-3.8787841796875
0.1585,2.3673095703125,1.8468017578125,-4.1590576171875
0.159,1.6466064453125,2.4874267578125,-4.0789794921875
0.1595,0.8858642578125,3.0880126953125,-3.9188232421875
0.16,0.0450439453125,3.4483642578125,-3.4783935546875
0.1605,-0.5955810546875,3.9688720703125,-3.3983154296875
0.161,-1.5965576171875,4.0089111328125,-2.5574951171875
0.1615,-2.0770263671875,4.1690673828125,-2.2371826171875
0.162,-2.7176513671875,4.0889892578125,-1.4764404296875
0.1625,-3.0780029296875,3.7286376953125,-0.8358154296875
0.163,-3.4383544921875,3.4884033203125,-0.1951904296875
0.1635,-3.7186279296875,2.9278564453125,0.6055908203125
0.164,-3.8387451171875,2.1270751953125,1.4464111328125
0.1645,-3.8387451171875,1.5264892578125,2.0870361328125
0.165,-3.7987060546875,0.8057861328125,2.7276611328125
0.1655,-3.3182373046875,0.0450439453125,3.0880126953125
0.166,-3.2781982421875,-0.5155029296875,3.6485595703125
0.1665,-2.5574951171875,-1.4764404296875,3.8487548828125
0.167,-1.9969482421875,-2.1170654296875,4.0489501953125
0.1675,-1.1561279296875,-2.7977294921875,3.8487548828125
0.168,-0.3953857421875,-3.3182373046875,3.6485595703125
0.1685,0.3653564453125,-3.7586669921875,3.2481689453125
0.169,1.0860595703125,-4.1990966796875,3.0880126953125
0.1695,2.0469970703125,-4.3592529296875,2.2071533203125
0.17,2.4874267578125,-4.3192138671875,1.8468017578125
0.1705,3.1280517578125,-4.1990966796875,1.1260986328125
0.171,3.3682861328125,-3.7186279296875,0.4454345703125
0.1715,3.8487548828125,-3.5584716796875,-0.1551513671875
0.172,3.9688720703125,-2.7176513671875,-1.1561279296875
0.1725,4.1290283203125,-2.0770263671875,-1.9168701171875
0.173,3.9688720703125,-1.3563232421875,-2.5174560546875
0.1735,3.8887939453125,-0.6356201171875,-3.1580810546875
0.174,3.4483642578125,0.1251220703125,-3.5184326171875
0.1745,3.3282470703125,0.7657470703125,-3.9989013671875
0.175,2.4473876953125,1.8468017578125,-4.1990966796875
0.1755,1.9268798828125,2.4073486328125,-4.2791748046875
0.176,0.9659423828125,3.0880126953125,-4.0389404296875
0.1765,0.1651611328125,3.4884033203125,-3.7586669921875
0.177,-0.5555419921875,3.8887939453125,-3.4383544921875
0.1775,-1.3563232421875,4.1690673828125,-2.9178466796875
0.178,-2.2772216796875,4.3292236328125,-2.1971435546875
0.1785,-2.5975341796875,4.1290283203125,-1.6365966796875
0.179,-3.1981201171875,4.0089111328125,-0.9559326171875
0.1795,-3.4383544921875,3.4884033203125,-0.2352294921875
0.18,-3.8787841796875,3.2481689453125,0.4053955078125
0.1805,-3.9188232421875,2.2471923828125,1.4864501953125
0.181,-4.0389404296875,1.6466064453125,2.1671142578125
0.1815,-3.7987060546875,0.8458251953125,2.7276611328125
0.182,-3.5985107421875,0.1651611328125,3.2081298828125
0.1825,-3.1981201171875,-0.5555419921875,3.5284423828125
0.183,-2.8778076171875,-1.2362060546875,3.9288330078125
0.1835,-1.9969482421875,-2.2371826171875,4.0889892578125
0.184,-1.3162841796875,-2.7176513671875,3.9288330078125
0.1845,-0.5555419921875,-3.3582763671875,3.8087158203125
0.185,0.2852783203125,-3.7186279296875,3.3282470703125
0.1855,0.8458251953125,-4.1990966796875,3.1680908203125
0.186,1.8468017578125,-4.2391357421875,2.4073486328125
0.1865,2.5274658203125,-4.3592529296875,1.9268798828125
0.187,2.8477783203125,-4.0389404296875,1.2862548828125
0.1875,3.3282470703125,-3.9188232421875,0.6856689453125
0.188,3.5284423828125,-3.3582763671875,-0.0350341796875
0.1885,3.8887939453125,-3.1580810546875,-0.6356201171875
0.189,3.8887939453125,-2.1170654296875,-1.6365966796875
0.1895,3.9688720703125,-1.6766357421875,-2.1571044921875
0.19,3.7686767578125,-0.8758544921875,-2.7576904296875
0.1905,3.5684814453125,-0.2752685546875,-3.1981201171875
0.191,3.2882080078125,0.4454345703125,-3.6785888671875
0.1915,2.8477783203125,1.1661376953125,-3.9188232421875
0.192,2.2071533203125,2.0069580078125,-4.1590576171875
0.1925,1.5264892578125,2.4874267578125,-3.9188232421875
0.193,0.7657470703125,3.0880126953125,-3.8787841796875
0.1935,-0.0350341796875,3.5284423828125,-3.3983154296875
0.194,-0.6356201171875,3.9288330078125,-3.3182373046875
0.1945,-1.5965576171875,4.0089111328125,-2.5174560546875
0.195,-2.1170654296875,4.1290283203125,-2.1571044921875
0.1955,-2.5574951171875,3.8487548828125,-1.4764404296875
0.196,-2.9979248046875,3.7686767578125,-0.9158935546875
0.1965,-3.3582763671875,3.3282470703125,-0.1551513671875
0.197,-3.6785888671875,2.8878173828125,0.5655517578125
0.1975,-3.7987060546875,2.0469970703125,1.5264892578125
0.198,-3.7987060546875,1.5665283203125,2.0069580078125
0.1985,-3.6385498046875,0.7657470703125,2.6876220703125
0.199,-3.3582763671875,0.0850830078125,3.0479736328125
0.1995,-3.1981201171875,-0.5555419921875,3.5284423828125
0.2,-2.5174560546875,-1.4364013671875,3.7686767578125
0.2005,-1.9569091796875,-2.1971435546875,3.8887939453125
0.201,-1.1561279296875,-2.6776123046875,3.6485595703125
0.2015,-0.3153076171875,-3.2781982421875,3.5284423828125
0.202,0.3653564453125,-3.6785888671875,3.2081298828125
0.2025,1.0059814453125,-4.0389404296875,3.0079345703125
0.203,1.9669189453125,-4.1990966796875,2.2071533203125
0.2035,2.4073486328125,-4.1590576171875,1.7667236328125
0.204,2.8878173828125,-3.8787841796875,1.0860595703125
0.2045,3.2081298828125,-3.6385498046875,0.4854736328125
0.205,3.5684814453125,-3.2381591796875,-0.1951904296875
0.2055,3.7286376953125,-2.5975341796875,-0.9959716796875
0.206,3.8887939453125,-1.9569091796875,-1.8367919921875
0.2065,3.6885986328125,-1.3162841796875,-2.2772216796875
0.207,3.6885986328125,-0.6756591796875,-2.8778076171875
0.2075,3.2882080078125,0.0450439453125,-3.2381591796875
0.208,3.1280517578125,0.6456298828125,-3.7186279296875
0.2085,2.3673095703125,1.5264892578125,-3.9188232421875
0.209,1.8868408203125,2.1671142578125,-3.9989013671875
0.2095,1.0460205078125,2.5675048828125,-3.8387451171875
0.21,0.3653564453125,3.2081298828125,-3.5584716796875
0.2105,-0.3553466796875,3.5684814453125,-3.1981201171875
0.211,-0.9959716796875,3.8487548828125,-2.8778076171875
0.2115,-1.8768310546875,4.0089111328125,-2.2371826171875
0.212,-2.1571044921875,3.8487548828125,-1.7567138671875
0.2125,-2.7176513671875,3.7686767578125,-1.2362060546875
0.213,-2.9979248046875,3.3282470703125,-0.5155029296875
0.2135,-3.3983154296875,3.1280517578125,0.1251220703125
0.214,-3.5184326171875,2.2872314453125,1.0059814453125
0.2145,-3.7186279296875,1.8468017578125,1.6466064453125
0.215,-3.3983154296875,1.1260986328125,2.1270751953125
0.2155,-3.4783935546875,0.6055908203125,2.6876220703125
0.216,-3.0780029296875,-0.1551513671875,3.1280517578125
0.2165,-2.8778076171875,-0.7957763671875,3.5284423828125
0.217,-2.1571044921875,-1.7166748046875,3.6885986328125
0.2175,-1.6766357421875,-2.2772216796875,3.5684814453125
0.218,-0.7957763671875,-2.7576904296875,3.5284423828125
0.2185,-0.1151123046875,-3.1981201171875,3.2882080078125
0.219,0.5255126953125,-3.6785888671875,3.0880126953125
0.2195,1.2862548828125,-3.8387451171875,2.5274658203125
0.22,1.9268798828125,-4.0389404296875,2.1671142578125
0.2205,2.2471923828125,-3.7586669921875,1.5665283203125
0.221,2.7677001953125,-3.8387451171875,1.1260986328125
0.2215,3.0479736328125,-3.2781982421875,0.3253173828125
0.222,3.4083251953125,-3.0780029296875,-0.2352294921875
0.2225,3.5284423828125,-2.2772216796875,-1.1561279296875
0.223,3.6485595703125,-1.9168701171875,-1.6365966796875
0.2235,3.4483642578125,-1.1561279296875,-2.2371826171875
0.224,3.4884033203125,-0.6356201171875,-2.7176513671875
0.2245,3.2481689453125,0.0050048828125,-3.2781982421875
0.225,2.8477783203125,0.7657470703125,-3.5584716796875
0.2255,2.4073486328125,1.6065673828125,-3.8387451171875
0.226,1.6065673828125,2.0469970703125,-3.5985107421875
0.2265,0.9659423828125,2.6876220703125,-3.6785888671875
0.227,0.2452392578125,3.0880126953125,-3.3582763671875
0.2275,-0.3553466796875,3.5284423828125,-3.1981201171875
0.228,-1.1561279296875,3.6885986328125,-2.5975341796875
0.2285,-1.6766357421875,3.8487548828125,-2.2772216796875
0.229,-2.0770263671875,3.6085205078125,-1.6365966796875
0.2295,-2.5975341796875,3.6485595703125,-1.1961669921875
0.23,-2.9178466796875,3.1680908203125,-0.3553466796875
0.2305,-3.2781982421875,2.8077392578125,0.2852783203125
0.231,-3.5184326171875,2.0469970703125,1.2061767578125
0.2315,-3.4783935546875,1.6065673828125,1.6466064453125
0.232,-3.3582763671875,0.9259033203125,2.2471923828125
0.2325,-3.3182373046875,0.2852783203125,2.8077392578125
0.233,-2.9979248046875,-0.3953857421875,3.1680908203125
0.2335,-2.4373779296875,-1.1961669921875,3.3282470703125
0.234,-1.9569091796875,-1.7967529296875,3.6485595703125
0.2345,-1.1561279296875,-2.2772216796875,3.3282470703125
0.235,-0.5955810546875,-2.9178466796875,3.4483642578125
0.2355,0.1651611328125,-3.2781982421875,3.0479736328125
0.236,0.7657470703125,-3.6785888671875,2.8477783203125
0.2365,1.5665283203125,-3.8787841796875,2.2471923828125
0.237,1.9669189453125,-3.8387451171875,1.8868408203125
0.2375,2.4073486328125,-3.6785888671875,1.2862548828125
0.238,2.8077392578125,-3.4783935546875,0.7257080078125
0.2385,3.1680908203125,-3.0780029296875,0.0050048828125
0.239,3.3282470703125,-2.5574951171875,-0.6756591796875
0.2395,3.5284423828125,-2.0369873046875,-1.3963623046875
0.24,3.3682861328125,-1.4764404296875,-1.7967529296875
0.2405,3.6085205078125,-0.9559326171875,-2.4774169921875
0.241,3.2081298828125,-0.2752685546875,-2.8778076171875
0.2415,3.0479736328125,0.3253173828125,-3.3182373046875
0.242,2.4874267578125,1.2061767578125,-3.5584716796875
0.2425,1.9268798828125,1.6866455078125,-3.5985107421875
0.243,1.2061767578125,2.2471923828125,-3.3983154296875
0.2435,0.6456298828125,2.7677001953125,-3.4383544921875
0.244,0.0050048828125,3.1680908203125,-3.1580810546875
0.2445,-0.6356201171875,3.4884033203125,-2.8778076171875
0.245,-1.3162841796875,3.6885986328125,-2.4373779296875
0.2455,-1.6365966796875,3.5284423828125,-1.9969482421875
0.246,-2.1971435546875,3.6085205078125,-1.5565185546875
0.2465,-2.5574951171875,3.2481689453125,-0.8358154296875
0.247,-2.9979248046875,3.0079345703125,-0.1551513671875
0.2475,-3.1981201171875,2.3673095703125,0.6055908203125
0.248,-3.3582763671875,2.0469970703125,1.1661376953125
0.2485,-3.1981201171875,1.2061767578125,1.5665283203125
0.249,-3.3582763671875,0.8858642578125,2.2471923828125
0.2495,-3.0379638671875,0.0450439453125,2.7677001953125
0.25,-2.8377685546875,-0.5155029296875,3.1680908203125
0.2505,-2.2772216796875,-1.3162841796875,3.4483642578125
0.251,-1.6766357421875,-1.7967529296875,3.3282470703125
0.2515,-1.0360107421875,-2.4373779296875,3.3282470703125
0.252,-0.3153076171875,-2.9178466796875,3.2081298828125
0.2525,0.2852783203125,-3.3582763671875,3.0479736328125
0.253,0.9659423828125,-3.5985107421875,2.5675048828125
0.2535,1.5264892578125,-3.8387451171875,2.2471923828125
0.254,1.8868408203125,-3.5584716796875,1.6866455078125
0.2545,2.4473876953125,-3.7186279296875,1.2862548828125
0.255,2.7276611328125,-3.1981201171875,0.4854736328125
0.2555,3.1280517578125,-2.9178466796875,-0.0750732421875
0.256,3.3282470703125,-2.2772216796875,-0.9158935546875
0.2565,3.3282470703125,-1.9569091796875,-1.2762451171875
0.257,3.3282470703125,-1.3162841796875,-1.9569091796875
0.2575,3.3282470703125,-0.7957763671875,-2.5174560546875
0.258,3.0880126953125,0.0050048828125,-2.9979248046875
0.2585,2.7276611328125,0.6856689453125,-3.3582763671875
0.259,2.2471923828125,1.3262939453125,-3.5584716796875
0.2595,1.5665283203125,1.8468017578125,-3.3582763671875
0.26,1.0059814453125,2.4874267578125,-3.4783935546875
0.2605,0.2852783203125,2.8878173828125,-3.1981201171875
0.261,-0.2352294921875,3.2481689453125,-3.0379638671875
0.2615,-0.9959716796875,3.4884033203125,-2.5574951171875
0.262,-1.3563232421875,3.5284423828125,-2.2772216796875
0.2625,-1.7967529296875,3.4083251953125,-1.7166748046875
0.263,-2.2772216796875,3.4483642578125,-1.2762451171875
0.2635,-2.6375732421875,3.0079345703125,-0.4754638671875
0.264,-2.9578857421875,2.6075439453125,0.1651611328125
0.2645,-3.1180419921875,2.1270751953125,0.8858642578125
0.265,-3.1580810546875,1.6065673828125,1.2862548828125
0.2655,-3.2381591796875,1.0860595703125,1.9268798828125
0.266,-3.0780029296875,0.4854736328125,2.4073486328125
0.2665,-2.9178466796875,-0.1551513671875,2.8477783203125
0.267,-2.4373779296875,-0.9158935546875,3.1680908203125
0.2675,-1.9969482421875,-1.4364013671875,3.2882080078125
0.268,-1.3162841796875,-1.9569091796875,3.1680908203125
0.2685,-0.7957763671875,-2.5975341796875,3.2882080078125
0.269,-0.0350341796875,-3.0379638671875,3.0079345703125
0.2695,0.4854736328125,-3.3582763671875,2.8077392578125
0.27,1.2061767578125,-3.6385498046875,2.4073486328125
0.2705,1.5264892578125,-3.5584716796875,2.0870361328125
0.271,2.0469970703125,-3.6385498046875,1.5665283203125
0.2715,2.4473876953125,-3.3582763671875,0.9659423828125
0.272,2.8477783203125,-3.0780029296875,0.2852783203125
0.2725,3.1280517578125,-2.6375732421875,-0.4754638671875
0.273,3.3682861328125,-2.2772216796875,-1.0360107421875
0.2735,3.2481689453125,-1.6766357421875,-1.5164794921875
0.274,3.4483642578125,-1.2362060546875,-2.1971435546875
0.2745,3.2081298828125,-0.3953857421875,-2.7176513671875
0.275,3.0479736328125,0.2052001953125,-3.1580810546875
0.2755,2.5274658203125,0.9659423828125,-3.4383544921875
0.276,1.9669189453125,1.4864501953125,-3.4383544921875
0.2765,1.2862548828125,2.0870361328125,-3.3983154296875
0.277,0.6856689453125,2.6876220703125,-3.3582763671875
0.2775,0.0450439453125,3.0479736328125,-3.1580810546875
0.278,-0.6356201171875,3.4083251953125,-2.8377685546875
0.2785,-1.2362060546875,3.6485595703125,-2.4373779296875
0.279,-1.5565185546875,3.4884033203125,-1.9969482421875
0.2795,-2.1971435546875,3.5684814453125,-1.5565185546875
0.28,-2.5574951171875,3.1680908203125,-0.7156982421875
0.2805,-2.9178466796875,2.8477783203125,-0.0750732421875
0.281,-3.1981201171875,2.2071533203125,0.7257080078125
0.2815,-3.2781982421875,1.8067626953125,1.2462158203125
0.282,-3.1580810546875,1.1661376953125,1.7667236328125
0.2825,-3.2381591796875,0.6456298828125,2.4073486328125
0.283,-2.9178466796875,-0.0750732421875,2.8477783203125
0.2835,-2.5574951171875,-0.7957763671875,3.1680908203125
0.284,-1.9969482421875,-1.4764404296875,3.3682861328125
0.2845,-1.3162841796875,-1.9569091796875,3.2081298828125
0.285,-0.7557373046875,-2.6375732421875,3.2481689453125
0.2855,0.0050048828125,-3.0780029296875,3.0479736328125
0.286,0.5655517578125,-3.3983154296875,2.8077392578125
0.2865,1.2862548828125,-3.6385498046875,2.2872314453125
0.287,1.7667236328125,-3.7186279296875,1.9669189453125
0.2875,2.0870361328125,-3.4783935546875,1.4063720703125
0.288,2.5675048828125,-3.5184326171875,0.9659423828125
0.2885,2.8477783203125,-2.9178466796875,0.1651611328125
0.289,3.1280517578125,-2.6375732421875,-0.3953857421875
0.2895,3.3282470703125,-2.0369873046875,-1.2362060546875
0.29,3.2481689453125,-1.5565185546875,-1.5965576171875
0.2905,3.2882080078125,-0.9959716796875,-2.1971435546875
0.291,3.1680908203125,-0.3953857421875,-2.6776123046875
0.2915,2.8878173828125,0.2852783203125,-3.0780029296875
0.292,2.4874267578125,0.9659423828125,-3.3582763671875
0.2925,1.9268798828125,1.5665283203125,-3.5184326171875
0.293,1.2462158203125,2.0469970703125,-3.2781982421875
0.2935,0.7657470703125,2.6475830078125,-3.3983154296875
0.294,0.0050048828125,3.0079345703125,-3.0780029296875
0.2945,-0.5155029296875,3.3282470703125,-2.8778076171875
0.295,-1.2362060546875,3.5284423828125,-2.3973388671875
0.2955,-1.5965576171875,3.5284423828125,-1.9969482421875
0.296,-2.0369873046875,3.4483642578125,-1.5164794921875
0.2965,-2.4774169921875,3.2882080078125,-0.9559326171875
0.297,-2.7977294921875,2.8077392578125,-0.1951904296875
0.2975,-3.0780029296875,2.3673095703125,0.4854736328125
0.298,-3.2781982421875,1.9268798828125,1.2061767578125
0.2985,-3.1580810546875,1.3663330078125,1.5665283203125
0.299,-3.2781982421875,0.8458251953125,2.2471923828125
0.2995,-2.9979248046875,0.1251220703125,2.6876220703125
0.3,-2.7576904296875,-0.4754638671875,3.0880126953125
0.3005,-2.2371826171875,-1.2362060546875,3.3282470703125
0.301,-1.6365966796875,-1.7967529296875,3.3282470703125
0.3015,-0.9959716796875,-2.3172607421875,3.1680908203125
0.302,-0.3553466796875,-2.9578857421875,3.2481689453125
0.3025,0.2852783203125,-3.2381591796875,2.8477783203125
0.303,0.9659423828125,-3.5985107421875,2.6075439453125
0.3035,1.5665283203125,-3.7586669921875,2.1671142578125
0.304,1.9268798828125,-3.5584716796875,1.6866455078125
0.3045,2.4874267578125,-3.5985107421875,1.2061767578125
0.305,2.7677001953125,-3.1981201171875,0.4854736328125
0.3055,3.1280517578125,-2.8778076171875,-0.1951904296875
0.306,3.3282470703125,-2.2772216796875,-0.9959716796875
0.3065,3.4483642578125,-1.7967529296875,-1.5164794921875
0.307,3.2481689453125,-1.1561279296875,-1.9969482421875
0.3075,3.4483642578125,-0.6356201171875,-2.6375732421875
0.308,3.0079345703125,0.0850830078125,-3.0780029296875
0.3085,2.6876220703125,0.7657470703125,-3.4383544921875
0.309,2.0870361328125,1.5665283203125,-3.5985107421875
0.3095,1.4063720703125,2.0469970703125,-3.4783935546875
0.31,0.7657470703125,2.6075439453125,-3.4383544921875
0.3105,0.1251220703125,3.1280517578125,-3.2381591796875
0.311,-0.5555419921875,3.3682861328125,-2.8778076171875
0.3115,-1.2362060546875,3.6485595703125,-2.4774169921875
0.312,-1.7967529296875,3.6885986328125,-1.9969482421875
0.3125,-2.0770263671875,3.4483642578125,-1.4364013671875
0.313,-2.7176513671875,3.4884033203125,-0.9959716796875
0.3135,-2.9178466796875,2.8477783203125,-0.0750732421875
0.314,-3.2381591796875,2.4874267578125,0.5655517578125
0.3145,-3.3582763671875,1.7667236328125,1.4063720703125
0.315,-3.3582763671875,1.2862548828125,1.8868408203125
0.3155,-3.1981201171875,0.6055908203125,2.4073486328125
0.316,-3.1180419921875,0.0450439453125,2.8878173828125
0.3165,-2.6375732421875,-0.7156982421875,3.2081298828125
0.317,-2.1971435546875,-1.4364013671875,3.4884033203125
0.3175,-1.5164794921875,-2.1170654296875,3.5284423828125
0.318,-0.7957763671875,-2.5574951171875,3.2481689453125
0.3185,-0.1951904296875,-3.1580810546875,3.2882080078125
0.319,0.6055908203125,-3.5184326171875,2.8477783203125
0.3195,1.2862548828125,-3.7987060546875,2.4874267578125
0.32,1.9268798828125,-3.8387451171875,1.9268798828125
0.3205,2.3673095703125,-3.7987060546875,1.4864501953125
0.321,2.6475830078125,-3.5184326171875,0.8858642578125
0.3215,3.1680908203125,-3.4783935546875,0.2852783203125
0.322,3.2882080078125,-2.6375732421875,-0.5155029296875
0.3225,3.5284423828125,-2.2772216796875,-1.1961669921875
0.323,3.6085205078125,-1.5565185546875,-1.9569091796875
0.3235,3.4483642578125,-0.9959716796875,-2.3172607421875
0.324,3.3682861328125,-0.3553466796875,-2.8778076171875
0.3245,3.0479736328125,0.2852783203125,-3.3182373046875
0.325,2.6075439453125,1.0860595703125,-3.5985107421875
0.3255,2.0469970703125,1.7667236328125,-3.7987060546875
0.326,1.3262939453125,2.4073486328125,-3.7586669921875
0.3265,0.6055908203125,2.8077392578125,-3.3983154296875
0.327,0.0050048828125,3.4483642578125,-3.4783935546875
0.3275,-0.8758544921875,3.6085205078125,-2.7576904296875
0.328,-1.4764404296875,3.8487548828125,-2.4373779296875
0.3285,-2.1170654296875,3.8487548828125,-1.8768310546875
0.329,-2.5174560546875,3.6885986328125,-1.2762451171875
0.3295,-2.9178466796875,3.4483642578125,-0.6756591796875
0.33,-3.3182373046875,3.1680908203125,0.0050048828125
0.3305,-3.4783935546875,2.3673095703125,0.9259033203125
0.331,-3.7186279296875,1.8468017578125,1.6065673828125
0.3315,-3.6785888671875,1.1260986328125,2.2872314453125
0.332,-3.2781982421875,0.4454345703125,2.6876220703125
0.3325,-3.3182373046875,-0.1151123046875,3.2481689453125
0.333,-2.7176513671875,-0.9959716796875,3.5684814453125
0.3335,-2.1971435546875,-1.7967529296875,3.8487548828125
0.334,-1.4364013671875,-2.4373779296875,3.8087158203125
0.3345,-0.6756591796875,-3.0780029296875,3.6485595703125
0.335,0.0850830078125,-3.4783935546875,3.2481689453125
0.3355,0.7657470703125,-3.9989013671875,3.1680908203125
0.336,1.7667236328125,-4.1190185546875,2.3272705078125
0.3365,2.2872314453125,-4.1990966796875,1.9268798828125
0.337,2.8878173828125,-4.1590576171875,1.2462158203125
0.3375,3.2081298828125,-3.7987060546875,0.6055908203125
0.338,3.6085205078125,-3.5184326171875,0.0050048828125
0.3385,3.8487548828125,-2.8377685546875,-0.8758544921875
0.339,3.8887939453125,-2.0770263671875,-1.7166748046875
0.3395,3.8487548828125,-1.4364013671875,-2.3572998046875
0.34,3.8087158203125,-0.7156982421875,-2.9578857421875
0.3405,3.3682861328125,0.0050048828125,-3.2781982421875
0.341,3.3282470703125,0.6055908203125,-3.8387451171875
0.3415,2.4874267578125,1.5665283203125,-3.9989013671875
0.342,1.9669189453125,2.2471923828125,-4.1590576171875
0.3425,1.1260986328125,2.8477783203125,-3.9588623046875
0.343,0.3253173828125,3.3282470703125,-3.7186279296875
0.3435,-0.3953857421875,3.6885986328125,-3.3182373046875
0.344,-1.1160888671875,4.0489501953125,-2.9979248046875
0.3445,-2.0369873046875,4.1290283203125,-2.1971435546875
0.345,-2.4373779296875,4.0489501953125,-1.7166748046875
0.3455,-3.0379638671875,3.9688720703125,-1.1160888671875
0.346,-3.2381591796875,3.4884033203125,-0.3953857421875
0.3465,-3.6785888671875,3.2882080078125,0.1651611328125
0.347,-3.7987060546875,2.3673095703125,1.1661376953125
0.3475,-3.8787841796875,1.7667236328125,1.9268798828125
0.348,-3.7186279296875,1.0460205078125,2.4874267578125
0.3485,-3.5985107421875,0.4053955078125,3.0079345703125
0.349,-3.1981201171875,-0.3153076171875,3.3282470703125
0.3495,-2.9979248046875,-0.9559326171875,3.7686767578125
0.35,-2.1571044921875,-1.9168701171875,3.9288330078125
0.3505,-1.5965576171875,-2.4774169921875,3.9288330078125
0.351,-0.7957763671875,-3.0780029296875,3.7686767578125
0.3515,0.0050048828125,-3.5184326171875,3.4083251953125
0.352,0.6856689453125,-3.9588623046875,3.2481689453125
0.3525,1.5264892578125,-4.1590576171875,2.6075439453125
0.353,2.3272705078125,-4.3592529296875,2.0469970703125
0.3535,2.6876220703125,-4.1590576171875,1.4464111328125
0.354,3.2081298828125,-4.0389404296875,0.8858642578125
0.3545,3.4483642578125,-3.5184326171875,0.1651611328125
0.355,3.8487548828125,-3.2781982421875,-0.3953857421875
0.3555,3.8887939453125,-2.2772216796875,-1.4364013671875
0.356,4.0089111328125,-1.8367919921875,-2.0770263671875
0.3565,3.8087158203125,-0.9959716796875,-2.6776123046875
0.357,3.6485595703125,-0.3953857421875,-3.1580810546875
0.3575,3.3282470703125,0.3253173828125,-3.5584716796875
0.358,3.0079345703125,1.0460205078125,-3.9188232421875
0.3585,2.2471923828125,1.9669189453125,-4.1590576171875
0.359,1.5665283203125,2.4874267578125,-3.9989013671875
0.3595,0.7657470703125,3.1280517578125,-3.8787841796875
0.36,0.0050048828125,3.4483642578125,-3.4783935546875
0.3605,-0.6356201171875,3.9288330078125,-3.3582763671875
0.361,-1.5565185546875,4.0089111328125,-2.5574951171875
0.3615,-2.1971435546875,4.1290283203125,-2.1170654296875
0.362,-2.5975341796875,3.8887939453125,-1.4364013671875
0.3625,-3.0780029296875,3.8487548828125,-0.8758544921875
0.363,-3.3582763671875,3.3282470703125,-0.1551513671875
0.3635,-3.7186279296875,3.0079345703125,0.5655517578125
0.364,-3.7987060546875,2.0069580078125,1.5665283203125
0.3645,-3.8387451171875,1.5264892578125,2.1270751953125
0.365,-3.6385498046875,0.6856689453125,2.7276611328125
0.3655,-3.3582763671875,0.0450439453125,3.1680908203125
0.366,-3.1580810546875,-0.5955810546875,3.5684814453125
0.3665,-2.5574951171875,-1.4364013671875,3.8487548828125
0.367,-1.9569091796875,-2.2772216796875,4.0089111328125
0.3675,-1.1561279296875,-2.7176513671875,3.7686767578125
0.368,-0.3553466796875,-3.3983154296875,3.7286376953125
0.3685,0.4053955078125,-3.7186279296875,3.2081298828125
0.369,1.0059814453125,-4.1990966796875,3.0880126953125
0.3695,2.0469970703125,-4.3192138671875,2.1671142578125
0.37,2.5675048828125,-4.3592529296875,1.7667236328125
0.3705,3.0479736328125,-4.0389404296875,1.0460205078125
0.371,3.4483642578125,-3.8387451171875,0.4454345703125
0.3715,3.6885986328125,-3.3182373046875,-0.2752685546875
0.372,3.9288330078125,-2.7977294921875,-1.0360107421875
0.3725,4.0889892578125,-1.9168701171875,-1.9969482421875
0.373,3.9288330078125,-1.3162841796875,-2.4774169921875
0.3735,3.8087158203125,-0.5555419921875,-3.1580810546875
0.374,3.4483642578125,0.1251220703125,-3.4783935546875
0.3745,3.2081298828125,0.8057861328125,-3.9188232421875
0.375,2.4473876953125,1.7667236328125,-4.1190185546875
0.3755,1.8468017578125,2.4874267578125,-4.2391357421875
0.376,0.9259033203125,2.9278564453125,-3.8387451171875
0.3765,0.2452392578125,3.5284423828125,-3.7987060546875
0.377,-0.5555419921875,3.8087158203125,-3.2381591796875
0.3775,-1.1961669921875,4.0889892578125,-2.9578857421875
0.378,-2.1971435546875,4.1690673828125,-2.1971435546875
0.3785,-2.5975341796875,4.0889892578125,-1.5965576171875
0.379,-3.0780029296875,3.8487548828125,-0.9559326171875
0.3795,-3.3983154296875,3.5284423828125,-0.3153076171875
0.38,-3.7186279296875,3.0880126953125,0.4053955078125
0.3805,-3.8387451171875,2.3272705078125,1.2862548828125
0.381,-3.9989013671875,1.6065673828125,2.1671142578125
0.3815,-3.6785888671875,0.8858642578125,2.5675048828125
0.382,-3.6385498046875,0.2852783203125,3.1680908203125
0.3825,-3.1981201171875,-0.5155029296875,3.4483642578125
0.383,-2.8778076171875,-1.1561279296875,3.8487548828125
0.3835,-2.0369873046875,-2.1170654296875,4.0089111328125
0.384,-1.3963623046875,-2.7176513671875,3.9688720703125
0.3845,-0.5155029296875,-3.1981201171875,3.6485595703125
0.385,0.1651611328125,-3.7987060546875,3.4884033203125
0.3855,0.9259033203125,-4.1190185546875,3.0880126953125
0.386,1.6466064453125,-4.3592529296875,2.5675048828125
0.3865,2.5675048828125,-4.4793701171875,1.8868408203125
0.387,2.8878173828125,-4.1190185546875,1.2862548828125
0.3875,3.4483642578125,-3.9989013671875,0.6456298828125
0.388,3.6885986328125,-3.4783935546875,-0.0750732421875
0.3885,4.0089111328125,-3.0780029296875,-0.7957763671875
0.389,4.0089111328125,-2.1571044921875,-1.7567138671875
0.3895,4.1290283203125,-1.5164794921875,-2.5174560546875
0.39,3.7686767578125,-0.6756591796875,-2.9178466796875
0.3905,3.7686767578125,-0.0750732421875,-3.5584716796875
0.391,3.2081298828125,0.6856689453125,-3.8387451171875
0.3915,2.8477783203125,1.4063720703125,-4.1590576171875
0.392,2.0069580078125,2.4073486328125,-4.3592529296875
0.3925,1.2462158203125,2.8878173828125,-4.1190185546875
0.393,0.3653564453125,3.4083251953125,-3.8787841796875
0.3935,-0.3553466796875,3.8487548828125,-3.5584716796875
0.394,-1.1160888671875,4.1290283203125,-3.1580810546875
0.3945,-1.9569091796875,4.2891845703125,-2.4373779296875
0.395,-2.7176513671875,4.4093017578125,-1.7567138671875
0.3955,-2.9979248046875,3.8487548828125,-0.9959716796875
0.396,-3.5584716796875,3.8487548828125,-0.5155029296875
0.3965,-3.7186279296875,3.1680908203125,0.3253173828125
0.397,-3.9989013671875,2.7276611328125,1.0460205078125
0.3975,-4.0389404296875,1.7667236328125,2.0870361328125
0.398,-3.9588623046875,1.0860595703125,2.6876220703125
0.3985,-3.5584716796875,0.2452392578125,3.1280517578125
0.399,-3.4383544921875,-0.3153076171875,3.5684814453125
0.3995,-2.8778076171875,-1.1160888671875,3.8487548828125
0.4,-2.3172607421875,-1.8367919921875,4.0089111328125
0.4005,-1.5565185546875,-2.7576904296875,4.1290283203125
0.401,-0.6756591796875,-3.1981201171875,3.7286376953125
0.4015,0.0050048828125,-3.7987060546875,3.6485595703125
0.402,0.8458251953125,-4.1190185546875,3.1280517578125
0.4025,1.5264892578125,-4.3192138671875,2.7677001953125
0.403,2.3673095703125,-4.3592529296875,2.0069580078125
0.4035,2.9678955078125,-4.3592529296875,1.4063720703125
0.404,3.2081298828125,-3.8387451171875,0.6856689453125
0.4045,3.6885986328125,-3.7987060546875,0.2052001953125
0.405,3.8087158203125,-3.0379638671875,-0.6356201171875
0.4055,4.0089111328125,-2.5975341796875,-1.2762451171875
0.406,4.0889892578125,-1.6766357421875,-2.2772216796875
0.4065,3.8487548828125,-1.0360107421875,-2.6776123046875
0.407,3.6485595703125,-0.3153076171875,-3.1981201171875
0.4075,3.4083251953125,0.2852783203125,-3.5985107421875
0.408,2.9678955078125,1.0460205078125,-3.9188232421875
0.4085,2.3272705078125,1.7667236328125,-4.1190185546875
0.409,1.6466064453125,2.5274658203125,-4.1990966796875
0.4095,0.7657470703125,2.8878173828125,-3.7186279296875
0.41,0.1651611328125,3.5284423828125,-3.7987060546875
0.4105,-0.6356201171875,3.7686767578125,-3.1580810546875
0.411,-1.2762451171875,4.0489501953125,-2.8778076171875
0.4115,-2.1170654296875,4.1290283203125,-2.1170654296875
0.412,-2.5574951171875,4.0089111328125,-1.5965576171875
0.4125,-2.9178466796875,3.7286376953125,-0.9559326171875
0.413,-3.3582763671875,3.5284423828125,-0.3553466796875
0.4135,-3.5584716796875,2.8878173828125,0.4454345703125
0.414,-3.7586669921875,2.3673095703125,1.2061767578125
0.4145,-3.8787841796875,1.5665283203125,2.0469970703125
0.415,-3.5584716796875,0.9259033203125,2.4473876953125
0.4155,-3.5584716796875,0.2852783203125,3.0479736328125
0.416,-3.1580810546875,-0.4354248046875,3.3682861328125
0.4165,-2.7576904296875,-1.1561279296875,3.7286376953125
0.417,-2.0369873046875,-1.9569091796875,3.8487548828125
0.4175,-1.3963623046875,-2.5975341796875,3.8487548828125
0.418,-0.5555419921875,-3.0379638671875,3.4483642578125
0.4185,0.0450439453125,-3.5985107421875,3.4884033203125
0.419,0.8858642578125,-3.8387451171875,2.8878173828125
0.4195,1.5264892578125,-4.1190185546875,2.5675048828125
0.42,2.3272705078125,-4.1590576171875,1.9268798828125
0.4205,2.6075439453125,-3.9188232421875,1.2862548828125
0.421,3.1280517578125,-3.7987060546875,0.7257080078125
0.4215,3.4083251953125,-3.3582763671875,0.0450439453125
0.422,3.6485595703125,-2.8377685546875,-0.6356201171875
0.4225,3.7686767578125,-2.1971435546875,-1.4364013671875
0.423,3.8487548828125,-1.5965576171875,-2.1571044921875
0.4235,3.4884033203125,-0.8358154296875,-2.5574951171875
0.424,3.6085205078125,-0.3153076171875,-3.1981201171875
0.4245,3.0880126953125,0.4854736328125,-3.4783935546875
0.425,2.7677001953125,1.1260986328125,-3.8387451171875
0.4255,2.0469970703125,1.9268798828125,-3.9588623046875
0.426,1.2862548828125,2.4073486328125,-3.7987060546875
0.4265,0.5655517578125,2.9678955078125,-3.5584716796875
0.427,-0.0350341796875,3.4884033203125,-3.4783935546875
0.4275,-0.7957763671875,3.6885986328125,-2.9578857421875
0.428,-1.4364013671875,3.8887939453125,-2.5574951171875
0.4285,-2.1170654296875,3.9688720703125,-1.9969482421875
0.429,-2.3973388671875,3.6485595703125,-1.3563232421875
0.4295,-2.9578857421875,3.6885986328125,-0.8358154296875
0.43,-3.1981201171875,3.0479736328125,0.0050048828125
0.4305,-3.5184326171875,2.6876220703125,0.6456298828125
0.431,-3.5985107421875,1.9268798828125,1.5264892578125
0.4315,-3.5985107421875,1.3663330078125,2.0469970703125
0.432,-3.3182373046875,0.6456298828125,2.4874267578125
0.4325,-3.3582763671875,0.1251220703125,3.0479736328125
0.433,-2.8377685546875,-0.6756591796875,3.3282470703125
0.4335,-2.4373779296875,-1.3563232421875,3.6085205078125
0.434,-1.7567138671875,-2.1571044921875,3.6885986328125
0.4345,-0.9959716796875,-2.5574951171875,3.4483642578125
0.435,-0.3153076171875,-3.1580810546875,3.4483642578125
0.4355,0.4053955078125,-3.5584716796875,3.0880126953125
0.436,1.0460205078125,-3.8387451171875,2.7276611328125
0.4365,1.7667236328125,-3.9588623046875,2.2071533203125
0.437,2.2471923828125,-3.9989013671875,1.7667236328125
0.4375,2.5274658203125,-3.5985107421875,1.1260986328125
0.438,3.0880126953125,-3.6785888671875,0.6456298828125
0.4385,3.2081298828125,-2.9178466796875,-0.1951904296875
0.439,3.5284423828125,-2.5975341796875,-0.7957763671875
0.4395,3.6085205078125,-1.8768310546875,-1.6365966796875
0.44,3.5284423828125,-1.3963623046875,-1.9969482421875
0.4405,3.4483642578125,-0.7156982421875,-2.5975341796875
0.441,3.3282470703125,-0.1551513671875,-3.1180419921875
0.4415,2.8878173828125,0.5655517578125,-3.4783935546875
0.442,2.4874267578125,1.2862548828125,-3.7186279296875
0.4425,1.8468017578125,1.9669189453125,-3.7987060546875
0.443,1.0460205078125,2.4073486328125,-3.4783935546875
0.4435,0.5255126953125,3.0880126953125,-3.5985107421875
0.444,-0.2752685546875,3.3682861328125,-3.0780029296875
0.4445,-0.8358154296875,3.6885986328125,-2.8778076171875
0.445,-1.5565185546875,3.8087158203125,-2.3172607421875
0.4455,-1.9569091796875,3.7686767578125,-1.8768310546875
0.446,-2.3973388671875,3.5284423828125,-1.2762451171875
0.4465,-2.8778076171875,3.4483642578125,-0.6756591796875
0.447,-3.1180419921875,2.7677001953125,0.1251220703125
0.4475,-3.3983154296875,2.4073486328125,0.8057861328125
0.448,-3.5184326171875,1.7266845703125,1.5665283203125
0.4485,-3.3182373046875,1.1260986328125,1.9669189453125
0.449,-3.3983154296875,0.5255126953125,2.6475830078125
0.4495,-3.0379638671875,-0.1551513671875,3.0079345703125
0.45,-2.6776123046875,-0.9158935546875,3.3282470703125
0.4505,-2.0369873046875,-1.5965576171875,3.4884033203125
0.451,-1.4364013671875,-2.1571044921875,3.4884033203125
0.4515,-0.6756591796875,-2.6375732421875,3.2481689453125
0.452,-0.1151123046875,-3.2781982421875,3.3282470703125
0.4525,0.6456298828125,-3.5184326171875,2.8077392578125
0.453,1.2862548828125,-3.8387451171875,2.5274658203125
0.4535,1.9268798828125,-3.8787841796875,1.9669189453125
0.454,2.2471923828125,-3.6785888671875,1.4464111328125
0.4545,2.6876220703125,-3.5584716796875,0.9259033203125
0.455,3.0079345703125,-3.1981201171875,0.2452392578125
0.4555,3.2481689453125,-2.7176513671875,-0.4354248046875
0.456,3.4483642578125,-2.1971435546875,-1.1561279296875
0.4565,3.5284423828125,-1.6365966796875,-1.7567138671875
0.457,3.2882080078125,-1.0360107421875,-2.1971435546875
0.4575,3.4483642578125,-0.5155029296875,-2.8377685546875
0.458,2.9278564453125,0.2052001953125,-3.1981201171875
0.4585,2.6876220703125,0.8858642578125,-3.5584716796875
0.459,2.0069580078125,1.5665283203125,-3.5584716796875
0.4595,1.4063720703125,2.0870361328125,-3.5184326171875
0.46,0.7657470703125,2.6475830078125,-3.3582763671875
0.4605,0.1251220703125,3.1280517578125,-3.2781982421875
0.461,-0.5155029296875,3.3682861328125,-2.8778076171875
0.4615,-1.1160888671875,3.6485595703125,-2.5574951171875
0.462,-1.6365966796875,3.6885986328125,-2.1170654296875
0.4625,-1.9969482421875,3.4483642578125,-1.5565185546875
0.463,-2.5975341796875,3.5284423828125,-1.0360107421875
0.4635,-2.8377685546875,2.9278564453125,-0.2752685546875
0.464,-3.1981201171875,2.6075439453125,0.3653564453125
0.4645,-3.2781982421875,1.9669189453125,1.1260986328125
0.465,-3.3582763671875,1.5264892578125,1.5665283203125
0.4655,-3.1981201171875,0.8458251953125,2.0870361328125
0.466,-3.1981201171875,0.2852783203125,2.6475830078125
0.4665,-2.7576904296875,-0.3953857421875,3.0479736328125
0.467,-2.4373779296875,-1.0760498046875,3.3282470703125
0.4675,-1.7967529296875,-1.7567138671875,3.4083251953125
0.468,-1.1160888671875,-2.2772216796875,3.2481689453125
0.4685,-0.5155029296875,-2.8778076171875,3.3282470703125
0.469,0.1651611328125,-3.2381591796875,3.0079345703125
0.4695,0.8057861328125,-3.5584716796875,2.7276611328125
0.47,1.4063720703125,-3.7186279296875,2.2872314453125
0.4705,1.8468017578125,-3.7586669921875,1.9268798828125
0.471,2.2471923828125,-3.5184326171875,1.2862548828125
0.4715,2.7677001953125,-3.5184326171875,0.7657470703125
0.472,2.9278564453125,-2.8778076171875,0.0050048828125
0.4725,3.3282470703125,-2.5574951171875,-0.6356201171875
0.473,3.3682861328125,-1.9569091796875,-1.3563232421875
0.4735,3.3682861328125,-1.5164794921875,-1.7967529296875
0.474,3.3282470703125,-0.8758544921875,-2.4373779296875
0.4745,3.1680908203125,-0.1951904296875,-2.8778076171875
0.475,2.8477783203125,0.4854736328125,-3.2781982421875
0.4755,2.3673095703125,1.1661376953125,-3.4783935546875
0.476,1.7667236328125,1.7667236328125,-3.5184326171875
0.4765,1.0860595703125,2.2471923828125,-3.2781982421875
0.477,0.5655517578125,2.8878173828125,-3.4783935546875
0.4775,-0.1951904296875,3.1280517578125,-2.9578857421875
0.478,-0.7156982421875,3.4884033203125,-2.7977294921875
0.4785,-1.3162841796875,3.5284423828125,-2.2772216796875
0.479,-1.6766357421875,3.4884033203125,-1.9168701171875
0.4795,-2.1971435546875,3.3682861328125,-1.3162841796875
0.48,-2.5975341796875,3.1680908203125,-0.7156982421875
0.4805,-2.8778076171875,2.6475830078125,0.0050048828125
0.481,-3.1580810546875,2.2471923828125,0.6456298828125
0.4815,-3.2381591796875,1.7667236328125,1.2862548828125
0.482,-3.1580810546875,1.1661376953125,1.6866455078125
0.4825,-3.2381591796875,0.6856689453125,2.4073486328125
0.483,-2.8778076171875,-0.0350341796875,2.7276611328125
0.4835,-2.5975341796875,-0.6756591796875,3.1680908203125
0.484,-1.9969482421875,-1.3162841796875,3.2481689453125
0.4845,-1.4764404296875,-1.9168701171875,3.2481689453125
0.485,-0.7957763671875,-2.4373779296875,3.1680908203125
0.4855,-0.2752685546875,-3.0379638671875,3.2081298828125
0.486,0.4454345703125,-3.2781982421875,2.7677001953125
0.4865,1.0059814453125,-3.5985107421875,2.5675048828125
0.487,1.5264892578125,-3.6785888671875,2.1270751953125
0.4875,1.8868408203125,-3.5584716796875,1.6466064453125
0.488,2.4874267578125,-3.5584716796875,1.1260986328125
0.4885,2.7276611328125,-3.0780029296875,0.3653564453125
0.489,3.0880126953125,-2.7977294921875,-0.2752685546875
0.4895,3.2481689453125,-2.2772216796875,-0.9959716796875
0.49,3.3682861328125,-1.8768310546875,-1.4764404296875
0.4905,3.2481689453125,-1.1561279296875,-1.9969482421875
0.491,3.3682861328125,-0.6356201171875,-2.6375732421875
0.4915,2.9278564453125,0.1651611328125,-3.0379638671875
0.492,2.6876220703125,0.8057861328125,-3.3983154296875
0.4925,2.0469970703125,1.4464111328125,-3.4783935546875
0.493,1.4063720703125,2.0069580078125,-3.3983154296875
0.4935,0.7657470703125,2.6075439453125,-3.3983154296875
0.494,0.1251220703125,3.0079345703125,-3.1981201171875
0.4945,-0.5155029296875,3.3282470703125,-2.8377685546875
0.495,-1.0760498046875,3.5284423828125,-2.5174560546875
0.4955,-1.5965576171875,3.6085205078125,-2.1170654296875
0.496,-1.9569091796875,3.4083251953125,-1.5565185546875
0.4965,-2.5975341796875,3.4083251953125,-0.9959716796875
0.497,-2.7977294921875,2.6876220703125,-0.1151123046875
0.4975,-3.1981201171875,2.4073486328125,0.5255126953125
0.498,-3.2381591796875,1.7667236328125,1.2061767578125
0.4985,-3.2381591796875,1.3262939453125,1.7266845703125
0.499,-3.1580810546875,0.6856689453125,2.2471923828125
0.4995,-3.0780029296875,0.0850830078125,2.7677001953125
0.5,-2.5975341796875,-0.6356201171875,3.1280517578125
0.5005,-2.1170654296875,-1.3162841796875,3.3282470703125
0.501,-1.5164794921875,-1.9168701171875,3.3282470703125
0.5015,-0.7957763671875,-2.4373779296875,3.1680908203125
0.502,-0.2752685546875,-3.0780029296875,3.2081298828125
0.5025,0.5255126953125,-3.2781982421875,2.7276611328125
0.503,1.1260986328125,-3.6385498046875,2.4874267578125
0.5035,1.6065673828125,-3.6385498046875,2.0069580078125
0.504,2.0469970703125,-3.6385498046875,1.6065673828125
0.5045,2.4073486328125,-3.3582763671875,0.9659423828125
0.505,2.8477783203125,-3.2781982421875,0.4053955078125
0.5055,3.0079345703125,-2.5975341796875,-0.3553466796875
0.506,3.3282470703125,-2.3172607421875,-0.9959716796875
0.5065,3.3282470703125,-1.6365966796875,-1.5965576171875
0.507,3.2481689453125,-1.1561279296875,-1.9969482421875
0.5075,3.2882080078125,-0.5155029296875,-2.5975341796875
0.508,2.9678955078125,0.1251220703125,-2.9979248046875
0.5085,2.6075439453125,0.8458251953125,-3.3582763671875
0.509,2.0469970703125,1.4063720703125,-3.4383544921875
0.5095,1.4464111328125,1.9669189453125,-3.4783935546875
0.51,0.7657470703125,2.4874267578125,-3.1981201171875
0.5105,0.2852783203125,3.0479736328125,-3.2781982421875
0.511,-0.5155029296875,3.2081298828125,-2.7576904296875
0.5115,-0.9959716796875,3.5284423828125,-2.5574951171875
0.512,-1.5565185546875,3.5284423828125,-2.0770263671875
0.5125,-1.8768310546875,3.4483642578125,-1.6365966796875
0.513,-2.4373779296875,3.3282470703125,-1.0360107421875
0.5135,-2.7576904296875,2.9278564453125,-0.3553466796875
0.514,-3.0379638671875,2.4473876953125,0.3253173828125
0.5145,-3.1981201171875,2.0469970703125,0.9659423828125
0.515,-3.2781982421875,1.5264892578125,1.5665283203125
0.5155,-3.1580810546875,0.9259033203125,2.0069580078125
0.516,-3.1981201171875,0.3653564453125,2.6475830078125
0.5165,-2.7176513671875,-0.3953857421875,2.9278564453125
0.517,-2.3973388671875,-1.0360107421875,3.2882080078125
0.5175,-1.7567138671875,-1.6766357421875,3.2882080078125
0.518,-1.1561279296875,-2.2371826171875,3.2481689453125
0.5185,-0.5155029296875,-2.7176513671875,3.1680908203125
0.519,0.1251220703125,-3.1981201171875,3.0479736328125
0.5195,0.8858642578125,-3.5184326171875,2.5675048828125
0.52,1.3663330078125,-3.7186279296875,2.2872314453125
0.5205,1.8868408203125,-3.7186279296875,1.8468017578125
0.521,2.2471923828125,-3.5184326171875,1.2862548828125
0.5215,2.8077392578125,-3.4783935546875,0.6856689453125
0.522,2.9278564453125,-2.8778076171875,-0.1551513671875
0.5225,3.3282470703125,-2.4774169921875,-0.7156982421875
0.523,3.3282470703125,-1.8768310546875,-1.3563232421875
0.5235,3.4083251953125,-1.4364013671875,-1.9168701171875
0.524,3.2481689453125,-0.6756591796875,-2.4373779296875
0.5245,3.2481689453125,-0.1551513671875,-2.9979248046875
0.525,2.6876220703125,0.6456298828125,-3.2781982421875
0.5255,2.2872314453125,1.2862548828125,-3.5584716796875
0.526,1.5665283203125,1.9268798828125,-3.5584716796875
0.5265,0.9259033203125,2.4473876953125,-3.3983154296875
0.527,0.3253173828125,3.0079345703125,-3.3582763671875
0.5275,-0.3953857421875,3.3282470703125,-2.9178466796875
0.528,-1.1160888671875,3.6085205078125,-2.5975341796875
0.5285,-1.5565185546875,3.5684814453125,-2.1170654296875
0.529,-2.0770263671875,3.6085205078125,-1.6766357421875
0.5295,-2.4373779296875,3.3282470703125,-0.9959716796875
0.53,-2.9578857421875,3.1680908203125,-0.4354248046875
0.5305,-3.1180419921875,2.4073486328125,0.4854736328125
0.531,-3.3983154296875,2.0469970703125,1.1661376953125
0.5315,-3.3182373046875,1.3663330078125,1.7667236328125
0.532,-3.2381591796875,0.8458251953125,2.2471923828125
0.5325,-3.1180419921875,0.1651611328125,2.7677001953125
0.533,-2.8377685546875,-0.5155029296875,3.1680908203125
0.5335,-2.2772216796875,-1.3162841796875,3.4483642578125
0.534,-1.6766357421875,-1.8768310546875,3.4483642578125
0.5345,-0.9959716796875,-2.5174560546875,3.4483642578125
0.535,-0.2352294921875,-2.9578857421875,3.1680908203125
0.5355,0.3253173828125,-3.5184326171875,3.1280517578125
0.536,1.2061767578125,-3.7186279296875,2.4473876953125
0.5365,1.8067626953125,-3.9188232421875,2.0870361328125
0.537,2.2471923828125,-3.7987060546875,1.5264892578125
0.5375,2.6475830078125,-3.7186279296875,1.0460205078125
0.538,2.9678955078125,-3.3582763671875,0.3653564453125
0.5385,3.3282470703125,-2.9979248046875,-0.2752685546875
0.539,3.4884033203125,-2.2371826171875,-1.1561279296875
0.5395,3.5684814453125,-1.7967529296875,-1.7166748046875
0.54,3.5284423828125,-1.0760498046875,-2.3172607421875
0.5405,3.3282470703125,-0.5155029296875,-2.7576904296875
0.541,3.2081298828125,0.1251220703125,-3.2781982421875
0.5415,2.6876220703125,0.9659423828125,-3.5584716796875
0.542,2.2071533203125,1.7266845703125,-3.8387451171875
0.5425,1.4063720703125,2.2471923828125,-3.6385498046875
0.543,0.7657470703125,2.8477783203125,-3.5985107421875
0.5435,0.0050048828125,3.2081298828125,-3.2381591796875
0.544,-0.5955810546875,3.6885986328125,-3.1580810546875
0.5445,-1.5164794921875,3.8487548828125,-2.3973388671875
0.545,-1.9969482421875,3.8887939453125,-1.9969482421875
0.5455,-2.4774169921875,3.6885986328125,-1.3563232421875
0.546,-2.8778076171875,3.5284423828125,-0.8358154296875
0.5465,-3.2381591796875,3.2081298828125,-0.1151123046875
0.547,-3.5184326171875,2.5675048828125,0.6856689453125
0.5475,-3.7186279296875,1.9268798828125,1.6065673828125
0.548,-3.5584716796875,1.2462158203125,2.0870361328125
0.5485,-3.5584716796875,0.6055908203125,2.7276611328125
0.549,-3.1981201171875,-0.0750732421875,3.1280517578125
0.5495,-2.9979248046875,-0.7156982421875,3.5684814453125
0.55,-2.2371826171875,-1.6766357421875,3.7686767578125
0.5505,-1.6365966796875,-2.3572998046875,3.8487548828125
0.551,-0.7957763671875,-2.8778076171875,3.5684814453125
0.5515,-0.0750732421875,-3.4783935546875,3.4884033203125
0.552,0.6856689453125,-3.7987060546875,3.0479736328125
0.5525,1.4063720703125,-4.1190185546875,2.6876220703125
0.553,2.3673095703125,-4.3192138671875,1.9268798828125
0.5535,2.7276611328125,-4.1190185546875,1.3663330078125
0.554,3.1680908203125,-3.9588623046875,0.7257080078125
0.5545,3.4884033203125,-3.4783935546875,0.0850830078125
0.555,3.8087158203125,-3.0780029296875,-0.6356201171875
0.5555,3.8887939453125,-2.2371826171875,-1.5164794921875
0.556,4.0089111328125,-1.5965576171875,-2.3172607421875
0.5565,3.6485595703125,-0.7957763671875,-2.7176513671875
0.557,3.6485595703125,-0.2752685546875,-3.2781982421875
0.5575,3.1680908203125,0.4854736328125,-3.5985107421875
0.558,2.8477783203125,1.2061767578125,-3.9989013671875
0.5585,2.0469970703125,2.1671142578125,-4.1590576171875
0.559,1.3262939453125,2.6876220703125,-3.9989013671875
0.5595,0.5255126953125,3.1680908203125,-3.7186279296875
0.56,-0.1551513671875,3.6485595703125,-3.4783935546875
0.5605,-0.9158935546875,3.8887939453125,-3.0780029296875
0.561,-1.6766357421875,4.0889892578125,-2.5174560546875
0.5615,-2.5174560546875,4.2091064453125,-1.8367919921875
0.562,-2.7977294921875,3.8087158203125,-1.1961669921875
0.5625,-3.2781982421875,3.8087158203125,-0.6356201171875
0.563,-3.5184326171875,3.2081298828125,0.0850830078125
0.5635,-3.7987060546875,2.8077392578125,0.7657470703125
0.564,-3.8387451171875,1.9268798828125,1.7667236328125
0.5645,-3.8787841796875,1.2862548828125,2.4073486328125
0.565,-3.5184326171875,0.4854736328125,2.8477783203125
0.5655,-3.4783935546875,-0.0350341796875,3.3282470703125
0.566,-2.9578857421875,-0.7957763671875,3.6085205078125
0.5665,-2.5174560546875,-1.5164794921875,3.8887939453125
0.567,-1.7567138671875,-2.4373779296875,4.0889892578125
0.5675,-0.9559326171875,-2.8778076171875,3.7686767578125
0.568,-0.2352294921875,-3.4783935546875,3.6085205078125
0.5685,0.5655517578125,-3.8787841796875,3.2081298828125
0.569,1.2462158203125,-4.1990966796875,2.8477783203125
0.5695,2.0870361328125,-4.3192138671875,2.2071533203125
0.57,2.7677001953125,-4.3992919921875,1.5665283203125
0.5705,3.0479736328125,-3.8787841796875,0.8858642578125
0.571,3.5284423828125,-3.8787841796875,0.4454345703125
0.5715,3.6885986328125,-3.1580810546875,-0.3953857421875
0.572,3.9688720703125,-2.7576904296875,-1.1160888671875
0.5725,4.0089111328125,-1.7967529296875,-2.0770263671875
0.573,3.9288330078125,-1.2362060546875,-2.5975341796875
0.5735,3.6485595703125,-0.3953857421875,-3.0780029296875
0.574,3.4884033203125,0.1251220703125,-3.5584716796875
0.5745,3.0479736328125,0.8858642578125,-3.8387451171875
0.575,2.4874267578125,1.6466064453125,-4.1190185546875
0.5755,1.7667236328125,2.5274658203125,-4.2391357421875
0.576,0.8858642578125,2.8878173828125,-3.7987060546875
0.5765,0.2452392578125,3.5284423828125,-3.7987060546875
0.577,-0.5955810546875,3.7686767578125,-3.1981201171875
0.5775,-1.2362060546875,4.0489501953125,-2.9178466796875
0.578,-2.1170654296875,4.1290283203125,-2.1971435546875
0.5785,-2.6375732421875,4.1290283203125,-1.5965576171875
0.579,-2.9178466796875,3.6885986328125,-0.9158935546875
0.5795,-3.3983154296875,3.6485595703125,-0.3953857421875
0.58,-3.5985107421875,2.8878173828125,0.4854736328125
0.5805,-3.8387451171875,2.4073486328125,1.2061767578125
0.581,-3.9188232421875,1.5665283203125,2.1671142578125
0.5815,-3.6785888671875,0.8858642578125,2.5274658203125
0.582,-3.5584716796875,0.2452392578125,3.1280517578125
0.5825,-3.1981201171875,-0.4754638671875,3.4884033203125
0.583,-2.7576904296875,-1.1961669921875,3.8087158203125
0.5835,-2.0770263671875,-1.9969482421875,3.9288330078125
0.584,-1.3563232421875,-2.7176513671875,3.9688720703125
0.5845,-0.5155029296875,-3.1180419921875,3.5284423828125
0.585,0.0850830078125,-3.7987060546875,3.5684814453125
0.5855,1.0059814453125,-3.9989013671875,2.9278564453125
0.586,1.6065673828125,-4.3192138671875,2.5675048828125
0.5865,2.5274658203125,-4.3592529296875,1.8468017578125
0.587,2.8878173828125,-4.1190185546875,1.2862548828125
0.5875,3.3282470703125,-3.8387451171875,0.6055908203125
0.588,3.6885986328125,-3.5584716796875,-0.0350341796875
0.5885,3.8487548828125,-2.8377685546875,-0.8758544921875
0.589,3.9688720703125,-2.2772216796875,-1.5965576171875
0.5895,4.0489501953125,-1.4764404296875,-2.4774169921875
0.59,3.6885986328125,-0.6756591796875,-2.8778076171875
0.5905,3.6885986328125,-0.1551513671875,-3.4383544921875
0.591,3.1680908203125,0.6456298828125,-3.7586669921875
0.5915,2.7677001953125,1.4063720703125,-4.0789794921875
0.592,1.9669189453125,2.2471923828125,-4.1590576171875
0.5925,1.2462158203125,2.8477783203125,-4.0389404296875
0.593,0.3653564453125,3.2081298828125,-3.6385498046875
0.5935,-0.2752685546875,3.8087158203125,-3.5985107421875
0.594,-1.1561279296875,3.9688720703125,-2.9178466796875
0.5945,-1.7967529296875,4.1290283203125,-2.5174560546875
0.595,-2.5574951171875,4.2091064453125,-1.7967529296875
0.5955,-2.8778076171875,3.8487548828125,-1.1160888671875
0.596,-3.3582763671875,3.7286376953125,-0.5555419921875
0.5965,-3.5985107421875,3.1680908203125,0.2452392578125
0.597,-3.7987060546875,2.5675048828125,1.0059814453125
0.5975,-3.8787841796875,1.8468017578125,1.8868408203125
0.598,-3.8787841796875,1.1260986328125,2.5675048828125
0.5985,-3.4783935546875,0.3253173828125,2.8878173828125
0.599,-3.5184326171875,-0.1551513671875,3.5284423828125
0.5995,-2.8377685546875,-1.0760498046875,3.7686767578125
0.6,-2.3973388671875,-1.7967529296875,3.9688720703125
0.6005,-1.5565185546875,-2.6375732421875,4.0489501953125
0.601,-0.7156982421875,-3.1580810546875,3.7686767578125
0.6015,0.0050048828125,-3.6785888671875,3.4884033203125
0.602,0.7657470703125,-4.1590576171875,3.2081298828125
0.6025,1.6466064453125,-4.2391357421875,2.5675048828125
0.603,2.2872314453125,-4.3592529296875,2.0870361328125
0.6035,3.0079345703125,-4.3992919921875,1.4464111328125
0.604,3.2481689453125,-3.8387451171875,0.6856689453125
0.6045,3.7686767578125,-3.8387451171875,0.1251220703125
0.605,3.9288330078125,-3.0379638671875,-0.7957763671875
0.6055,4.1290283203125,-2.4373779296875,-1.5565185546875
0.606,4.1290283203125,-1.5965576171875,-2.3973388671875
0.6065,4.0089111328125,-0.9559326171875,-2.9578857421875
0.607,3.5684814453125,-0.1151123046875,-3.3582763671875
0.6075,3.5284423828125,0.4854736328125,-3.8787841796875
0.608,2.7677001953125,1.4464111328125,-4.1590576171875
0.6085,2.2471923828125,2.0870361328125,-4.3192138671875
0.609,1.3262939453125,2.8878173828125,-4.2791748046875
0.6095,0.4854736328125,3.3282470703125,-3.8387451171875
0.61,-0.2352294921875,3.8087158203125,-3.6785888671875
0.6105,-1.1160888671875,4.1690673828125,-3.1180419921875
0.611,-1.9168701171875,4.2891845703125,-2.4774169921875
0.6115,-2.4774169921875,4.2491455078125,-1.9168701171875
0.612,-3.0780029296875,4.1690673828125,-1.2762451171875
0.6125,-3.2781982421875,3.6485595703125,-0.5155029296875
0.613,-3.8387451171875,3.5284423828125,0.0450439453125
0.6135,-3.8787841796875,2.5274658203125,1.1260986328125
0.614,-4.0389404296875,2.0469970703125,1.7667236328125
0.6145,-3.9188232421875,1.2061767578125,2.5675048828125
0.615,-3.6785888671875,0.4854736328125,3.0079345703125
0.6155,-3.3582763671875,-0.1951904296875,3.3682861328125
0.616,-3.0780029296875,-0.9158935546875,3.8087158203125
0.6165,-2.3172607421875,-1.7967529296875,3.9688720703125
0.617,-1.7567138671875,-2.4373779296875,3.9688720703125
0.6175,-0.9559326171875,-3.1580810546875,3.9288330078125
0.618,-0.0750732421875,-3.4783935546875,3.4083251953125
0.6185,0.4854736328125,-3.9989013671875,3.4083251953125
0.619,1.4464111328125,-4.1590576171875,2.6876220703125
0.6195,2.0469970703125,-4.3192138671875,2.2471923828125
0.62,2.6475830078125,-4.1990966796875,1.5665283203125
0.6205,3.0880126953125,-4.0389404296875,1.0059814453125
0.621,3.3282470703125,-3.5985107421875,0.3253173828125
0.6215,3.7686767578125,-3.3983154296875,-0.2352294921875
0.622,3.8087158203125,-2.4774169921875,-1.1961669921875
0.6225,3.9688720703125,-2.0770263671875,-1.7567138671875
0.623,3.9288330078125,-1.2762451171875,-2.5574951171875
0.6235,3.6085205078125,-0.5955810546875,-2.8778076171875
0.624,3.5284423828125,0.0050048828125,-3.4783935546875
0.6245,3.0880126953125,0.7657470703125,-3.7586669921875
0.625,2.5274658203125,1.5264892578125,-4.0389404296875
0.6255,1.8868408203125,2.2071533203125,-3.9989013671875
0.626,1.1260986328125,2.7677001953125,-3.9588623046875
0.6265,0.3253173828125,3.2081298828125,-3.5184326171875
0.627,-0.2352294921875,3.8087158203125,-3.5584716796875
0.6275,-1.1561279296875,3.8887939453125,-2.7576904296875
0.628,-1.7166748046875,4.0889892578125,-2.4774169921875
0.6285,-2.3172607421875,4.0089111328125,-1.7967529296875
0.629,-2.7176513671875,3.8087158203125,-1.2362060546875
0.6295,-3.1580810546875,3.5284423828125,-0.5955810546875
0.63,-3.5184326171875,3.1680908203125,0.1651611328125
0.6305,-3.6785888671875,2.4073486328125,1.0460205078125
0.631,-3.7987060546875,1.9268798828125,1.6466064453125
0.6315,-3.7586669921875,1.2061767578125,2.3673095703125
0.632,-3.3983154296875,0.4454345703125,2.7276611328125
0.6325,-3.3983154296875,-0.1151123046875,3.3282470703125
0.633,-2.7176513671875,-1.0360107421875,3.5684814453125
0.6335,-2.2772216796875,-1.7567138671875,3.8487548828125
0.634,-1.5164794921875,-2.3973388671875,3.7286376953125
0.6345,-0.7957763671875,-2.9178466796875,3.6485595703125
0.635,0.0050048828125,-3.3582763671875,3.2882080078125
0.6355,0.6456298828125,-3.8787841796875,3.1680908203125
0.636,1.5665283203125,-3.9989013671875,2.4073486328125
0.6365,2.0469970703125,-4.1590576171875,2.1270751953125
0.637,2.6475830078125,-4.0789794921875,1.4464111328125
0.6375,2.9678955078125,-3.7186279296875,0.8057861328125
0.638,3.4483642578125,-3.5584716796875,0.1651611328125
0.6385,3.6085205078125,-2.8778076171875,-0.6356201171875
0.639,3.8087158203125,-2.3172607421875,-1.3563232421875
0.6395,3.7686767578125,-1.6365966796875,-1.9569091796875
0.64,3.7286376953125,-1.0360107421875,-2.5574951171875
0.6405,3.3682861328125,-0.3153076171875,-2.9578857421875
0.641,3.3682861328125,0.1651611328125,-3.5584716796875
0.6415,2.6475830078125,1.1260986328125,-3.7186279296875
0.642,2.2471923828125,1.7266845703125,-3.9588623046875
0.6425,1.4063720703125,2.4073486328125,-3.8387451171875
0.643,0.6856689453125,2.8878173828125,-3.5985107421875
0.6435,0.0050048828125,3.3682861328125,-3.3983154296875
0.644,-0.7156982421875,3.6885986328125,-3.0780029296875
0.6445,-1.4764404296875,3.8887939453125,-2.5174560546875
0.645,-1.9168701171875,3.8887939453125,-2.0770263671875
0.6455,-2.4373779296875,3.8487548828125,-1.5164794921875
0.646,-2.7576904296875,3.4483642578125,-0.8758544921875
0.6465,-3.2781982421875,3.4083251953125,-0.2752685546875
0.647,-3.3582763671875,2.5274658203125,0.6055908203125
0.6475,-3.6385498046875,2.1671142578125,1.2862548828125
0.648,-3.5584716796875,1.4063720703125,1.9268798828125
0.6485,-3.4783935546875,0.8858642578125,2.3673095703125
0.649,-3.1981201171875,0.1251220703125,2.8477783203125
0.6495,-3.0379638671875,-0.4354248046875,3.2882080078125
0.65,-2.4373779296875,-1.3162841796875,3.5284423828125
0.6505,-1.9168701171875,-1.8367919921875,3.6085205078125
0.651,-1.1961669921875,-2.4774169921875,3.5284423828125
0.6515,-0.4354248046875,-2.9178466796875,3.2882080078125
0.652,0.1251220703125,-3.5184326171875,3.2882080078125
0.6525,0.9259033203125,-3.7186279296875,2.6876220703125
0.653,1.5665283203125,-3.9588623046875,2.4073486328125
0.6535,1.9669189453125,-3.8787841796875,1.8868408203125
0.654,2.4874267578125,-3.8387451171875,1.4063720703125
0.6545,2.8077392578125,-3.4383544921875,0.6856689453125
0.655,3.2481689453125,-3.3182373046875,0.1251220703125
0.6555,3.3282470703125,-2.5174560546875,-0.7156982421875
0.656,3.6085205078125,-2.2371826171875,-1.2762451171875
0.6565,3.5284423828125,-1.4764404296875,-1.9569091796875
0.657,3.4884033203125,-0.9959716796875,-2.3973388671875
0.6575,3.3682861328125,-0.3153076171875,-3.0379638671875
0.658,3.0079345703125,0.3653564453125,-3.3983154296875
0.6585,2.5675048828125,1.2061767578125,-3.7186279296875
0.659,1.9268798828125,1.7667236328125,-3.6785888671875
0.6595,1.2862548828125,2.4073486328125,-3.6785888671875
0.66,0.5655517578125,2.8077392578125,-3.3582763671875
0.6605,0.0050048828125,3.3682861328125,-3.3983154296875
0.661,-0.8358154296875,3.5284423828125,-2.7576904296875
0.6615,-1.3563232421875,3.8487548828125,-2.5574951171875
0.662,-1.8768310546875,3.6885986328125,-1.9569091796875
0.6625,-2.2772216796875,3.6485595703125,-1.4364013671875
0.663,-2.7977294921875,3.3682861328125,-0.7156982421875
0.6635,-3.1580810546875,3.0079345703125,-0.0350341796875
0.664,-3.3582763671875,2.3673095703125,0.8057861328125
0.6645,-3.4783935546875,1.9268798828125,1.3663330078125
0.665,-3.4383544921875,1.2462158203125,1.9669189453125
0.6655,-3.2381591796875,0.6055908203125,2.4073486328125
0.666,-3.1981201171875,-0.0350341796875,3.0079345703125
0.6665,-2.6375732421875,-0.7957763671875,3.2882080078125
0.667,-2.2371826171875,-1.4764404296875,3.5684814453125
0.6675,-1.4764404296875,-2.0369873046875,3.4483642578125
0.668,-0.8358154296875,-2.6375732421875,3.4083251953125
0.6685,-0.1151123046875,-3.0780029296875,3.1680908203125
0.669,0.4854736328125,-3.5584716796875,3.0079345703125
0.6695,1.2862548828125,-3.7186279296875,2.4073486328125
0.67,1.7266845703125,-3.8387451171875,2.1270751953125
0.6705,2.2071533203125,-3.7586669921875,1.5665283203125
0.671,2.5274658203125,-3.5184326171875,1.0059814453125
0.6715,3.0479736328125,-3.3582763671875,0.3653564453125
0.672,3.1680908203125,-2.7176513671875,-0.3553466796875
0.6725,3.4884033203125,-2.3172607421875,-1.0360107421875
0.673,3.4083251953125,-1.7567138671875,-1.5565185546875
0.6735,3.4884033203125,-1.2762451171875,-2.1170654296875
0.674,3.2081298828125,-0.5955810546875,-2.6375732421875
0.6745,3.2081298828125,0.0050048828125,-3.1981201171875
0.675,2.6475830078125,0.8458251953125,-3.3983154296875
0.6755,2.2471923828125,1.4063720703125,-3.5985107421875
0.676,1.5264892578125,2.0069580078125,-3.5184326171875
0.6765,0.9259033203125,2.5274658203125,-3.3983154296875
0.677,0.2452392578125,3.0479736328125,-3.3182373046875
0.6775,-0.3553466796875,3.3282470703125,-2.9578857421875
0.678,-1.0360107421875,3.6085205078125,-2.5975341796875
0.6785,-1.4364013671875,3.5684814453125,-2.2371826171875
0.679,-1.9569091796875,3.6485595703125,-1.7967529296875
0.6795,-2.3172607421875,3.3282470703125,-1.1160888671875
0.68,-2.8778076171875,3.2882080078125,-0.5555419921875
0.6805,-3.0379638671875,2.5274658203125,0.2852783203125
0.681,-3.3582763671875,2.2471923828125,0.8858642578125
0.6815,-3.2381591796875,1.5665283203125,1.4464111328125
0.682,-3.3582763671875,1.0860595703125,1.9669189453125
0.6825,-3.1580810546875,0.3653564453125,2.5675048828125
0.683,-2.9578857421875,-0.1951904296875,3.0079345703125
0.6835,-2.4373779296875,-0.9959716796875,3.3282470703125
0.684,-1.9569091796875,-1.5565185546875,3.3682861328125
0.6845,-1.2762451171875,-2.1971435546875,3.3682861328125
0.685,-0.5955810546875,-2.7176513671875,3.2081298828125
0.6855,-0.0350341796875,-3.2381591796875,3.2081298828125
0.686,0.7657470703125,-3.4783935546875,2.6876220703125
0.6865,1.2862548828125,-3.7987060546875,2.4473876953125
0.687,1.7266845703125,-3.6385498046875,1.9268798828125
0.6875,2.2071533203125,-3.7186279296875,1.5264892578125
0.688,2.6075439453125,-3.3182373046875,0.7657470703125
0.6885,3.0079345703125,-3.1580810546875,0.2052001953125
0.689,3.1680908203125,-2.5174560546875,-0.6356201171875
0.6895,3.3682861328125,-2.2371826171875,-1.1561279296875
0.69,3.3282470703125,-1.5965576171875,-1.7967529296875
0.6905,3.3282470703125,-0.9959716796875,-2.2371826171875
0.691,3.2481689453125,-0.3153076171875,-2.8377685546875
0.6915,2.8477783203125,0.3653564453125,-3.1981201171875
0.692,2.4874267578125,1.0860595703125,-3.5184326171875
0.6925,1.8468017578125,1.5665283203125,-3.3983154296875
0.693,1.2862548828125,2.2071533203125,-3.4783935546875
0.6935,0.5655517578125,2.6876220703125,-3.2381591796875
0.694,0.0450439453125,3.1680908203125,-3.1981201171875
0.6945,-0.7156982421875,3.3682861328125,-2.6776123046875
0.695,-1.1561279296875,3.5684814453125,-2.4774169921875
0.6955,-1.6365966796875,3.4884033203125,-1.9569091796875
0.696,-2.0770263671875,3.4483642578125,-1.5565185546875
0.6965,-2.5574951171875,3.2081298828125,-0.7957763671875
0.697,-2.8377685546875,2.7677001953125,-0.1151123046875
0.6975,-3.1180419921875,2.2872314453125,0.6055908203125
0.698,-3.1981201171875,1.8468017578125,1.0860595703125
0.6985,-3.2381591796875,1.4063720703125,1.6466064453125
0.699,-3.1180419921875,0.7657470703125,2.2071533203125
0.6995,-3.0780029296875,0.1651611328125,2.7276611328125
0.7,-2.5975341796875,-0.5955810546875,3.0479736328125
0.7005,-2.2772216796875,-1.1561279296875,3.2882080078125
0.701,-1.5565185546875,-1.7567138671875,3.1680908203125
0.7015,-0.9959716796875,-2.3172607421875,3.2481689453125
0.702,-0.3153076171875,-2.8778076171875,3.1280517578125
0.7025,0.2452392578125,-3.2381591796875,2.9278564453125
0.703,0.9659423828125,-3.5584716796875,2.5274658203125
0.7035,1.3262939453125,-3.5985107421875,2.2471923828125
0.704,1.8868408203125,-3.6785888671875,1.8067626953125
0.7045,2.2471923828125,-3.4383544921875,1.2061767578125
0.705,2.8077392578125,-3.3582763671875,0.6055908203125
0.7055,2.9678955078125,-2.7576904296875,-0.1951904296875
0.706,3.3282470703125,-2.5174560546875,-0.7957763671875
0.7065,3.2882080078125,-1.7967529296875,-1.3162841796875
0.707,3.4884033203125,-1.4364013671875,-1.9168701171875
0.7075,3.2481689453125,-0.6356201171875,-2.5174560546875
0.708,3.1680908203125,-0.0350341796875,-2.9979248046875
0.7085,2.6876220703125,0.7257080078125,-3.3582763671875
0.709,2.2471923828125,1.2862548828125,-3.4783935546875
0.7095,1.5665283203125,1.9268798828125,-3.4383544921875
0.71,0.9259033203125,2.4874267578125,-3.3582763671875
0.7105,0.2852783203125,3.0079345703125,-3.2781982421875
0.711,-0.3953857421875,3.2481689453125,-2.8778076171875
0.7115,-1.0360107421875,3.5684814453125,-2.5975341796875
0.712,-1.4364013671875,3.4884033203125,-2.1170654296875
0.7125,-1.9569091796875,3.6085205078125,-1.7567138671875
0.713,-2.3973388671875,3.2481689453125,-0.9959716796875
0.7135,-2.8778076171875,3.0479736328125,-0.3553466796875
0.714,-3.0780029296875,2.2872314453125,0.4854736328125
0.7145,-3.2781982421875,2.0469970703125,1.0460205078125
0.715,-3.1981201171875,1.4063720703125,1.6065673828125
0.7155,-3.2381591796875,0.9259033203125,2.1671142578125
0.716,-3.0379638671875,0.1651611328125,2.6475830078125
0.7165,-2.7176513671875,-0.4754638671875,3.0079345703125
0.717,-2.2371826171875,-1.2362060546875,3.3282470703125
0.7175,-1.5965576171875,-1.7166748046875,3.2481689453125
0.718,-0.9959716796875,-2.3572998046875,3.3282470703125
0.7185,-0.3153076171875,-2.8377685546875,3.0880126953125
0.719,0.2452392578125,-3.3182373046875,3.0079345703125
0.7195,1.0860595703125,-3.5584716796875,2.4073486328125
0.72,1.5264892578125,-3.7186279296875,2.1671142578125
0.7205,1.9268798828125,-3.5584716796875,1.6065673828125
0.721,2.3673095703125,-3.5985107421875,1.2061767578125
0.7215,2.6876220703125,-3.1981201171875,0.4854736328125
0.722,3.0479736328125,-2.8778076171875,-0.1551513671875
0.7225,3.2481689453125,-2.2371826171875,-0.9158935546875
0.723,3.3282470703125,-1.8768310546875,-1.3162841796875
0.7235,3.3282470703125,-1.2762451171875,-1.9569091796875
0.724,3.2081298828125,-0.6756591796875,-2.4373779296875
0.7245,3.1280517578125,-0.0350341796875,-2.9578857421875
0.725,2.6075439453125,0.6456298828125,-3.2381591796875
0.7255,2.2471923828125,1.2862548828125,-3.4783935546875
0.726,1.5665283203125,1.7667236328125,-3.3182373046875
0.7265,1.0460205078125,2.3673095703125,-3.3983154296875
0.727,0.3253173828125,2.8477783203125,-3.1981201171875
0.7275,-0.1551513671875,3.2081298828125,-3.0379638671875
0.728,-0.9959716796875,3.4884033203125,-2.5574951171875
0.7285,-1.3162841796875,3.5284423828125,-2.2772216796875
0.729,-1.7967529296875,3.4884033203125,-1.7967529296875
0.7295,-2.2371826171875,3.3282470703125,-1.2762451171875
0.73,-2.7176513671875,3.0479736328125,-0.5955810546875
0.7305,-2.9178466796875,2.5675048828125,0.1651611328125
0.731,-3.1981201171875,2.1671142578125,0.8858642578125
0.7315,-3.1580810546875,1.6065673828125,1.3262939453125
0.732,-3.2781982421875,1.2061767578125,1.9268798828125
0.7325,-3.0780029296875,0.4454345703125,2.4473876953125
0.733,-2.9578857421875,-0.1151123046875,2.9278564453125
0.7335,-2.4373779296875,-0.9559326171875,3.2081298828125
0.734,-1.9569091796875,-1.4764404296875,3.3282470703125
0.7345,-1.2762451171875,-2.0770263671875,3.2481689453125
0.735,-0.6356201171875,-2.6375732421875,3.2081298828125
0.7355,0.0050048828125,-3.1180419921875,3.0479736328125
0.736,0.6456298828125,-3.4383544921875,2.7276611328125
0.7365,1.3262939453125,-3.7186279296875,2.3673095703125
0.737,1.7266845703125,-3.6785888671875,1.9268798828125
0.7375,2.2471923828125,-3.7186279296875,1.4864501953125
0.738,2.5675048828125,-3.3983154296875,0.7657470703125
0.7385,3.0479736328125,-3.1180419921875,0.1251220703125
0.739,3.2081298828125,-2.4373779296875,-0.6756591796875
0.7395,3.4884033203125,-2.0770263671875,-1.2762451171875
0.74,3.3282470703125,-1.3963623046875,-1.7967529296875
0.7405,3.4483642578125,-0.9959716796875,-2.3973388671875
0.741,3.1680908203125,-0.1551513671875,-2.8778076171875
0.7415,2.8878173828125,0.4854736328125,-3.2781982421875
0.742,2.3673095703125,1.2862548828125,-3.5985107421875
0.7425,1.7667236328125,1.8468017578125,-3.5184326171875
0.743,1.0460205078125,2.4473876953125,-3.5184326171875
0.7435,0.3653564453125,2.9278564453125,-3.2781982421875
0.744,-0.2352294921875,3.3282470703125,-3.1180419921875
0.7445,-1.0360107421875,3.5684814453125,-2.5975341796875
0.745,-1.6365966796875,3.6885986328125,-2.2371826171875
0.7455,-1.9569091796875,3.4884033203125,-1.6365966796875
0.746,-2.5174560546875,3.5684814453125,-1.2362060546875
0.7465,-2.8778076171875,3.0479736328125,-0.3553466796875
0.747,-3.1981201171875,2.7276611328125,0.2452392578125
0.7475,-3.3582763671875,1.9669189453125,1.2061767578125
0.748,-3.3983154296875,1.5264892578125,1.6866455078125
0.7485,-3.2381591796875,0.8057861328125,2.2471923828125
0.749,-3.1981201171875,0.2852783203125,2.6876220703125
0.7495,-2.8778076171875,-0.3953857421875,3.1280517578125
0.75,-2.3572998046875,-1.1561279296875,3.4083251953125
0.7505,-1.7967529296875,-1.9569091796875,3.5684814453125
0.751,-1.0360107421875,-2.3572998046875,3.2882080078125
0.7515,-0.4754638671875,-2.9979248046875,3.3682861328125
0.752,0.3253173828125,-3.3582763671875,2.9678955078125
0.7525,0.9659423828125,-3.7186279296875,2.7276611328125
0.753,1.7667236328125,-3.8787841796875,2.1270751953125
0.7535,2.2071533203125,-3.8787841796875,1.6466064453125
0.754,2.5675048828125,-3.6785888671875,1.0460205078125
0.7545,3.0079345703125,-3.5584716796875,0.5655517578125
0.755,3.2481689453125,-2.9178466796875,-0.1951904296875
0.7555,3.4884033203125,-2.4774169921875,-0.9158935546875
0.756,3.6485595703125,-1.7967529296875,-1.7567138671875
0.7565,3.4884033203125,-1.2362060546875,-2.1170654296875
0.757,3.4884033203125,-0.6356201171875,-2.7576904296875
0.7575,3.2081298828125,0.0450439453125,-3.1580810546875
0.758,2.8878173828125,0.7657470703125,-3.5584716796875
0.7585,2.2471923828125,1.5665283203125,-3.7987060546875
0.759,1.6466064453125,2.2071533203125,-3.8387451171875
0.7595,0.8458251953125,2.6075439453125,-3.5184326171875
0.76,0.2452392578125,3.2081298828125,-3.5584716796875
0.7605,-0.5555419921875,3.5284423828125,-2.9979248046875
0.761,-1.1561279296875,3.8087158203125,-2.7176513671875
0.7615,-1.9969482421875,3.9688720703125,-2.0770263671875
0.762,-2.3973388671875,3.7286376953125,-1.5565185546875
0.7625,-2.8377685546875,3.6485595703125,-0.9559326171875
0.763,-3.2381591796875,3.3282470703125,-0.2352294921875
0.7635,-3.5184326171875,2.7276611328125,0.5655517578125
0.764,-3.6785888671875,2.0870361328125,1.3663330078125
0.7645,-3.7987060546875,1.4063720703125,2.1671142578125
0.765,-3.3983154296875,0.6456298828125,2.5274658203125
0.7655,-3.4783935546875,0.1251220703125,3.1680908203125
0.766,-2.9178466796875,-0.6756591796875,3.4483642578125
0.7665,-2.5174560546875,-1.4364013671875,3.7686767578125
0.767,-1.7567138671875,-2.2772216796875,3.8887939453125
0.7675,-0.9959716796875,-2.8778076171875,3.7686767578125
0.768,-0.1951904296875,-3.2781982421875,3.4483642578125
0.7685,0.5255126953125,-3.8787841796875,3.2882080078125
0.769,1.4063720703125,-4.1190185546875,2.5675048828125
0.7695,2.0469970703125,-4.2391357421875,2.1671142578125
0.77,2.8077392578125,-4.3592529296875,1.4464111328125
0.7705,3.0880126953125,-3.8387451171875,0.8057861328125
0.771,3.5284423828125,-3.7186279296875,0.2452392578125
0.7715,3.7686767578125,-3.0780029296875,-0.6356201171875
0.772,3.9288330078125,-2.4373779296875,-1.3563232421875
0.7725,3.9688720703125,-1.6766357421875,-2.1571044921875
0.773,3.9288330078125,-0.9959716796875,-2.8377685546875
0.7735,3.4884033203125,-0.2352294921875,-3.1580810546875
0.774,3.4884033203125,0.2852783203125,-3.7186279296875
0.7745,2.7677001953125,1.2462158203125,-3.9188232421875
0.775,2.2872314453125,1.9268798828125,-4.1590576171875
0.7755,1.4464111328125,2.7276611328125,-4.1590576171875
0.776,0.6055908203125,3.1680908203125,-3.7987060546875
0.7765,-0.0750732421875,3.6085205078125,-3.5584716796875
0.777,-0.9158935546875,4.0089111328125,-3.1981201171875
0.7775,-1.7166748046875,4.1290283203125,-2.5174560546875
0.778,-2.2772216796875,4.1290283203125,-1.9969482421875
0.7785,-2.8778076171875,4.1290283203125,-1.3563232421875
0.779,-3.1580810546875,3.6085205078125,-0.6356201171875
0.7795,-3.5985107421875,3.5684814453125,-0.1551513671875
0.78,-3.7586669921875,2.6876220703125,0.8458251953125
0.7805,-3.9188232421875,2.1671142578125,1.5264892578125
0.781,-3.8787841796875,1.3262939453125,2.3272705078125
0.7815,-3.7186279296875,0.6856689453125,2.8477783203125
0.782,-3.3582763671875,-0.0350341796875,3.2081298828125
0.7825,-3.1981201171875,-0.6356201171875,3.6885986328125
0.783,-2.4774169921875,-1.5565185546875,3.8887939453125
0.7835,-1.9569091796875,-2.1971435546875,3.9688720703125
0.784,-1.1561279296875,-2.9578857421875,3.9688720703125
0.7845,-0.2752685546875,-3.2781982421875,3.4884033203125
0.785,0.3253173828125,-3.8787841796875,3.4083251953125
0.7855,1.2862548828125,-4.1590576171875,2.8077392578125
0.786,1.9268798828125,-4.3592529296875,2.2872314453125
0.7865,2.5274658203125,-4.2391357421875,1.7266845703125
0.787,3.0880126953125,-4.1590576171875,1.1260986328125
0.7875,3.2882080078125,-3.6785888671875,0.4053955078125
0.788,3.8087158203125,-3.5584716796875,-0.1151123046875
0.7885,3.8487548828125,-2.5975341796875,-1.1160888671875
0.789,4.0089111328125,-2.1971435546875,-1.6766357421875
0.7895,3.9688720703125,-1.3162841796875,-2.5174560546875
0.79,3.6885986328125,-0.6356201171875,-2.9178466796875
0.7905,3.4884033203125,0.0050048828125,-3.3983154296875
0.791,3.1680908203125,0.7257080078125,-3.8387451171875
0.7915,2.5274658203125,1.5665283203125,-4.0389404296875
0.792,1.9268798828125,2.2071533203125,-4.1190185546875
0.7925,1.1260986328125,2.8878173828125,-4.0389404296875
0.793,0.2852783203125,3.2081298828125,-3.5584716796875
0.7935,-0.2752685546875,3.8087158203125,-3.5584716796875
0.794,-1.2762451171875,3.9688720703125,-2.8377685546875
0.7945,-1.8367919921875,4.1290283203125,-2.4373779296875
0.795,-2.4373779296875,4.0889892578125,-1.7567138671875
0.7955,-2.8778076171875,3.8487548828125,-1.1561279296875
0.796,-3.1981201171875,3.5284423828125,-0.5155029296875
0.7965,-3.6385498046875,3.2481689453125,0.1651611328125
0.797,-3.7186279296875,2.3673095703125,1.1661376953125
0.7975,-3.8787841796875,1.8868408203125,1.7667236328125
0.798,-3.8387451171875,1.0860595703125,2.5675048828125
0.7985,-3.4783935546875,0.3653564453125,2.8878173828125
0.799,-3.3983154296875,-0.2752685546875,3.4884033203125
0.7995,-2.8377685546875,-1.1160888671875,3.7686767578125
0.8,-2.2371826171875,-1.9168701171875,4.0089111328125
0.8005,-1.4764404296875,-2.5574951171875,3.9288330078125
0.801,-0.7156982421875,-3.1981201171875,3.8487548828125
0.8015,0.1251220703125,-3.5584716796875,3.3682861328125
0.802,0.7657470703125,-4.1590576171875,3.3282470703125
0.8025,1.7667236328125,-4.2391357421875,2.4073486328125
0.803,2.2872314453125,-4.3592529296875,2.0469970703125
0.8035,2.9278564453125,-4.1990966796875,1.3262939453125
0.804,3.2882080078125,-3.8787841796875,0.6856689453125
0.8045,3.6885986328125,-3.5584716796875,0.0050048828125
0.805,3.9288330078125,-3.0780029296875,-0.7957763671875
0.8055,4.0089111328125,-2.2371826171875,-1.6766357421875
0.806,4.0089111328125,-1.6365966796875,-2.2772216796875
0.8065,3.9288330078125,-0.8358154296875,-2.9578857421875
0.807,3.4884033203125,-0.0750732421875,-3.2781982421875
0.8075,3.4483642578125,0.4854736328125,-3.8787841796875
0.808,2.6475830078125,1.5264892578125,-4.0789794921875
0.8085,2.1671142578125,2.1671142578125,-4.2791748046875
0.809,1.2862548828125,2.7677001953125,-4.0389404296875
0.8095,0.4854736328125,3.2882080078125,-3.8387451171875
0.81,-0.3153076171875,3.6485595703125,-3.3983154296875
0.8105,-0.9559326171875,4.0889892578125,-3.1981201171875
0.811,-1.9569091796875,4.1690673828125,-2.3172607421875
0.8115,-2.3572998046875,4.1290283203125,-1.9168701171875
0.812,-2.9578857421875,4.0089111328125,-1.2362060546875
0.8125,-3.1981201171875,3.6085205078125,-0.5555419921875
0.813,-3.6785888671875,3.3682861328125,0.0850830078125
0.8135,-3.8387451171875,2.5675048828125,1.0059814453125
0.814,-3.9588623046875,1.9268798828125,1.7667236328125
0.8145,-3.8387451171875,1.2462158203125,2.3673095703125
0.815,-3.7186279296875,0.5655517578125,2.9678955078125
0.8155,-3.2781982421875,-0.1951904296875,3.3282470703125
0.816,-3.1580810546875,-0.7957763671875,3.8087158203125
0.8165,-2.2772216796875,-1.8367919921875,3.9688720703125
0.817,-1.7567138671875,-2.4774169921875,4.0889892578125
0.8175,-0.8758544921875,-3.1180419921875,3.8487548828125
0.818,-0.0750732421875,-3.5985107421875,3.5284423828125
0.8185,0.6456298828125,-3.9989013671875,3.2882080078125
0.819,1.4063720703125,-4.2791748046875,2.8477783203125
0.8195,2.3272705078125,-4.4393310546875,2.0870361328125
0.82,2.7276611328125,-4.2791748046875,1.5665283203125
0.8205,3.3282470703125,-4.1590576171875,0.9259033203125
0.821,3.5284423828125,-3.5985107421875,0.1651611328125
0.8215,3.9688720703125,-3.3983154296875,-0.4754638671875
0.822,4.0489501953125,-2.3973388671875,-1.4764404296875
0.8225,4.1690673828125,-1.8768310546875,-2.1971435546875
0.823,3.8887939453125,-1.0360107421875,-2.7977294921875
0.8235,3.8087158203125,-0.3553466796875,-3.3182373046875
0.824,3.3682861328125,0.4053955078125,-3.7186279296875
0.8245,3.1280517578125,1.1260986328125,-4.1190185546875
0.825,2.2471923828125,2.1270751953125,-4.3192138671875
0.8255,1.5665283203125,2.6475830078125,-4.1990966796875
0.826,0.6456298828125,3.2481689453125,-3.9989013671875
0.8265,-0.1151123046875,3.6885986328125,-3.5584716796875
0.827,-0.8358154296875,4.0889892578125,-3.3182373046875
0.8275,-1.6766357421875,4.2091064453125,-2.5975341796875
0.828,-2.4373779296875,4.3692626953125,-1.9969482421875
0.8285,-2.8377685546875,3.9688720703125,-1.3563232421875
0.829,-3.3582763671875,3.8887939453125,-0.7156982421875
0.8295,-3.5584716796875,3.3282470703125,0.0050048828125
0.83,-3.9188232421875,3.0479736328125,0.6856689453125
0.8305,-3.9588623046875,1.9669189453125,1.7667236328125
0.831,-3.9989013671875,1.4464111328125,2.3272705078125
0.8315,-3.7186279296875,0.6055908203125,2.8878173828125
0.832,-3.4783935546875,0.0050048828125,3.3282470703125
0.8325,-3.1180419921875,-0.7156982421875,3.6885986328125
0.833,-2.5975341796875,-1.5164794921875,3.9288330078125
0.8335,-1.8768310546875,-2.4373779296875,4.1290283203125
0.834,-1.1160888671875,-2.8778076171875,3.8087158203125
0.8345,-0.3553466796875,-3.4783935546875,3.7686767578125
0.835,0.4854736328125,-3.7987060546875,3.2481689453125
0.8355,1.0860595703125,-4.1990966796875,3.0880126953125
0.836,2.0469970703125,-4.2791748046875,2.2471923828125
0.8365,2.6075439453125,-4.3592529296875,1.7667236328125
0.837,3.0079345703125,-3.9989013671875,1.0860595703125
0.8375,3.4483642578125,-3.8387451171875,0.5255126953125
0.838,3.6485595703125,-3.2781982421875,-0.2752685546875
0.8385,3.9288330078125,-2.8778076171875,-0.9158935546875
0.839,3.9688720703125,-1.9569091796875,-1.8768310546875
0.8395,3.9288330078125,-1.4764404296875,-2.3172607421875
0.84,3.7686767578125,-0.6756591796875,-2.9578857421875
0.8405,3.4884033203125,0.0050048828125,-3.3582763671875
0.841,3.2481689453125,0.6055908203125,-3.8387451171875
0.8415,2.6075439453125,1.4464111328125,-3.9989013671875
0.842,2.0469970703125,2.1671142578125,-4.2391357421875
0.8425,1.2061767578125,2.6876220703125,-3.8387451171875
0.843,0.5255126953125,3.3282470703125,-3.7987060546875
0.8435,-0.3153076171875,3.6085205078125,-3.3582763671875
0.844,-0.9158935546875,3.9688720703125,-3.1580810546875
0.8445,-1.8367919921875,4.0889892578125,-2.3172607421875
0.845,-2.2772216796875,4.0889892578125,-1.9569091796875
0.8455,-2.7176513671875,3.8487548828125,-1.2762451171875
0.846,-3.1180419921875,3.6485595703125,-0.6356201171875
0.8465,-3.4783935546875,3.1680908203125,0.0850830078125
0.847,-3.6785888671875,2.6075439453125,0.8858642578125
0.8475,-3.8787841796875,1.8868408203125,1.7667236328125
0.848,-3.6785888671875,1.2462158203125,2.2071533203125
0.8485,-3.5985107421875,0.6055908203125,2.8077392578125
0.849,-3.1981201171875,-0.1551513671875,3.1680908203125
0.8495,-3.0379638671875,-0.7957763671875,3.6485595703125
0.85,-2.2772216796875,-1.7166748046875,3.8087158203125
0.8505,-1.6766357421875,-2.2772216796875,3.8487548828125
0.851,-0.8358154296875,-2.8377685546875,3.5684814453125
0.8515,-0.1951904296875,-3.3582763671875,3.5284423828125
0.852,0.5655517578125,-3.7186279296875,3.1280517578125
0.8525,1.2462158203125,-3.9989013671875,2.7677001953125
0.853,2.0870361328125,-4.1990966796875,2.0870361328125
0.8535,2.4073486328125,-3.9989013671875,1.6065673828125
0.854,2.9678955078125,-3.8787841796875,0.9659423828125
0.8545,3.2081298828125,-3.4783935546875,0.3253173828125
0.855,3.6085205078125,-3.1580810546875,-0.3153076171875
0.8555,3.6885986328125,-2.3973388671875,-1.1561279296875
0.856,3.8487548828125,-1.8768310546875,-1.8768310546875
0.8565,3.5684814453125,-1.1561279296875,-2.3172607421875
0.857,3.6485595703125,-0.6356201171875,-2.9178466796875
0.8575,3.2081298828125,0.1251220703125,-3.3182373046875
0.858,2.9678955078125,0.7657470703125,-3.7987060546875
0.8585,2.2872314453125,1.6866455078125,-3.9188232421875
0.859,1.6866455078125,2.2071533203125,-3.8387451171875
0.8595,0.8858642578125,2.8077392578125,-3.6785888671875
0.86,0.2052001953125,3.2081298828125,-3.4783935546875
0.8605,-0.4754638671875,3.6085205078125,-3.1981201171875
0.861,-1.1561279296875,3.8487548828125,-2.7176513671875
0.8615,-1.8768310546875,4.0089111328125,-2.2371826171875
0.862,-2.1971435546875,3.7286376953125,-1.6365966796875
0.8625,-2.7576904296875,3.7686767578125,-1.1561279296875
0.863,-3.0379638671875,3.2481689453125,-0.3553466796875
0.8635,-3.4383544921875,2.9678955078125,0.2852783203125
0.864,-3.5584716796875,2.1270751953125,1.2061767578125
0.8645,-3.6385498046875,1.7266845703125,1.7667236328125
0.865,-3.3582763671875,0.8858642578125,2.2471923828125
0.8655,-3.3983154296875,0.4053955078125,2.8077392578125
0.866,-3.0379638671875,-0.3553466796875,3.1680908203125
0.8665,-2.6375732421875,-0.9959716796875,3.5284423828125
0.867,-2.0369873046875,-1.7967529296875,3.7286376953125
0.8675,-1.3162841796875,-2.2772216796875,3.4884033203125
0.868,-0.6356201171875,-2.9178466796875,3.5284423828125
0.8685,0.0450439453125,-3.3182373046875,3.1680908203125
0.869,0.6456298828125,-3.7186279296875,2.9678955078125
0.8695,1.4464111328125,-3.8787841796875,2.4073486328125
0.87,1.9669189453125,-3.9989013671875,2.0069580078125
0.8705,2.3272705078125,-3.7186279296875,1.4063720703125
0.871,2.8477783203125,-3.7186279296875,0.9659423828125
0.8715,3.1280517578125,-3.1981201171875,0.1251220703125
0.872,3.4483642578125,-2.8778076171875,-0.4754638671875
0.8725,3.5684814453125,-2.1170654296875,-1.3563232421875
0.873,3.5684814453125,-1.7567138671875,-1.7967529296875
0.8735,3.5284423828125,-1.0360107421875,-2.3973388671875
0.874,3.3682861328125,-0.4754638671875,-2.8778076171875
0.8745,3.1680908203125,0.2852783203125,-3.3582763671875
0.875,2.6475830078125,1.0460205078125,-3.6385498046875
0.8755,2.1671142578125,1.7667236328125,-3.8387451171875
0.876,1.3262939453125,2.2071533203125,-3.5584716796875
0.8765,0.7657470703125,2.8477783203125,-3.6385498046875
0.877,0.0050048828125,3.2481689453125,-3.2381591796875
0.8775,-0.5955810546875,3.5684814453125,-3.0780029296875
0.878,-1.3963623046875,3.8087158203125,-2.4774169921875
0.8785,-1.7967529296875,3.8087158203125,-2.0770263671875
0.879,-2.2772216796875,3.6485595703125,-1.4764404296875
0.8795,-2.7176513671875,3.5284423828125,-0.9559326171875
0.88,-3.0780029296875,3.0479736328125,-0.1551513671875
0.8805,-3.2781982421875,2.5274658203125,0.5655517578125
0.881,-3.5584716796875,1.9268798828125,1.3663330078125
0.8815,-3.3582763671875,1.3262939453125,1.7667236328125
0.882,-3.3983154296875,0.7657470703125,2.4073486328125
0.8825,-3.1180419921875,0.0450439453125,2.8477783203125
0.883,-2.8778076171875,-0.5555419921875,3.2882080078125
0.8835,-2.2772216796875,-1.3563232421875,3.4884033203125
0.884,-1.7166748046875,-1.9569091796875,3.5284423828125
0.8845,-0.9559326171875,-2.4373779296875,3.2882080078125
0.885,-0.3553466796875,-3.0780029296875,3.3282470703125
0.8855,0.3653564453125,-3.3582763671875,2.9678955078125
0.886,0.9659423828125,-3.7186279296875,2.6876220703125
0.8865,1.7667236328125,-3.8787841796875,2.1671142578125
0.887,2.0069580078125,-3.7186279296875,1.7266845703125
0.8875,2.5274658203125,-3.7186279296875,1.2061767578125
0.888,2.8477783203125,-3.3182373046875,0.5655517578125
0.8885,3.1680908203125,-2.9979248046875,-0.0750732421875
0.889,3.3282470703125,-2.3973388671875,-0.9158935546875
0.8895,3.5284423828125,-1.9569091796875,-1.4764404296875
0.89,3.3282470703125,-1.3162841796875,-1.9569091796875
0.8905,3.4884033203125,-0.8358154296875,-2.5574951171875
0.891,3.1280517578125,-0.0350341796875,-2.9578857421875
0.8915,2.8878173828125,0.5255126953125,-3.3582763671875
0.892,2.3272705078125,1.3262939453125,-3.5985107421875
0.8925,1.7266845703125,1.8067626953125,-3.5184326171875
0.893,1.0860595703125,2.4073486328125,-3.4783935546875
0.8935,0.4454345703125,2.8878173828125,-3.3582763671875
0.894,-0.1551513671875,3.2481689453125,-3.0780029296875
0.8945,-0.8358154296875,3.5284423828125,-2.7176513671875
0.895,-1.4364013671875,3.6885986328125,-2.3572998046875
0.8955,-1.7567138671875,3.4884033203125,-1.8768310546875
0.896,-2.3572998046875,3.6485595703125,-1.3963623046875
0.8965,-2.6776123046875,3.1280517578125,-0.5955810546875
0.897,-3.0780029296875,2.8477783203125,0.0050048828125
0.8975,-3.2381591796875,2.1671142578125,0.8858642578125
0.898,-3.3582763671875,1.8468017578125,1.2862548828125
0.8985,-3.1981201171875,1.1260986328125,1.9268798828125
0.899,-3.2781982421875,0.6456298828125,2.4473876953125
0.8995,-2.9578857421875,-0.0750732421875,2.8878173828125
0.9,-2.5975341796875,-0.7557373046875,3.2081298828125
0.9005,-2.0770263671875,-1.4764404296875,3.4483642578125
0.901,-1.4364013671875,-1.9569091796875,3.2882080078125
0.9015,-0.7957763671875,-2.6375732421875,3.3682861328125
0.902,-0.0750732421875,-3.0780029296875,3.1280517578125
0.9025,0.4854736328125,-3.4783935546875,2.9278564453125
0.903,1.2462158203125,-3.7186279296875,2.4473876953125
0.9035,1.6466064453125,-3.7987060546875,2.0870361328125
0.904,2.0469970703125,-3.5584716796875,1.5264892578125
0.9045,2.5675048828125,-3.5584716796875,1.0860595703125
0.905,2.8477783203125,-3.1180419921875,0.2452392578125
0.9055,3.1680908203125,-2.7977294921875,-0.3553466796875
0.906,3.3682861328125,-2.1971435546875,-1.2362060546875
0.9065,3.3282470703125,-1.7166748046875,-1.5565185546875
0.907,3.3682861328125,-1.1160888671875,-2.1971435546875
0.9075,3.2481689453125,-0.5155029296875,-2.6776123046875
0.908,3.0079345703125,0.1651611328125,-3.1580810546875
0.9085,2.5274658203125,0.9259033203125,-3.3983154296875
0.909,2.0469970703125,1.5264892578125,-3.5584716796875
0.9095,1.3262939453125,2.0069580078125,-3.2781982421875
0.91,0.8057861328125,2.6075439453125,-3.4783935546875
0.9105,0.0850830078125,2.9678955078125,-3.0780029296875
0.911,-0.4354248046875,3.3282470703125,-2.9178466796875
0.9115,-1.1561279296875,3.5284423828125,-2.4774169921875
0.912,-1.4364013671875,3.4884033203125,-2.1170654296875
0.9125,-1.9569091796875,3.4884033203125,-1.5965576171875
0.913,-2.3973388671875,3.2481689453125,-1.0360107421875
0.9135,-2.7576904296875,2.8477783203125,-0.3153076171875
0.914,-3.0780029296875,2.4073486328125,0.3653564453125
0.9145,-3.2381591796875,2.0069580078125,1.0059814453125
0.915,-3.1180419921875,1.4864501953125,1.4063720703125
0.9155,-3.2781982421875,1.0059814453125,2.1270751953125
0.916,-2.9979248046875,0.2452392578125,2.5274658203125
0.9165,-2.7977294921875,-0.3153076171875,2.9678955078125
0.917,-2.2772216796875,-1.1160888671875,3.2081298828125
0.9175,-1.7967529296875,-1.5965576171875,3.2481689453125
0.918,-1.1160888671875,-2.1971435546875,3.1680908203125
0.9185,-0.5555419921875,-2.7977294921875,3.2481689453125
0.919,0.1251220703125,-3.1580810546875,2.9678955078125
0.9195,0.7657470703125,-3.5184326171875,2.6876220703125
0.92,1.3262939453125,-3.7186279296875,2.3272705078125
0.9205,1.6466064453125,-3.5584716796875,1.9268798828125
0.921,2.2471923828125,-3.6785888671875,1.4063720703125
0.9215,2.5675048828125,-3.2781982421875,0.6856689453125
0.922,2.9678955078125,-3.0379638671875,0.0450439453125
0.9225,3.2081298828125,-2.3973388671875,-0.6756591796875
0.923,3.3682861328125,-2.0770263671875,-1.1961669921875
0.9235,3.2481689453125,-1.4364013671875,-1.7567138671875
0.924,3.4483642578125,-0.9959716796875,-2.3973388671875
0.9245,3.1280517578125,-0.1551513671875,-2.8778076171875
0.925,2.8477783203125,0.4854736328125,-3.2781982421875
0.9255,2.2872314453125,1.2462158203125,-3.5184326171875
0.926,1.6866455078125,1.7667236328125,-3.3983154296875
0.9265,1.0860595703125,2.4073486328125,-3.4783935546875
0.927,0.3653564453125,2.8477783203125,-3.2781982421875
0.9275,-0.2352294921875,3.2081298828125,-3.0379638671875
0.928,-0.9158935546875,3.5284423828125,-2.6375732421875
0.9285,-1.4364013671875,3.6485595703125,-2.2772216796875
0.929,-1.7967529296875,3.4483642578125,-1.7567138671875
0.9295,-2.3973388671875,3.5284423828125,-1.2762451171875
0.93,-2.7576904296875,2.9278564453125,-0.3553466796875
0.9305,-3.0780029296875,2.6475830078125,0.2452392578125
0.931,-3.2381591796875,1.9669189453125,1.0860595703125
0.9315,-3.1981201171875,1.5665283203125,1.4864501953125
0.932,-3.1981201171875,0.9259033203125,2.0469970703125
0.9325,-3.1180419921875,0.3253173828125,2.5675048828125
0.933,-2.7576904296875,-0.3553466796875,2.9678955078125
0.9335,-2.3172607421875,-1.0760498046875,3.2481689453125
0.934,-1.7567138671875,-1.7166748046875,3.3682861328125
0.9345,-1.0360107421875,-2.1971435546875,3.1680908203125
0.935,-0.5155029296875,-2.8377685546875,3.2481689453125
0.9355,0.2452392578125,-3.1981201171875,2.8477783203125
0.936,0.8458251953125,-3.5584716796875,2.6475830078125
0.9365,1.5264892578125,-3.7186279296875,2.1671142578125
0.937,1.8868408203125,-3.6385498046875,1.7667236328125
0.9375,2.2872314453125,-3.4783935546875,1.2061767578125
0.938,2.6075439453125,-3.3983154296875,0.7657470703125
0.9385,2.9278564453125,-2.7977294921875,-0.0750732421875
0.939,3.2481689453125,-2.4373779296875,-0.7156982421875
0.9395,3.3682861328125,-1.8768310546875,-1.4364013671875
0.94,3.2081298828125,-1.3563232421875,-1.7967529296875
0.9405,3.3282470703125,-0.7957763671875,-2.4373779296875
0.941,3.0880126953125,-0.1551513671875,-2.8377685546875
0.9415,2.8077392578125,0.4854736328125,-3.2381591796875
0.942,2.2872314453125,1.2061767578125,-3.4783935546875
0.9425,1.7667236328125,1.7667236328125,-3.4783935546875
0.943,1.0460205078125,2.2471923828125,-3.2781982421875
0.9435,0.5655517578125,2.8477783203125,-3.3983154296875
0.944,-0.1951904296875,3.1280517578125,-2.9178466796875
0.9445,-0.7957763671875,3.4483642578125,-2.7176513671875
0.945,-1.3563232421875,3.6085205078125,-2.2772216796875
0.9455,-1.6766357421875,3.4483642578125,-1.8768310546875
0.946,-2.2772216796875,3.5284423828125,-1.2762451171875
0.9465,-2.5975341796875,3.1680908203125,-0.6356201171875
0.947,-2.9178466796875,2.7276611328125,0.0050048828125
0.9475,-3.1981201171875,2.2071533203125,0.7657470703125
0.948,-3.2781982421875,1.7667236328125,1.3262939453125
0.9485,-3.1580810546875,1.1661376953125,1.7667236328125
0.949,-3.2781982421875,0.6456298828125,2.4473876953125
0.9495,-2.8778076171875,-0.0750732421875,2.8077392578125
0.95,-2.5975341796875,-0.7557373046875,3.2081298828125
0.9505,-1.9969482421875,-1.4764404296875,3.3282470703125
0.951,-1.3963623046875,-1.9969482421875,3.2481689453125
0.9515,-0.7557373046875,-2.5574951171875,3.2081298828125
0.952,-0.0750732421875,-3.1180419921875,3.1680908203125
0.9525,0.5655517578125,-3.3983154296875,2.7677001953125
0.953,1.2862548828125,-3.7186279296875,2.4073486328125
0.9535,1.7667236328125,-3.8387451171875,1.9669189453125
0.954,2.0870361328125,-3.4783935546875,1.5264892578125
0.9545,2.6876220703125,-3.5985107421875,0.9659423828125
0.955,2.9278564453125,-3.0379638671875,0.1651611328125
0.9555,3.2481689453125,-2.6776123046875,-0.5155029296875
0.956,3.4083251953125,-2.0369873046875,-1.2762451171875
0.9565,3.4483642578125,-1.5965576171875,-1.7567138671875
0.957,3.2882080078125,-0.9158935546875,-2.2772216796875
0.9575,3.3282470703125,-0.3553466796875,-2.8778076171875
0.958,2.8477783203125,0.4454345703125,-3.1981201171875
0.9585,2.4874267578125,1.1260986328125,-3.5584716796875
0.959,1.8468017578125,1.8468017578125,-3.5985107421875
0.9595,1.1260986328125,2.3272705078125,-3.3983154296875
0.96,0.5255126953125,2.8878173828125,-3.4383544921875
0.9605,-0.1951904296875,3.2481689453125,-3.0780029296875
0.961,-0.8758544921875,3.5284423828125,-2.7576904296875
0.9615,-1.5164794921875,3.6485595703125,-2.2371826171875
0.962,-1.9569091796875,3.7286376953125,-1.7967529296875
0.9625,-2.3572998046875,3.4083251953125,-1.1561279296875
0.963,-2.9178466796875,3.3682861328125,-0.6356201171875
0.9635,-3.0780029296875,2.6075439453125,0.2852783203125
0.964,-3.3582763671875,2.2471923828125,0.9659423828125
0.9645,-3.3983154296875,1.5264892578125,1.7266845703125
0.965,-3.2781982421875,0.9659423828125,2.1270751953125
0.9655,-3.1981201171875,0.3253173828125,2.6475830078125
0.966,-2.9178466796875,-0.3153076171875,3.0880126953125
0.9665,-2.4373779296875,-1.0760498046875,3.3682861328125
0.967,-1.8768310546875,-1.7567138671875,3.5284423828125
0.9675,-1.2362060546875,-2.3973388671875,3.5284423828125
0.968,-0.4754638671875,-2.8377685546875,3.1680908203125
0.9685,0.0850830078125,-3.4383544921875,3.2481689453125
0.969,1.0460205078125,-3.7186279296875,2.4874267578125
0.9695,1.6065673828125,-3.8787841796875,2.2872314453125
0.97,2.1671142578125,-3.9188232421875,1.7266845703125
0.9705,2.5675048828125,-3.7186279296875,1.2061767578125
0.971,2.8878173828125,-3.4383544921875,0.6055908203125
0.9715,3.3282470703125,-3.1981201171875,0.0050048828125
0.972,3.4483642578125,-2.4373779296875,-0.9158935546875
0.9725,3.6485595703125,-1.9969482421875,-1.5565185546875
0.973,3.6485595703125,-1.2762451171875,-2.2371826171875
0.9735,3.3682861328125,-0.6756591796875,-2.5975341796875
0.974,3.3682861328125,-0.0750732421875,-3.1981201171875
0.9745,2.8477783203125,0.6856689453125,-3.5184326171875
0.975,2.4073486328125,1.4464111328125,-3.8387451171875
0.9755,1.7266845703125,2.0870361328125,-3.7987060546875
0.976,1.0059814453125,2.6876220703125,-3.7186279296875
0.9765,0.2452392578125,3.1280517578125,-3.3582763671875
0.977,-0.3953857421875,3.5284423828125,-3.3983154296875
0.9775,-1.2762451171875,3.8087158203125,-2.5574951171875
0.978,-1.8768310546875,3.9688720703125,-2.2371826171875
0.9785,-2.4373779296875,3.8887939453125,-1.5965576171875
0.979,-2.7977294921875,3.6485595703125,-0.9959716796875
0.9795,-3.2381591796875,3.4083251953125,-0.3553466796875
0.98,-3.5584716796875,2.8477783203125,0.4854736328125
0.9805,-3.7186279296875,2.0870361328125,1.3663330078125
0.981,-3.7186279296875,1.5264892578125,2.0069580078125
0.9815,-3.6785888671875,0.8057861328125,2.6475830078125
0.982,-3.2781982421875,0.0850830078125,3.0079345703125
0.9825,-3.1981201171875,-0.5155029296875,3.5284423828125
0.983,-2.4373779296875,-1.4764404296875,3.7686767578125
0.9835,-1.8768310546875,-2.1971435546875,3.9688720703125
0.984,-1.0360107421875,-2.8377685546875,3.7686767578125
0.9845,-0.2752685546875,-3.3582763671875,3.5684814453125
0.985,0.3253173828125,-3.7987060546875,3.2481689453125
0.9855,1.2462158203125,-4.1590576171875,2.8477783203125
0.986,2.2071533203125,-4.3192138671875,2.0469970703125
0.9865,2.6475830078125,-4.1990966796875,1.5665283203125
0.987,3.1680908203125,-4.0389404296875,0.9659423828125
0.9875,3.4083251953125,-3.5584716796875,0.2852783203125
0.988,3.8087158203125,-3.3582763671875,-0.3153076171875
0.9885,3.8887939453125,-2.4774169921875,-1.2762451171875
0.989,4.0089111328125,-1.7967529296875,-2.0770263671875
0.9895,3.8087158203125,-1.0760498046875,-2.5975341796875
0.99,3.6885986328125,-0.3953857421875,-3.1981201171875
0.9905,3.2481689453125,0.2852783203125,-3.4783935546875
0.991,3.1280517578125,0.8858642578125,-3.9188232421875
0.9915,2.2471923828125,1.9268798828125,-4.1190185546875
0.992,1.6466064453125,2.4874267578125,-4.1190185546875
0.9925,0.8057861328125,3.0880126953125,-3.8787841796875
0.993,0.0450439453125,3.5284423828125,-3.4783935546875
0.9935,-0.6356201171875,3.8087158203125,-3.2381591796875
0.994,-1.4364013671875,4.0089111328125,-2.7176513671875
0.9945,-2.2772216796875,4.1690673828125,-2.0369873046875
0.995,-2.5975341796875,3.9688720703125,-1.4764404296875
0.9955,-3.1180419921875,3.8887939453125,-0.9158935546875
0.996,-3.2781982421875,3.3682861328125,-0.2352294921875
0.9965,-3.7586669921875,3.1680908203125,0.3653564453125
0.997,-3.7987060546875,2.1671142578125,1.4063720703125
0.9975,-3.9188232421875,1.6065673828125,2.0469970703125
0.998,-3.6785888671875,0.8057861328125,2.6075439453125
0.9985,-3.5184326171875,0.2452392578125,3.1280517578125
0.999,-3.1580810546875,-0.4754638671875,3.4483642578125
0.9995,-2.8377685546875,-1.1561279296875,3.8087158203125
