wavelength,x,y,z
0.0,-1.071044921875,6.015869140625,-3.873779296875
0.0005,0.290283203125,5.855712890625,-5.114990234375
0.001,0.970947265625,5.935791015625,-5.915771484375
0.0015,1.771728515625,5.615478515625,-6.556396484375
0.002,3.012939453125,4.654541015625,-6.916748046875
0.0025,4.294189453125,3.253173828125,-7.116943359375
0.003,5.415283203125,1.611572265625,-6.996826171875
0.0035,5.935791015625,0.490478515625,-6.716552734375
0.004,6.095947265625,-0.310302734375,-6.476318359375
0.0045,5.975830078125,-1.191162109375,-5.835693359375
0.005,5.655517578125,-2.312255859375,-4.674560546875
0.0055,5.335205078125,-3.673583984375,-3.273193359375
0.006,4.934814453125,-4.874755859375,-1.871826171875
0.0065,4.614501953125,-5.635498046875,-0.950927734375
0.007,4.134033203125,-6.156005859375,0.010009765625
0.0075,3.213134765625,-6.396240234375,1.010986328125
0.008,1.891845703125,-6.476318359375,2.412353515625
0.0085,0.370361328125,-6.556396484375,3.973876953125
0.009,-0.710693359375,-6.556396484375,4.974853515625
0.0095,-1.351318359375,-6.676513671875,5.775634765625
0.01,-2.272216796875,-6.156005859375,6.376220703125
0.0105,-3.553466796875,-4.994873046875,6.696533203125
0.011,-4.754638671875,-3.633544921875,6.816650390625
0.0115,-5.715576171875,-2.112060546875,6.656494140625
0.012,-6.196044921875,-1.191162109375,6.496337890625
0.0125,-6.276123046875,-0.470458984375,6.216064453125
0.013,-6.156005859375,0.530517578125,5.535400390625
0.0135,-5.835693359375,1.731689453125,4.334228515625
0.014,-5.595458984375,3.052978515625,2.892822265625
0.0145,-5.235107421875,4.174072265625,1.611572265625
0.015,-4.954833984375,4.934814453125,0.810791015625
0.0155,-4.354248046875,5.375244140625,-0.150146484375
0.016,-3.353271484375,5.575439453125,-1.271240234375
0.0165,-2.072021484375,5.735595703125,-2.712646484375
0.017,-0.630615234375,5.735595703125,-4.154052734375
0.0175,0.250244140625,5.775634765625,-5.074951171875
0.018,0.930908203125,5.895751953125,-5.835693359375
0.0185,1.931884765625,5.295166015625,-6.396240234375
0.019,3.213134765625,4.093994140625,-6.676513671875
0.0195,4.494384765625,2.612548828125,-6.756591796875
0.02,5.255126953125,1.291259765625,-6.556396484375
0.0205,5.695556640625,0.570556640625,-6.556396484375
0.021,5.735595703125,-0.350341796875,-6.115966796875
0.0215,5.575439453125,-1.311279296875,-5.315185546875
0.022,5.335205078125,-2.512451171875,-4.154052734375
0.0225,5.014892578125,-3.873779296875,-2.712646484375
0.023,4.734619140625,-4.834716796875,-1.631591796875
0.0235,4.494384765625,-5.515380859375,-0.870849609375
0.024,3.813720703125,-5.915771484375,0.130126953125
0.0245,2.692626953125,-6.115966796875,1.291259765625
0.025,1.411376953125,-6.316162109375,2.772705078125
0.0255,0.130126953125,-6.316162109375,3.973876953125
0.026,-0.590576171875,-6.476318359375,4.934814453125
0.0265,-1.351318359375,-6.356201171875,5.655517578125
0.027,-2.472412109375,-5.635498046875,6.135986328125
0.0275,-3.713623046875,-4.354248046875,6.416259765625
0.028,-4.834716796875,-2.952880859375,6.376220703125
0.0285,-5.515380859375,-1.831787109375,6.256103515625
0.029,-5.835693359375,-1.151123046875,6.216064453125
0.0295,-5.835693359375,-0.390380859375,5.735595703125
0.03,-5.635498046875,0.690673828125,4.814697265625
0.0305,-5.475341796875,1.931884765625,3.693603515625
0.031,-5.155029296875,3.173095703125,2.412353515625
0.0315,-4.994873046875,4.013916015625,1.571533203125
0.032,-4.634521484375,4.614501953125,0.770751953125
0.0325,-3.993896484375,4.974853515625,-0.230224609375
0.033,-2.912841796875,5.175048828125,-1.431396484375
0.0335,-1.591552734375,5.335205078125,-2.872802734375
0.034,-0.630615234375,5.495361328125,-3.953857421875
0.0345,0.090087890625,5.735595703125,-4.874755859375
0.035,0.970947265625,5.495361328125,-5.595458984375
0.0355,2.052001953125,4.654541015625,-6.035888671875
0.036,3.293212890625,3.533447265625,-6.276123046875
0.0365,4.334228515625,2.172119140625,-6.276123046875
0.037,4.934814453125,1.291259765625,-6.276123046875
0.0375,5.255126953125,0.610595703125,-6.236083984375
0.038,5.255126953125,-0.310302734375,-5.755615234375
0.0385,5.135009765625,-1.311279296875,-4.834716796875
0.039,4.974853515625,-2.592529296875,-3.633544921875
0.0395,4.734619140625,-3.713623046875,-2.512451171875
0.04,4.614501953125,-4.554443359375,-1.791748046875
0.0405,4.214111328125,-5.275146484375,-0.990966796875
0.041,3.493408203125,-5.595458984375,0.210205078125
0.0415,2.372314453125,-5.915771484375,1.451416015625
0.042,1.131103515625,-5.955810546875,2.852783203125
0.0425,0.370361328125,-6.236083984375,3.853759765625
0.043,-0.470458984375,-6.396240234375,4.774658203125
0.0435,-1.391357421875,-6.035888671875,5.415283203125
0.044,-2.592529296875,-5.114990234375,5.855712890625
0.0445,-3.833740234375,-3.833740234375,6.055908203125
0.045,-4.714599609375,-2.632568359375,6.015869140625
0.0455,-5.235107421875,-1.911865234375,6.095947265625
0.046,-5.435302734375,-1.191162109375,5.895751953125
0.0465,-5.435302734375,-0.310302734375,5.295166015625
0.047,-5.315185546875,0.850830078125,4.414306640625
0.0475,-5.155029296875,2.132080078125,3.213134765625
0.048,-4.994873046875,3.133056640625,2.252197265625
0.0485,-4.874755859375,3.853759765625,1.491455078125
0.049,-4.394287109375,4.374267578125,0.650634765625
0.0495,-3.553466796875,4.734619140625,-0.510498046875
0.05,-2.512451171875,5.094970703125,-1.831787109375
0.0505,-1.391357421875,5.255126953125,-3.032958984375
0.051,-0.710693359375,5.575439453125,-4.033935546875
0.0515,0.130126953125,5.575439453125,-4.834716796875
0.052,1.171142578125,5.094970703125,-5.475341796875
0.0525,2.372314453125,4.134033203125,-5.835693359375
0.053,3.533447265625,2.812744140625,-5.995849609375
0.0535,4.334228515625,1.811767578125,-6.075927734375
0.054,4.814697265625,1.211181640625,-6.156005859375
0.0545,4.974853515625,0.450439453125,-5.875732421875
0.055,4.974853515625,-0.590576171875,-5.195068359375
0.0555,4.894775390625,-1.711669921875,-4.274169921875
0.056,4.774658203125,-2.912841796875,-3.193115234375
0.0565,4.614501953125,-3.873779296875,-2.352294921875
0.057,4.494384765625,-4.634521484375,-1.591552734375
0.0575,3.893798828125,-5.155029296875,-0.710693359375
0.058,3.012939453125,-5.515380859375,0.610595703125
0.0585,1.851806640625,-5.755615234375,1.971923828125
0.059,0.930908203125,-6.035888671875,3.133056640625
0.0595,0.290283203125,-6.356201171875,4.093994140625
0.06,-0.710693359375,-6.156005859375,4.894775390625
0.0605,-1.871826171875,-5.475341796875,5.455322265625
0.061,-3.072998046875,-4.434326171875,5.815673828125
0.0615,-4.154052734375,-3.193115234375,5.895751953125
0.062,-4.874755859375,-2.312255859375,6.015869140625
0.0625,-5.275146484375,-1.631591796875,6.015869140625
0.063,-5.395263671875,-0.910888671875,5.615478515625
0.0635,-5.275146484375,0.250244140625,4.814697265625
0.064,-5.235107421875,1.491455078125,3.773681640625
0.0645,-5.074951171875,2.572509765625,2.652587890625
0.065,-4.994873046875,3.493408203125,1.931884765625
0.0655,-4.634521484375,4.093994140625,1.091064453125
0.066,-3.873779296875,4.534423828125,0.090087890625
0.0665,-2.992919921875,4.974853515625,-1.271240234375
0.067,-1.791748046875,5.175048828125,-2.592529296875
0.0675,-1.031005859375,5.455322265625,-3.633544921875
0.068,-0.310302734375,5.695556640625,-4.554443359375
0.0685,0.770751953125,5.375244140625,-5.275146484375
0.069,1.971923828125,4.494384765625,-5.755615234375
0.0695,3.213134765625,3.213134765625,-6.035888671875
0.07,4.174072265625,2.052001953125,-6.035888671875
0.0705,4.774658203125,1.331298828125,-6.196044921875
0.071,4.974853515625,0.610595703125,-6.035888671875
0.0715,5.054931640625,-0.390380859375,-5.435302734375
0.072,4.974853515625,-1.471435546875,-4.514404296875
0.0725,4.814697265625,-2.872802734375,-3.273193359375
0.073,4.614501953125,-3.873779296875,-2.312255859375
0.0735,4.494384765625,-4.674560546875,-1.591552734375
0.074,4.053955078125,-5.155029296875,-0.710693359375
0.0745,3.133056640625,-5.515380859375,0.530517578125
0.075,1.971923828125,-5.835693359375,1.931884765625
0.0755,0.930908203125,-5.955810546875,3.173095703125
0.076,0.250244140625,-6.356201171875,4.134033203125
0.0765,-0.670654296875,-6.276123046875,4.974853515625
0.077,-1.791748046875,-5.635498046875,5.575439453125
0.0775,-3.072998046875,-4.554443359375,5.935791015625
0.078,-4.274169921875,-3.193115234375,6.095947265625
0.0785,-5.034912109375,-2.192138671875,6.055908203125
0.079,-5.435302734375,-1.511474609375,6.055908203125
0.0795,-5.515380859375,-0.710693359375,5.655517578125
0.08,-5.435302734375,0.410400390625,4.814697265625
0.0805,-5.315185546875,1.571533203125,3.773681640625
0.081,-5.114990234375,2.812744140625,2.572509765625
0.0815,-4.994873046875,3.693603515625,1.691650390625
0.082,-4.634521484375,4.374267578125,0.930908203125
0.0825,-3.993896484375,4.774658203125,0.010009765625
0.083,-2.952880859375,5.094970703125,-1.311279296875
0.0835,-1.671630859375,5.295166015625,-2.792724609375
0.084,-0.790771484375,5.495361328125,-3.873779296875
0.0845,-0.150146484375,5.735595703125,-4.794677734375
0.085,0.890869140625,5.415283203125,-5.515380859375
0.0855,2.092041015625,4.534423828125,-5.955810546875
0.086,3.333251953125,3.333251953125,-6.276123046875
0.0865,4.414306640625,2.011962890625,-6.276123046875
0.087,4.974853515625,1.131103515625,-6.276123046875
0.0875,5.255126953125,0.450439453125,-6.115966796875
0.088,5.255126953125,-0.510498046875,-5.635498046875
0.0885,5.094970703125,-1.631591796875,-4.594482421875
0.089,4.974853515625,-3.032958984375,-3.353271484375
0.0895,4.694580078125,-4.154052734375,-2.232177734375
0.09,4.574462890625,-4.874755859375,-1.431396484375
0.0905,4.093994140625,-5.435302734375,-0.630615234375
0.091,3.173095703125,-5.715576171875,0.610595703125
0.0915,2.052001953125,-6.035888671875,1.971923828125
0.092,0.770751953125,-6.115966796875,3.373291015625
0.0925,0.010009765625,-6.356201171875,4.334228515625
0.093,-0.790771484375,-6.436279296875,5.175048828125
0.0935,-1.871826171875,-5.875732421875,5.775634765625
0.094,-3.193115234375,-4.754638671875,6.216064453125
0.0945,-4.434326171875,-3.353271484375,6.336181640625
0.095,-5.235107421875,-2.152099609375,6.256103515625
0.0955,-5.675537109375,-1.391357421875,6.216064453125
0.096,-5.755615234375,-0.630615234375,5.855712890625
0.0965,-5.675537109375,0.410400390625,5.054931640625
0.097,-5.475341796875,1.611572265625,3.933837890625
0.0975,-5.315185546875,2.972900390625,2.572509765625
0.098,-5.034912109375,3.973876953125,1.571533203125
0.0985,-4.794677734375,4.654541015625,0.850830078125
0.099,-4.114013671875,5.054931640625,-0.190185546875
0.0995,-3.032958984375,5.255126953125,-1.431396484375
0.1,-1.751708984375,5.575439453125,-2.912841796875
0.1005,-0.630615234375,5.615478515625,-4.154052734375
0.101,0.170166015625,5.855712890625,-5.074951171875
0.1015,1.010986328125,5.695556640625,-5.795654296875
0.102,2.252197265625,4.854736328125,-6.356201171875
0.1025,3.533447265625,3.533447265625,-6.636474609375
0.103,4.774658203125,2.052001953125,-6.676513671875
0.1035,5.415283203125,0.970947265625,-6.556396484375
0.104,5.735595703125,0.250244140625,-6.436279296875
0.1045,5.695556640625,-0.790771484375,-5.795654296875
0.105,5.495361328125,-1.991943359375,-4.714599609375
0.1055,5.255126953125,-3.393310546875,-3.433349609375
0.106,4.974853515625,-4.634521484375,-2.072021484375
0.1065,4.694580078125,-5.395263671875,-1.151123046875
0.107,4.214111328125,-5.955810546875,-0.310302734375
0.1075,3.253173828125,-6.236083984375,0.890869140625
0.108,1.931884765625,-6.396240234375,2.412353515625
0.1085,0.450439453125,-6.476318359375,3.973876953125
0.109,-0.590576171875,-6.556396484375,4.974853515625
0.1095,-1.271240234375,-6.596435546875,5.775634765625
0.11,-2.352294921875,-6.035888671875,6.416259765625
0.1105,-3.713623046875,-4.794677734375,6.776611328125
0.111,-4.994873046875,-3.353271484375,6.896728515625
0.1115,-5.915771484375,-1.871826171875,6.696533203125
0.112,-6.356201171875,-0.910888671875,6.536376953125
0.1125,-6.356201171875,-0.150146484375,6.095947265625
0.113,-6.196044921875,0.930908203125,5.215087890625
0.1135,-5.915771484375,2.252197265625,3.853759765625
0.114,-5.595458984375,3.733642578125,2.372314453125
0.1145,-5.155029296875,4.774658203125,1.171142578125
0.115,-4.794677734375,5.375244140625,0.330322265625
0.1155,-4.033935546875,5.615478515625,-0.670654296875
0.116,-2.832763671875,5.775634765625,-1.951904296875
0.1165,-1.431396484375,5.975830078125,-3.473388671875
0.117,0.050048828125,5.895751953125,-4.834716796875
0.1175,0.770751953125,5.935791015625,-5.635498046875
0.118,1.491455078125,5.775634765625,-6.396240234375
0.1185,2.612548828125,4.974853515625,-6.836669921875
0.119,3.973876953125,3.573486328125,-7.076904296875
0.1195,5.175048828125,2.052001953125,-7.076904296875
0.12,5.895751953125,0.690673828125,-6.756591796875
0.1205,6.095947265625,-0.230224609375,-6.596435546875
0.121,6.015869140625,-1.031005859375,-5.995849609375
0.1215,5.735595703125,-2.152099609375,-4.994873046875
0.122,5.455322265625,-3.393310546875,-3.593505859375
0.1225,5.094970703125,-4.794677734375,-2.072021484375
0.123,4.734619140625,-5.635498046875,-0.990966796875
0.1235,4.334228515625,-6.196044921875,-0.230224609375
0.124,3.493408203125,-6.436279296875,0.810791015625
0.1245,2.132080078125,-6.556396484375,2.252197265625
0.125,0.650634765625,-6.676513671875,3.813720703125
0.1255,-0.630615234375,-6.556396484375,4.974853515625
0.126,-1.271240234375,-6.716552734375,5.775634765625
0.1265,-2.152099609375,-6.356201171875,6.416259765625
0.127,-3.393310546875,-5.315185546875,6.856689453125
0.1275,-4.714599609375,-3.913818359375,7.056884765625
0.128,-5.795654296875,-2.272216796875,6.896728515625
0.1285,-6.396240234375,-1.191162109375,6.656494140625
0.129,-6.516357421875,-0.470458984375,6.376220703125
0.1295,-6.396240234375,0.530517578125,5.695556640625
0.13,-6.075927734375,1.771728515625,4.494384765625
0.1305,-5.755615234375,3.133056640625,3.093017578125
0.131,-5.395263671875,4.374267578125,1.651611328125
0.1315,-5.034912109375,5.094970703125,0.770751953125
0.132,-4.474365234375,5.575439453125,-0.230224609375
0.1325,-3.513427734375,5.775634765625,-1.271240234375
0.133,-2.072021484375,5.935791015625,-2.752685546875
0.1335,-0.630615234375,5.935791015625,-4.314208984375
0.134,0.450439453125,5.935791015625,-5.315185546875
0.1345,1.091064453125,6.055908203125,-6.115966796875
0.135,2.092041015625,5.415283203125,-6.676513671875
0.1355,3.453369140625,4.214111328125,-7.036865234375
0.136,4.694580078125,2.732666015625,-7.156982421875
0.1365,5.695556640625,1.171142578125,-6.956787109375
0.137,6.095947265625,0.290283203125,-6.756591796875
0.1375,6.135986328125,-0.630615234375,-6.396240234375
0.138,6.015869140625,-1.551513671875,-5.595458984375
0.1385,5.695556640625,-2.872802734375,-4.234130859375
0.139,5.375244140625,-4.354248046875,-2.672607421875
0.1395,4.974853515625,-5.435302734375,-1.391357421875
0.14,4.614501953125,-6.115966796875,-0.550537109375
0.1405,3.853759765625,-6.436279296875,0.490478515625
0.141,2.692626953125,-6.636474609375,1.771728515625
0.1415,1.171142578125,-6.756591796875,3.373291015625
0.142,-0.350341796875,-6.716552734375,4.814697265625
0.1425,-1.151123046875,-6.756591796875,5.695556640625
0.143,-1.871826171875,-6.636474609375,6.416259765625
0.1435,-3.072998046875,-5.795654296875,6.936767578125
0.144,-4.474365234375,-4.354248046875,7.177001953125
0.1445,-5.715576171875,-2.792724609375,7.096923828125
0.145,-6.436279296875,-1.391357421875,6.816650390625
0.1455,-6.716552734375,-0.590576171875,6.576416015625
0.146,-6.596435546875,0.450439453125,6.015869140625
0.1465,-6.276123046875,1.611572265625,4.854736328125
0.147,-5.955810546875,2.972900390625,3.413330078125
0.1475,-5.595458984375,4.334228515625,1.891845703125
0.148,-5.155029296875,5.175048828125,0.770751953125
0.1485,-4.634521484375,5.735595703125,-0.150146484375
0.149,-3.753662109375,5.935791015625,-1.151123046875
0.1495,-2.352294921875,6.055908203125,-2.552490234375
0.15,-0.830810546875,6.095947265625,-4.194091796875
0.1505,0.490478515625,6.015869140625,-5.315185546875
0.151,1.131103515625,6.055908203125,-6.115966796875
0.1515,1.971923828125,5.695556640625,-6.716552734375
0.152,3.213134765625,4.614501953125,-7.116943359375
0.1525,4.494384765625,3.052978515625,-7.237060546875
0.153,5.615478515625,1.451416015625,-7.076904296875
0.1535,6.095947265625,0.290283203125,-6.796630859375
0.154,6.256103515625,-0.510498046875,-6.516357421875
0.1545,6.055908203125,-1.351318359375,-5.755615234375
0.155,5.735595703125,-2.512451171875,-4.554443359375
0.1555,5.375244140625,-3.913818359375,-3.113037109375
0.156,4.974853515625,-5.114990234375,-1.711669921875
0.1565,4.614501953125,-5.795654296875,-0.790771484375
0.157,4.093994140625,-6.276123046875,0.130126953125
0.1575,3.133056640625,-6.476318359375,1.171142578125
0.158,1.731689453125,-6.596435546875,2.572509765625
0.1585,0.210205078125,-6.556396484375,4.134033203125
0.159,-0.790771484375,-6.556396484375,5.135009765625
0.1595,-1.431396484375,-6.636474609375,5.895751953125
0.16,-2.392333984375,-6.156005859375,6.456298828125
0.1605,-3.593505859375,-4.994873046875,6.776611328125
0.161,-4.834716796875,-3.593505859375,6.896728515625
0.1615,-5.835693359375,-2.112060546875,6.656494140625
0.162,-6.276123046875,-1.151123046875,6.536376953125
0.1625,-6.316162109375,-0.390380859375,6.216064453125
0.163,-6.156005859375,0.570556640625,5.495361328125
0.1635,-5.835693359375,1.771728515625,4.294189453125
0.164,-5.595458984375,3.173095703125,2.852783203125
0.1645,-5.235107421875,4.214111328125,1.571533203125
0.165,-4.954833984375,4.974853515625,0.810791015625
0.1655,-4.354248046875,5.375244140625,-0.190185546875
0.166,-3.353271484375,5.575439453125,-1.271240234375
0.1665,-2.031982421875,5.775634765625,-2.712646484375
0.167,-0.630615234375,5.735595703125,-4.114013671875
0.1675,0.290283203125,5.895751953125,-5.114990234375
0.168,0.930908203125,5.935791015625,-5.835693359375
0.1685,1.931884765625,5.295166015625,-6.436279296875
0.169,3.253173828125,4.053955078125,-6.756591796875
0.1695,4.494384765625,2.572509765625,-6.836669921875
0.17,5.335205078125,1.291259765625,-6.636474609375
0.1705,5.735595703125,0.530517578125,-6.596435546875
0.171,5.775634765625,-0.350341796875,-6.156005859375
0.1715,5.655517578125,-1.351318359375,-5.315185546875
0.172,5.415283203125,-2.592529296875,-4.114013671875
0.1725,5.094970703125,-3.993896484375,-2.672607421875
0.173,4.814697265625,-4.994873046875,-1.591552734375
0.1735,4.494384765625,-5.635498046875,-0.790771484375
0.174,3.813720703125,-6.035888671875,0.250244140625
0.1745,2.612548828125,-6.196044921875,1.451416015625
0.175,1.251220703125,-6.396240234375,3.012939453125
0.1755,0.050048828125,-6.356201171875,4.214111328125
0.176,-0.670654296875,-6.556396484375,5.094970703125
0.1765,-1.551513671875,-6.396240234375,5.815673828125
0.177,-2.632568359375,-5.595458984375,6.336181640625
0.1775,-3.953857421875,-4.314208984375,6.536376953125
0.178,-5.074951171875,-2.752685546875,6.496337890625
0.1785,-5.755615234375,-1.631591796875,6.376220703125
0.179,-5.955810546875,-0.990966796875,6.256103515625
0.1795,-5.915771484375,-0.190185546875,5.695556640625
0.18,-5.715576171875,0.970947265625,4.654541015625
0.1805,-5.475341796875,2.252197265625,3.493408203125
0.181,-5.195068359375,3.453369140625,2.172119140625
0.1815,-4.954833984375,4.294189453125,1.291259765625
0.182,-4.554443359375,4.814697265625,0.530517578125
0.1825,-3.833740234375,5.175048828125,-0.510498046875
0.183,-2.672607421875,5.375244140625,-1.751708984375
0.1835,-1.311279296875,5.455322265625,-3.233154296875
0.184,-0.390380859375,5.575439453125,-4.274169921875
0.1845,0.290283203125,5.735595703125,-5.114990234375
0.185,1.211181640625,5.455322265625,-5.755615234375
0.1855,2.292236328125,4.494384765625,-6.196044921875
0.186,3.533447265625,3.333251953125,-6.396240234375
0.1865,4.534423828125,1.971923828125,-6.356201171875
0.187,5.094970703125,1.131103515625,-6.356201171875
0.1875,5.375244140625,0.450439453125,-6.236083984375
0.188,5.375244140625,-0.470458984375,-5.715576171875
0.1885,5.175048828125,-1.511474609375,-4.754638671875
0.189,4.974853515625,-2.872802734375,-3.473388671875
0.1895,4.734619140625,-3.913818359375,-2.352294921875
0.19,4.614501953125,-4.794677734375,-1.591552734375
0.1905,4.174072265625,-5.315185546875,-0.790771484375
0.191,3.373291015625,-5.675537109375,0.370361328125
0.1915,2.252197265625,-5.955810546875,1.651611328125
0.192,1.010986328125,-6.075927734375,3.052978515625
0.1925,0.250244140625,-6.356201171875,4.053955078125
0.193,-0.590576171875,-6.476318359375,4.934814453125
0.1935,-1.551513671875,-6.156005859375,5.575439453125
0.194,-2.712646484375,-5.074951171875,6.015869140625
0.1945,-3.993896484375,-3.753662109375,6.176025390625
0.195,-4.874755859375,-2.552490234375,6.135986328125
0.1955,-5.435302734375,-1.791748046875,6.216064453125
0.196,-5.595458984375,-1.111083984375,5.895751953125
0.1965,-5.515380859375,-0.190185546875,5.255126953125
0.197,-5.395263671875,1.010986328125,4.334228515625
0.1975,-5.235107421875,2.292236328125,3.093017578125
0.198,-5.034912109375,3.333251953125,2.132080078125
0.1985,-4.874755859375,4.093994140625,1.371337890625
0.199,-4.354248046875,4.574462890625,0.530517578125
0.1995,-3.473388671875,4.854736328125,-0.630615234375
0.2,-2.312255859375,5.215087890625,-2.072021484375
0.2005,-1.271240234375,5.295166015625,-3.233154296875
0.201,-0.590576171875,5.615478515625,-4.194091796875
0.2015,0.290283203125,5.615478515625,-5.074951171875
0.202,1.331298828125,5.094970703125,-5.635498046875
0.2025,2.532470703125,4.013916015625,-5.955810546875
0.203,3.773681640625,2.692626953125,-6.115966796875
0.2035,4.534423828125,1.651611328125,-6.115966796875
0.204,4.934814453125,1.010986328125,-6.156005859375
0.2045,5.094970703125,0.290283203125,-5.835693359375
0.205,5.014892578125,-0.750732421875,-5.114990234375
0.2055,4.934814453125,-1.951904296875,-4.114013671875
0.206,4.774658203125,-3.153076171875,-2.952880859375
0.2065,4.614501953125,-4.073974609375,-2.112060546875
0.207,4.454345703125,-4.794677734375,-1.351318359375
0.2075,3.853759765625,-5.275146484375,-0.470458984375
0.208,2.852783203125,-5.635498046875,0.850830078125
0.2085,1.651611328125,-5.835693359375,2.212158203125
0.209,0.770751953125,-6.115966796875,3.333251953125
0.2095,0.130126953125,-6.436279296875,4.254150390625
0.21,-0.910888671875,-6.156005859375,5.054931640625
0.2105,-1.991943359375,-5.435302734375,5.575439453125
0.211,-3.233154296875,-4.354248046875,5.895751953125
0.2115,-4.314208984375,-3.072998046875,5.935791015625
0.212,-4.994873046875,-2.192138671875,6.055908203125
0.2125,-5.315185546875,-1.551513671875,5.975830078125
0.213,-5.395263671875,-0.790771484375,5.575439453125
0.2135,-5.315185546875,0.370361328125,4.734619140625
0.214,-5.235107421875,1.611572265625,3.613525390625
0.2145,-5.074951171875,2.732666015625,2.572509765625
0.215,-4.994873046875,3.613525390625,1.811767578125
0.2155,-4.594482421875,4.174072265625,1.010986328125
0.216,-3.873779296875,4.614501953125,0.010009765625
0.2165,-2.912841796875,4.974853515625,-1.351318359375
0.217,-1.751708984375,5.175048828125,-2.712646484375
0.2175,-0.990966796875,5.415283203125,-3.713623046875
0.218,-0.310302734375,5.695556640625,-4.594482421875
0.2185,0.770751953125,5.375244140625,-5.315185546875
0.219,1.971923828125,4.454345703125,-5.755615234375
0.2195,3.253173828125,3.213134765625,-6.035888671875
0.22,4.174072265625,2.052001953125,-6.075927734375
0.2205,4.774658203125,1.331298828125,-6.196044921875
0.221,4.974853515625,0.610595703125,-5.995849609375
0.2215,5.014892578125,-0.390380859375,-5.395263671875
0.222,4.974853515625,-1.471435546875,-4.514404296875
0.2225,4.814697265625,-2.792724609375,-3.313232421875
0.223,4.654541015625,-3.793701171875,-2.392333984375
0.2235,4.534423828125,-4.634521484375,-1.631591796875
0.224,4.053955078125,-5.155029296875,-0.790771484375
0.2245,3.173095703125,-5.515380859375,0.450439453125
0.225,2.052001953125,-5.875732421875,1.851806640625
0.2255,0.970947265625,-6.075927734375,3.052978515625
0.226,0.330322265625,-6.356201171875,4.093994140625
0.2265,-0.630615234375,-6.276123046875,4.934814453125
0.227,-1.711669921875,-5.715576171875,5.495361328125
0.2275,-2.952880859375,-4.634521484375,5.895751953125
0.228,-4.154052734375,-3.273193359375,6.015869140625
0.2285,-4.914794921875,-2.272216796875,6.015869140625
0.229,-5.355224609375,-1.591552734375,6.055908203125
0.2295,-5.435302734375,-0.830810546875,5.695556640625
0.23,-5.395263671875,0.250244140625,4.854736328125
0.2305,-5.275146484375,1.451416015625,3.853759765625
0.231,-5.114990234375,2.692626953125,2.692626953125
0.2315,-4.994873046875,3.573486328125,1.851806640625
0.232,-4.714599609375,4.254150390625,1.091064453125
0.2325,-4.073974609375,4.654541015625,0.130126953125
0.233,-3.072998046875,4.974853515625,-1.191162109375
0.2335,-1.871826171875,5.215087890625,-2.632568359375
0.234,-0.990966796875,5.455322265625,-3.713623046875
0.2345,-0.310302734375,5.735595703125,-4.634521484375
0.235,0.770751953125,5.455322265625,-5.395263671875
0.2355,1.931884765625,4.614501953125,-5.835693359375
0.236,3.173095703125,3.453369140625,-6.156005859375
0.2365,4.294189453125,2.092041015625,-6.196044921875
0.237,4.854736328125,1.291259765625,-6.276123046875
0.2375,5.175048828125,0.570556640625,-6.115966796875
0.238,5.215087890625,-0.390380859375,-5.635498046875
0.2385,5.094970703125,-1.471435546875,-4.674560546875
0.239,4.934814453125,-2.872802734375,-3.393310546875
0.2395,4.774658203125,-3.993896484375,-2.312255859375
0.24,4.614501953125,-4.834716796875,-1.551513671875
0.2405,4.134033203125,-5.395263671875,-0.670654296875
0.241,3.253173828125,-5.755615234375,0.530517578125
0.2415,2.052001953125,-6.075927734375,1.931884765625
0.242,0.890869140625,-6.115966796875,3.293212890625
0.2425,0.090087890625,-6.356201171875,4.294189453125
0.243,-0.750732421875,-6.436279296875,5.135009765625
0.2435,-1.791748046875,-5.915771484375,5.775634765625
0.244,-3.153076171875,-4.754638671875,6.176025390625
0.2445,-4.434326171875,-3.353271484375,6.296142578125
0.245,-5.235107421875,-2.152099609375,6.256103515625
0.2455,-5.715576171875,-1.351318359375,6.216064453125
0.246,-5.755615234375,-0.630615234375,5.815673828125
0.2465,-5.635498046875,0.490478515625,5.014892578125
0.247,-5.475341796875,1.731689453125,3.853759765625
0.2475,-5.275146484375,3.052978515625,2.572509765625
0.248,-5.034912109375,3.973876953125,1.571533203125
0.2485,-4.754638671875,4.614501953125,0.770751953125
0.249,-4.073974609375,5.014892578125,-0.190185546875
0.2495,-2.992919921875,5.215087890625,-1.471435546875
0.25,-1.671630859375,5.535400390625,-2.912841796875
0.2505,-0.630615234375,5.575439453125,-4.154052734375
0.251,0.170166015625,5.815673828125,-5.034912109375
0.2515,1.010986328125,5.615478515625,-5.755615234375
0.252,2.252197265625,4.774658203125,-6.276123046875
0.2525,3.533447265625,3.493408203125,-6.556396484375
0.253,4.734619140625,2.011962890625,-6.556396484375
0.2535,5.335205078125,0.970947265625,-6.476318359375
0.254,5.615478515625,0.290283203125,-6.396240234375
0.2545,5.575439453125,-0.710693359375,-5.755615234375
0.255,5.415283203125,-1.871826171875,-4.714599609375
0.2555,5.215087890625,-3.233154296875,-3.393310546875
0.256,4.934814453125,-4.474365234375,-2.112060546875
0.2565,4.654541015625,-5.315185546875,-1.231201171875
0.257,4.214111328125,-5.915771484375,-0.390380859375
0.2575,3.253173828125,-6.196044921875,0.770751953125
0.258,1.971923828125,-6.356201171875,2.252197265625
0.2585,0.570556640625,-6.396240234375,3.853759765625
0.259,-0.470458984375,-6.556396484375,4.814697265625
0.2595,-1.151123046875,-6.636474609375,5.695556640625
0.26,-2.232177734375,-6.075927734375,6.336181640625
0.2605,-3.553466796875,-4.834716796875,6.696533203125
0.261,-4.834716796875,-3.393310546875,6.856689453125
0.2615,-5.795654296875,-1.951904296875,6.696533203125
0.262,-6.236083984375,-1.031005859375,6.496337890625
0.2625,-6.316162109375,-0.270263671875,6.095947265625
0.263,-6.156005859375,0.850830078125,5.255126953125
0.2635,-5.835693359375,2.172119140625,3.933837890625
0.264,-5.595458984375,3.613525390625,2.492431640625
0.2645,-5.195068359375,4.614501953125,1.251220703125
0.265,-4.874755859375,5.215087890625,0.450439453125
0.2655,-4.154052734375,5.575439453125,-0.590576171875
0.266,-2.872802734375,5.735595703125,-1.871826171875
0.2665,-1.471435546875,5.935791015625,-3.433349609375
0.267,0.010009765625,5.895751953125,-4.794677734375
0.2675,0.690673828125,5.975830078125,-5.635498046875
0.268,1.451416015625,5.815673828125,-6.356201171875
0.2685,2.612548828125,4.974853515625,-6.876708984375
0.269,4.013916015625,3.533447265625,-7.076904296875
0.2695,5.255126953125,1.931884765625,-7.076904296875
0.27,5.895751953125,0.650634765625,-6.796630859375
0.2705,6.135986328125,-0.270263671875,-6.596435546875
0.271,6.095947265625,-1.111083984375,-5.955810546875
0.2715,5.775634765625,-2.272216796875,-4.834716796875
0.272,5.455322265625,-3.593505859375,-3.473388671875
0.2725,5.094970703125,-4.954833984375,-1.951904296875
0.273,4.694580078125,-5.795654296875,-0.910888671875
0.2735,4.254150390625,-6.396240234375,0.010009765625
0.274,3.373291015625,-6.556396484375,1.010986328125
0.2745,1.931884765625,-6.636474609375,2.452392578125
0.275,0.450439453125,-6.716552734375,4.053955078125
0.2755,-0.790771484375,-6.636474609375,5.175048828125
0.276,-1.471435546875,-6.716552734375,5.975830078125
0.2765,-2.352294921875,-6.316162109375,6.616455078125
0.277,-3.633544921875,-5.155029296875,7.016845703125
0.2775,-4.914794921875,-3.713623046875,7.096923828125
0.278,-6.035888671875,-2.072021484375,6.936767578125
0.2785,-6.476318359375,-0.990966796875,6.656494140625
0.279,-6.556396484375,-0.270263671875,6.376220703125
0.2795,-6.396240234375,0.770751953125,5.615478515625
0.28,-6.075927734375,2.011962890625,4.294189453125
0.2805,-5.755615234375,3.333251953125,2.892822265625
0.281,-5.315185546875,4.534423828125,1.411376953125
0.2815,-4.994873046875,5.215087890625,0.530517578125
0.282,-4.354248046875,5.695556640625,-0.350341796875
0.2825,-3.353271484375,5.855712890625,-1.431396484375
0.283,-1.951904296875,5.935791015625,-2.912841796875
0.2835,-0.470458984375,5.975830078125,-4.474365234375
0.284,0.570556640625,5.935791015625,-5.435302734375
0.2845,1.211181640625,5.975830078125,-6.156005859375
0.285,2.212158203125,5.375244140625,-6.716552734375
0.2855,3.533447265625,4.134033203125,-7.036865234375
0.286,4.774658203125,2.692626953125,-7.116943359375
0.2865,5.695556640625,1.171142578125,-6.876708984375
0.287,6.055908203125,0.290283203125,-6.716552734375
0.2875,6.095947265625,-0.590576171875,-6.356201171875
0.288,5.935791015625,-1.551513671875,-5.515380859375
0.2885,5.615478515625,-2.872802734375,-4.194091796875
0.289,5.255126953125,-4.354248046875,-2.672607421875
0.2895,4.854736328125,-5.395263671875,-1.431396484375
0.29,4.574462890625,-6.035888671875,-0.630615234375
0.2905,3.853759765625,-6.396240234375,0.410400390625
0.291,2.692626953125,-6.556396484375,1.651611328125
0.2915,1.291259765625,-6.676513671875,3.173095703125
0.292,-0.270263671875,-6.596435546875,4.614501953125
0.2925,-0.990966796875,-6.716552734375,5.495361328125
0.293,-1.751708984375,-6.596435546875,6.256103515625
0.2935,-2.872802734375,-5.835693359375,6.776611328125
0.294,-4.274169921875,-4.434326171875,7.056884765625
0.2945,-5.515380859375,-2.872802734375,7.056884765625
0.295,-6.276123046875,-1.471435546875,6.736572265625
0.2955,-6.516357421875,-0.710693359375,6.576416015625
0.296,-6.436279296875,0.250244140625,6.015869140625
0.2965,-6.236083984375,1.331298828125,4.934814453125
0.297,-5.915771484375,2.692626953125,3.533447265625
0.2975,-5.595458984375,4.093994140625,1.971923828125
0.298,-5.155029296875,5.014892578125,0.970947265625
0.2985,-4.754638671875,5.575439453125,0.130126953125
0.299,-3.873779296875,5.855712890625,-0.990966796875
0.2995,-2.512451171875,5.935791015625,-2.432373046875
0.3,-1.031005859375,6.095947265625,-3.993896484375
0.3005,0.290283203125,6.015869140625,-5.195068359375
0.301,0.930908203125,6.095947265625,-6.035888671875
0.3015,1.851806640625,5.735595703125,-6.676513671875
0.302,3.133056640625,4.654541015625,-7.076904296875
0.3025,4.454345703125,3.173095703125,-7.197021484375
0.303,5.575439453125,1.531494140625,-7.076904296875
0.3035,6.095947265625,0.370361328125,-6.836669921875
0.304,6.256103515625,-0.510498046875,-6.556396484375
0.3045,6.095947265625,-1.431396484375,-5.795654296875
0.305,5.735595703125,-2.672607421875,-4.514404296875
0.3055,5.415283203125,-4.114013671875,-3.072998046875
0.306,4.974853515625,-5.235107421875,-1.591552734375
0.3065,4.614501953125,-5.955810546875,-0.670654296875
0.307,4.013916015625,-6.396240234375,0.290283203125
0.3075,3.052978515625,-6.596435546875,1.371337890625
0.308,1.571533203125,-6.676513671875,2.892822265625
0.3085,0.010009765625,-6.676513671875,4.454345703125
0.309,-0.990966796875,-6.636474609375,5.375244140625
0.3095,-1.631591796875,-6.676513671875,6.095947265625
0.31,-2.632568359375,-6.035888671875,6.696533203125
0.3105,-3.913818359375,-4.754638671875,6.976806640625
0.311,-5.155029296875,-3.313232421875,7.016845703125
0.3115,-6.075927734375,-1.791748046875,6.736572265625
0.312,-6.396240234375,-0.830810546875,6.536376953125
0.3125,-6.436279296875,0.010009765625,6.135986328125
0.313,-6.236083984375,0.850830078125,5.335205078125
0.3135,-5.915771484375,2.092041015625,3.973876953125
0.314,-5.555419921875,3.533447265625,2.532470703125
0.3145,-5.155029296875,4.534423828125,1.291259765625
0.315,-4.834716796875,5.215087890625,0.490478515625
0.3155,-4.154052734375,5.575439453125,-0.470458984375
0.316,-3.072998046875,5.735595703125,-1.631591796875
0.3165,-1.671630859375,5.855712890625,-3.113037109375
0.317,-0.310302734375,5.815673828125,-4.474365234375
0.3175,0.530517578125,5.895751953125,-5.355224609375
0.318,1.211181640625,5.895751953125,-6.115966796875
0.3185,2.212158203125,5.215087890625,-6.596435546875
0.319,3.533447265625,3.933837890625,-6.836669921875
0.3195,4.774658203125,2.452392578125,-6.876708984375
0.32,5.495361328125,1.131103515625,-6.676513671875
0.3205,5.855712890625,0.330322265625,-6.596435546875
0.321,5.855712890625,-0.590576171875,-6.156005859375
0.3215,5.655517578125,-1.591552734375,-5.275146484375
0.322,5.415283203125,-2.832763671875,-3.993896484375
0.3225,5.094970703125,-4.194091796875,-2.552490234375
0.323,4.774658203125,-5.114990234375,-1.471435546875
0.3235,4.494384765625,-5.795654296875,-0.670654296875
0.324,3.773681640625,-6.115966796875,0.330322265625
0.3245,2.572509765625,-6.316162109375,1.611572265625
0.325,1.171142578125,-6.436279296875,3.173095703125
0.3255,0.010009765625,-6.436279296875,4.374267578125
0.326,-0.790771484375,-6.636474609375,5.255126953125
0.3265,-1.631591796875,-6.396240234375,5.975830078125
0.327,-2.832763671875,-5.515380859375,6.416259765625
0.3275,-4.114013671875,-4.194091796875,6.656494140625
0.328,-5.235107421875,-2.712646484375,6.616455078125
0.3285,-5.835693359375,-1.631591796875,6.416259765625
0.329,-6.115966796875,-0.950927734375,6.336181640625
0.3295,-6.075927734375,0.010009765625,5.695556640625
0.33,-5.795654296875,1.131103515625,4.654541015625
0.3305,-5.555419921875,2.452392578125,3.373291015625
0.331,-5.235107421875,3.653564453125,2.092041015625
0.3315,-4.994873046875,4.454345703125,1.211181640625
0.332,-4.554443359375,4.974853515625,0.410400390625
0.3325,-3.793701171875,5.255126953125,-0.630615234375
0.333,-2.552490234375,5.455322265625,-1.951904296875
0.3335,-1.151123046875,5.575439453125,-3.433349609375
0.334,-0.270263671875,5.655517578125,-4.514404296875
0.3345,0.450439453125,5.815673828125,-5.315185546875
0.335,1.331298828125,5.455322265625,-5.915771484375
0.3355,2.572509765625,4.454345703125,-6.356201171875
0.336,3.813720703125,3.173095703125,-6.516357421875
0.3365,4.734619140625,1.771728515625,-6.436279296875
0.337,5.255126953125,0.930908203125,-6.396240234375
0.3375,5.455322265625,0.210205078125,-6.236083984375
0.338,5.415283203125,-0.630615234375,-5.635498046875
0.3385,5.175048828125,-1.751708984375,-4.634521484375
0.339,4.974853515625,-3.072998046875,-3.273193359375
0.3395,4.734619140625,-4.154052734375,-2.192138671875
0.34,4.534423828125,-4.954833984375,-1.391357421875
0.3405,4.093994140625,-5.435302734375,-0.590576171875
0.341,3.213134765625,-5.755615234375,0.610595703125
0.3415,2.052001953125,-6.075927734375,1.931884765625
0.342,0.770751953125,-6.115966796875,3.253173828125
0.3425,0.010009765625,-6.356201171875,4.294189453125
0.343,-0.790771484375,-6.436279296875,5.094970703125
0.3435,-1.711669921875,-6.035888671875,5.735595703125
0.344,-2.952880859375,-4.954833984375,6.095947265625
0.3445,-4.194091796875,-3.673583984375,6.256103515625
0.345,-5.034912109375,-2.432373046875,6.176025390625
0.3455,-5.515380859375,-1.751708984375,6.216064453125
0.346,-5.635498046875,-0.990966796875,5.895751953125
0.3465,-5.555419921875,0.050048828125,5.255126953125
0.347,-5.435302734375,1.131103515625,4.254150390625
0.3475,-5.235107421875,2.492431640625,3.012939453125
0.348,-5.034912109375,3.453369140625,2.011962890625
0.3485,-4.834716796875,4.174072265625,1.291259765625
0.349,-4.354248046875,4.654541015625,0.450439453125
0.3495,-3.393310546875,4.974853515625,-0.790771484375
0.35,-2.232177734375,5.255126953125,-2.192138671875
0.3505,-1.151123046875,5.375244140625,-3.353271484375
0.351,-0.510498046875,5.695556640625,-4.314208984375
0.3515,0.370361328125,5.695556640625,-5.114990234375
0.352,1.411376953125,5.054931640625,-5.675537109375
0.3525,2.612548828125,3.973876953125,-6.035888671875
0.353,3.853759765625,2.572509765625,-6.115966796875
0.3535,4.494384765625,1.571533203125,-6.156005859375
0.354,4.974853515625,1.010986328125,-6.236083984375
0.3545,5.094970703125,0.250244140625,-5.875732421875
0.355,5.054931640625,-0.790771484375,-5.114990234375
0.3555,4.934814453125,-1.991943359375,-4.073974609375
0.356,4.774658203125,-3.193115234375,-2.912841796875
0.3565,4.614501953125,-4.114013671875,-2.112060546875
0.357,4.414306640625,-4.834716796875,-1.351318359375
0.3575,3.813720703125,-5.275146484375,-0.430419921875
0.358,2.852783203125,-5.635498046875,0.890869140625
0.3585,1.651611328125,-5.835693359375,2.252197265625
0.359,0.770751953125,-6.075927734375,3.333251953125
0.3595,0.130126953125,-6.396240234375,4.294189453125
0.36,-0.870849609375,-6.196044921875,5.054931640625
0.3605,-2.031982421875,-5.435302734375,5.575439453125
0.361,-3.233154296875,-4.354248046875,5.895751953125
0.3615,-4.314208984375,-3.153076171875,5.895751953125
0.362,-4.954833984375,-2.232177734375,6.055908203125
0.3625,-5.275146484375,-1.551513671875,6.015869140625
0.363,-5.355224609375,-0.790771484375,5.575439453125
0.3635,-5.315185546875,0.330322265625,4.774658203125
0.364,-5.195068359375,1.611572265625,3.653564453125
0.3645,-5.074951171875,2.692626953125,2.612548828125
0.365,-4.994873046875,3.573486328125,1.931884765625
0.3655,-4.634521484375,4.174072265625,1.091064453125
0.366,-3.873779296875,4.614501953125,0.050048828125
0.3665,-2.912841796875,5.014892578125,-1.311279296875
0.367,-1.751708984375,5.175048828125,-2.632568359375
0.3675,-0.990966796875,5.495361328125,-3.673583984375
0.368,-0.310302734375,5.735595703125,-4.554443359375
0.3685,0.730712890625,5.335205078125,-5.315185546875
0.369,1.971923828125,4.414306640625,-5.755615234375
0.3695,3.213134765625,3.173095703125,-6.035888671875
0.37,4.134033203125,2.052001953125,-6.075927734375
0.3705,4.734619140625,1.411376953125,-6.236083984375
0.371,4.974853515625,0.650634765625,-5.995849609375
0.3715,5.014892578125,-0.350341796875,-5.435302734375
0.372,4.974853515625,-1.471435546875,-4.514404296875
0.3725,4.814697265625,-2.752685546875,-3.313232421875
0.373,4.654541015625,-3.793701171875,-2.392333984375
0.3735,4.574462890625,-4.594482421875,-1.631591796875
0.374,4.093994140625,-5.155029296875,-0.790771484375
0.3745,3.173095703125,-5.475341796875,0.490478515625
0.375,2.052001953125,-5.795654296875,1.891845703125
0.3755,0.970947265625,-5.995849609375,3.093017578125
0.376,0.290283203125,-6.356201171875,4.134033203125
0.3765,-0.630615234375,-6.356201171875,4.974853515625
0.377,-1.791748046875,-5.715576171875,5.535400390625
0.3775,-3.072998046875,-4.634521484375,5.895751953125
0.378,-4.234130859375,-3.233154296875,6.055908203125
0.3785,-4.954833984375,-2.232177734375,6.055908203125
0.379,-5.355224609375,-1.551513671875,6.055908203125
0.3795,-5.435302734375,-0.790771484375,5.655517578125
0.38,-5.355224609375,0.330322265625,4.814697265625
0.3805,-5.275146484375,1.571533203125,3.733642578125
0.381,-5.114990234375,2.812744140625,2.572509765625
0.3815,-4.954833984375,3.693603515625,1.771728515625
0.382,-4.634521484375,4.294189453125,0.970947265625
0.3825,-3.993896484375,4.734619140625,0.050048828125
0.383,-2.952880859375,5.054931640625,-1.271240234375
0.3835,-1.711669921875,5.255126953125,-2.712646484375
0.384,-0.830810546875,5.415283203125,-3.793701171875
0.3845,-0.230224609375,5.695556640625,-4.714599609375
0.385,0.810791015625,5.415283203125,-5.435302734375
0.3855,2.052001953125,4.454345703125,-5.915771484375
0.386,3.333251953125,3.333251953125,-6.196044921875
0.3865,4.334228515625,2.011962890625,-6.156005859375
0.387,4.934814453125,1.251220703125,-6.236083984375
0.3875,5.175048828125,0.490478515625,-6.115966796875
0.388,5.175048828125,-0.390380859375,-5.595458984375
0.3885,5.094970703125,-1.511474609375,-4.634521484375
0.389,4.894775390625,-2.872802734375,-3.353271484375
0.3895,4.734619140625,-3.993896484375,-2.272216796875
0.39,4.534423828125,-4.794677734375,-1.511474609375
0.3905,4.093994140625,-5.315185546875,-0.670654296875
0.391,3.173095703125,-5.635498046875,0.530517578125
0.3915,2.052001953125,-5.955810546875,1.931884765625
0.392,0.850830078125,-6.115966796875,3.253173828125
0.3925,0.130126953125,-6.396240234375,4.214111328125
0.393,-0.710693359375,-6.436279296875,5.094970703125
0.3935,-1.791748046875,-5.955810546875,5.695556640625
0.394,-3.072998046875,-4.754638671875,6.095947265625
0.3945,-4.354248046875,-3.353271484375,6.256103515625
0.395,-5.114990234375,-2.232177734375,6.216064453125
0.3955,-5.595458984375,-1.471435546875,6.176025390625
0.396,-5.715576171875,-0.710693359375,5.815673828125
0.3965,-5.555419921875,0.370361328125,4.974853515625
0.397,-5.435302734375,1.571533203125,3.973876953125
0.3975,-5.235107421875,2.892822265625,2.652587890625
0.398,-4.994873046875,3.813720703125,1.691650390625
0.3985,-4.754638671875,4.494384765625,0.930908203125
0.399,-4.114013671875,4.854736328125,0.050048828125
0.3995,-3.032958984375,5.094970703125,-1.271240234375
0.4,-1.791748046875,5.415283203125,-2.752685546875
0.4005,-0.750732421875,5.495361328125,-3.953857421875
0.401,0.010009765625,5.735595703125,-4.834716796875
0.4015,0.850830078125,5.535400390625,-5.635498046875
0.402,2.052001953125,4.814697265625,-6.115966796875
0.4025,3.333251953125,3.573486328125,-6.436279296875
0.403,4.494384765625,2.132080078125,-6.436279296875
0.4035,5.135009765625,1.131103515625,-6.396240234375
0.404,5.455322265625,0.410400390625,-6.316162109375
0.4045,5.455322265625,-0.510498046875,-5.795654296875
0.405,5.295166015625,-1.631591796875,-4.794677734375
0.4055,5.135009765625,-3.032958984375,-3.553466796875
0.406,4.854736328125,-4.234130859375,-2.272216796875
0.4065,4.654541015625,-5.074951171875,-1.391357421875
0.407,4.214111328125,-5.635498046875,-0.550537109375
0.4075,3.373291015625,-5.955810546875,0.610595703125
0.408,2.092041015625,-6.236083984375,2.052001953125
0.4085,0.690673828125,-6.396240234375,3.533447265625
0.409,-0.310302734375,-6.556396484375,4.614501953125
0.4095,-0.990966796875,-6.636474609375,5.455322265625
0.41,-2.031982421875,-6.075927734375,6.135986328125
0.4105,-3.393310546875,-4.874755859375,6.536376953125
0.411,-4.674560546875,-3.513427734375,6.736572265625
0.4115,-5.635498046875,-2.072021484375,6.616455078125
0.412,-6.115966796875,-1.151123046875,6.456298828125
0.4125,-6.196044921875,-0.350341796875,6.095947265625
0.413,-6.035888671875,0.690673828125,5.255126953125
0.4135,-5.755615234375,2.052001953125,3.933837890625
0.414,-5.515380859375,3.493408203125,2.532470703125
0.4145,-5.155029296875,4.494384765625,1.291259765625
0.415,-4.834716796875,5.135009765625,0.490478515625
0.4155,-4.114013671875,5.455322265625,-0.510498046875
0.416,-2.912841796875,5.695556640625,-1.791748046875
0.4165,-1.511474609375,5.855712890625,-3.353271484375
0.417,-0.230224609375,5.815673828125,-4.674560546875
0.4175,0.570556640625,5.895751953125,-5.555419921875
0.418,1.411376953125,5.735595703125,-6.276123046875
0.4185,2.532470703125,4.934814453125,-6.756591796875
0.419,3.933837890625,3.533447265625,-6.996826171875
0.4195,5.094970703125,1.971923828125,-6.996826171875
0.42,5.815673828125,0.690673828125,-6.716552734375
0.4205,6.015869140625,-0.150146484375,-6.516357421875
0.421,5.935791015625,-0.990966796875,-5.915771484375
0.4215,5.695556640625,-2.152099609375,-4.834716796875
0.422,5.415283203125,-3.513427734375,-3.433349609375
0.4225,5.054931640625,-4.834716796875,-1.991943359375
0.423,4.654541015625,-5.635498046875,-0.990966796875
0.4235,4.254150390625,-6.156005859375,-0.150146484375
0.424,3.373291015625,-6.436279296875,0.930908203125
0.4245,1.931884765625,-6.556396484375,2.372314453125
0.425,0.530517578125,-6.676513671875,3.893798828125
0.4255,-0.750732421875,-6.596435546875,5.054931640625
0.426,-1.351318359375,-6.676513671875,5.815673828125
0.4265,-2.272216796875,-6.236083984375,6.456298828125
0.427,-3.553466796875,-5.155029296875,6.896728515625
0.4275,-4.834716796875,-3.713623046875,7.016845703125
0.428,-5.875732421875,-2.152099609375,6.896728515625
0.4285,-6.396240234375,-1.031005859375,6.616455078125
0.429,-6.476318359375,-0.310302734375,6.376220703125
0.4295,-6.316162109375,0.730712890625,5.575439453125
0.43,-6.035888671875,1.931884765625,4.294189453125
0.4305,-5.755615234375,3.333251953125,2.852783203125
0.431,-5.315185546875,4.494384765625,1.491455078125
0.4315,-4.954833984375,5.175048828125,0.610595703125
0.432,-4.354248046875,5.615478515625,-0.350341796875
0.4325,-3.353271484375,5.775634765625,-1.431396484375
0.433,-1.911865234375,5.895751953125,-2.912841796875
0.4335,-0.510498046875,5.895751953125,-4.474365234375
0.434,0.530517578125,5.935791015625,-5.435302734375
0.4345,1.171142578125,6.015869140625,-6.115966796875
0.435,2.212158203125,5.335205078125,-6.716552734375
0.4355,3.533447265625,4.053955078125,-6.996826171875
0.436,4.774658203125,2.612548828125,-7.076904296875
0.4365,5.695556640625,1.131103515625,-6.876708984375
0.437,6.095947265625,0.250244140625,-6.716552734375
0.4375,6.095947265625,-0.630615234375,-6.276123046875
0.438,5.895751953125,-1.631591796875,-5.435302734375
0.4385,5.575439453125,-2.912841796875,-4.073974609375
0.439,5.255126953125,-4.394287109375,-2.552490234375
0.4395,4.854736328125,-5.395263671875,-1.351318359375
0.44,4.534423828125,-6.075927734375,-0.510498046875
0.4405,3.813720703125,-6.436279296875,0.490478515625
0.441,2.572509765625,-6.596435546875,1.811767578125
0.4415,1.091064453125,-6.756591796875,3.373291015625
0.442,-0.350341796875,-6.596435546875,4.734619140625
0.4425,-1.111083984375,-6.716552734375,5.615478515625
0.443,-1.871826171875,-6.556396484375,6.376220703125
0.4435,-3.032958984375,-5.755615234375,6.856689453125
0.444,-4.434326171875,-4.274169921875,7.056884765625
0.4445,-5.635498046875,-2.712646484375,7.056884765625
0.445,-6.356201171875,-1.351318359375,6.736572265625
0.4455,-6.556396484375,-0.590576171875,6.536376953125
0.446,-6.476318359375,0.370361328125,5.935791015625
0.4465,-6.196044921875,1.571533203125,4.774658203125
0.447,-5.915771484375,2.932861328125,3.373291015625
0.4475,-5.515380859375,4.294189453125,1.851806640625
0.448,-5.114990234375,5.094970703125,0.770751953125
0.4485,-4.634521484375,5.615478515625,0.010009765625
0.449,-3.793701171875,5.855712890625,-1.111083984375
0.4495,-2.352294921875,5.935791015625,-2.592529296875
0.45,-0.830810546875,6.095947265625,-4.194091796875
0.4505,0.450439453125,6.055908203125,-5.275146484375
0.451,1.091064453125,6.095947265625,-6.115966796875
0.4515,1.971923828125,5.695556640625,-6.716552734375
0.452,3.293212890625,4.494384765625,-7.116943359375
0.4525,4.614501953125,3.052978515625,-7.237060546875
0.453,5.695556640625,1.411376953125,-7.116943359375
0.4535,6.176025390625,0.330322265625,-6.836669921875
0.454,6.296142578125,-0.590576171875,-6.556396484375
0.4545,6.095947265625,-1.471435546875,-5.755615234375
0.455,5.735595703125,-2.752685546875,-4.434326171875
0.4555,5.415283203125,-4.194091796875,-2.872802734375
0.456,5.014892578125,-5.395263671875,-1.511474609375
0.4565,4.614501953125,-6.115966796875,-0.630615234375
0.457,3.973876953125,-6.516357421875,0.370361328125
0.4575,2.892822265625,-6.716552734375,1.491455078125
0.458,1.451416015625,-6.756591796875,3.052978515625
0.4585,-0.230224609375,-6.716552734375,4.614501953125
0.459,-1.111083984375,-6.716552734375,5.495361328125
0.4595,-1.711669921875,-6.636474609375,6.256103515625
0.46,-2.752685546875,-5.995849609375,6.776611328125
0.4605,-4.154052734375,-4.634521484375,7.056884765625
0.461,-5.355224609375,-3.153076171875,7.056884765625
0.4615,-6.156005859375,-1.671630859375,6.776611328125
0.462,-6.476318359375,-0.790771484375,6.536376953125
0.4625,-6.476318359375,0.090087890625,6.135986328125
0.463,-6.276123046875,1.010986328125,5.255126953125
0.4635,-5.915771484375,2.252197265625,3.933837890625
0.464,-5.555419921875,3.693603515625,2.412353515625
0.4645,-5.155029296875,4.614501953125,1.171142578125
0.465,-4.794677734375,5.255126953125,0.410400390625
0.4655,-4.114013671875,5.575439453125,-0.590576171875
0.466,-2.912841796875,5.735595703125,-1.791748046875
0.4665,-1.551513671875,5.895751953125,-3.233154296875
0.467,-0.190185546875,5.815673828125,-4.594482421875
0.4675,0.610595703125,5.895751953125,-5.435302734375
0.468,1.291259765625,5.815673828125,-6.156005859375
0.4685,2.292236328125,5.135009765625,-6.596435546875
0.469,3.613525390625,3.813720703125,-6.876708984375
0.4695,4.814697265625,2.292236328125,-6.876708984375
0.47,5.535400390625,1.051025390625,-6.676513671875
0.4705,5.855712890625,0.290283203125,-6.556396484375
0.471,5.815673828125,-0.590576171875,-6.115966796875
0.4715,5.655517578125,-1.591552734375,-5.155029296875
0.472,5.375244140625,-2.872802734375,-3.913818359375
0.4725,5.094970703125,-4.274169921875,-2.552490234375
0.473,4.774658203125,-5.155029296875,-1.431396484375
0.4735,4.454345703125,-5.835693359375,-0.670654296875
0.474,3.733642578125,-6.115966796875,0.370361328125
0.4745,2.532470703125,-6.356201171875,1.651611328125
0.475,1.091064453125,-6.476318359375,3.213134765625
0.4755,-0.150146484375,-6.476318359375,4.414306640625
0.476,-0.830810546875,-6.636474609375,5.295166015625
0.4765,-1.671630859375,-6.396240234375,6.015869140625
0.477,-2.872802734375,-5.475341796875,6.456298828125
0.4775,-4.154052734375,-4.154052734375,6.696533203125
0.478,-5.315185546875,-2.672607421875,6.656494140625
0.4785,-5.915771484375,-1.591552734375,6.456298828125
0.479,-6.115966796875,-0.830810546875,6.336181640625
0.4795,-6.075927734375,0.090087890625,5.735595703125
0.48,-5.795654296875,1.251220703125,4.614501953125
0.4805,-5.595458984375,2.532470703125,3.293212890625
0.481,-5.275146484375,3.773681640625,1.971923828125
0.4815,-5.034912109375,4.494384765625,1.091064453125
0.482,-4.514404296875,5.054931640625,0.290283203125
0.4825,-3.713623046875,5.335205078125,-0.790771484375
0.483,-2.432373046875,5.535400390625,-2.112060546875
0.4835,-1.031005859375,5.615478515625,-3.633544921875
0.484,-0.150146484375,5.695556640625,-4.634521484375
0.4845,0.570556640625,5.815673828125,-5.435302734375
0.485,1.531494140625,5.375244140625,-6.035888671875
0.4855,2.732666015625,4.334228515625,-6.396240234375
0.486,3.973876953125,3.012939453125,-6.596435546875
0.4865,4.934814453125,1.611572265625,-6.436279296875
0.487,5.415283203125,0.810791015625,-6.396240234375
0.4875,5.495361328125,0.130126953125,-6.156005859375
0.488,5.415283203125,-0.790771484375,-5.555419921875
0.4885,5.175048828125,-1.991943359375,-4.474365234375
0.489,4.974853515625,-3.353271484375,-3.153076171875
0.4895,4.654541015625,-4.394287109375,-2.031982421875
0.49,4.494384765625,-5.114990234375,-1.271240234375
0.4905,3.973876953125,-5.555419921875,-0.430419921875
0.491,3.093017578125,-5.795654296875,0.770751953125
0.4915,1.931884765625,-6.075927734375,2.052001953125
0.492,0.610595703125,-6.115966796875,3.453369140625
0.4925,-0.190185546875,-6.356201171875,4.414306640625
0.493,-0.870849609375,-6.436279296875,5.215087890625
0.4935,-1.831787109375,-5.955810546875,5.815673828125
0.494,-3.113037109375,-4.834716796875,6.135986328125
0.4945,-4.314208984375,-3.513427734375,6.256103515625
0.495,-5.155029296875,-2.272216796875,6.216064453125
0.4955,-5.595458984375,-1.591552734375,6.256103515625
0.496,-5.675537109375,-0.870849609375,5.895751953125
0.4965,-5.595458984375,0.130126953125,5.135009765625
0.497,-5.435302734375,1.251220703125,4.174072265625
0.4975,-5.275146484375,2.572509765625,2.852783203125
0.498,-5.074951171875,3.533447265625,1.971923828125
0.4985,-4.834716796875,4.294189453125,1.211181640625
0.499,-4.314208984375,4.734619140625,0.370361328125
0.4995,-3.313232421875,5.014892578125,-0.910888671875
0.5,-2.112060546875,5.295166015625,-2.312255859375
0.5005,-1.031005859375,5.415283203125,-3.513427734375
0.501,-0.390380859375,5.735595703125,-4.474365234375
0.5015,0.490478515625,5.695556640625,-5.235107421875
0.502,1.571533203125,4.974853515625,-5.755615234375
0.5025,2.812744140625,3.893798828125,-6.115966796875
0.503,3.973876953125,2.532470703125,-6.236083984375
0.5035,4.694580078125,1.571533203125,-6.236083984375
0.504,5.094970703125,0.890869140625,-6.236083984375
0.5045,5.135009765625,0.050048828125,-5.915771484375
0.505,5.094970703125,-0.990966796875,-5.074951171875
0.5055,4.974853515625,-2.232177734375,-3.993896484375
0.506,4.814697265625,-3.393310546875,-2.792724609375
0.5065,4.614501953125,-4.314208984375,-1.951904296875
0.507,4.414306640625,-4.994873046875,-1.231201171875
0.5075,3.693603515625,-5.395263671875,-0.270263671875
0.508,2.692626953125,-5.715576171875,1.091064453125
0.5085,1.411376953125,-5.875732421875,2.492431640625
0.509,0.610595703125,-6.115966796875,3.573486328125
0.5095,-0.190185546875,-6.396240234375,4.494384765625
0.51,-1.071044921875,-6.115966796875,5.215087890625
0.5105,-2.272216796875,-5.275146484375,5.695556640625
0.511,-3.473388671875,-4.154052734375,5.975830078125
0.5115,-4.514404296875,-2.872802734375,5.975830078125
0.512,-5.074951171875,-2.072021484375,6.055908203125
0.5125,-5.355224609375,-1.431396484375,5.935791015625
0.513,-5.395263671875,-0.630615234375,5.455322265625
0.5135,-5.315185546875,0.490478515625,4.534423828125
0.514,-5.155029296875,1.851806640625,3.453369140625
0.5145,-4.994873046875,2.892822265625,2.412353515625
0.515,-4.874755859375,3.733642578125,1.691650390625
0.5155,-4.514404296875,4.254150390625,0.930908203125
0.516,-3.753662109375,4.614501953125,-0.230224609375
0.5165,-2.752685546875,5.054931640625,-1.511474609375
0.517,-1.591552734375,5.175048828125,-2.792724609375
0.5175,-0.870849609375,5.455322265625,-3.793701171875
0.518,-0.190185546875,5.655517578125,-4.674560546875
0.5185,0.890869140625,5.295166015625,-5.315185546875
0.519,2.092041015625,4.374267578125,-5.755615234375
0.5195,3.333251953125,3.133056640625,-6.035888671875
0.52,4.214111328125,1.971923828125,-6.075927734375
0.5205,4.774658203125,1.291259765625,-6.236083984375
0.521,4.974853515625,0.610595703125,-5.955810546875
0.5215,4.974853515625,-0.390380859375,-5.435302734375
0.522,4.934814453125,-1.471435546875,-4.474365234375
0.5225,4.774658203125,-2.752685546875,-3.313232421875
0.523,4.614501953125,-3.753662109375,-2.392333984375
0.5235,4.534423828125,-4.554443359375,-1.671630859375
0.524,4.053955078125,-5.074951171875,-0.830810546875
0.5245,3.173095703125,-5.435302734375,0.450439453125
0.525,2.052001953125,-5.755615234375,1.811767578125
0.5255,1.010986328125,-5.955810546875,3.012939453125
0.526,0.370361328125,-6.316162109375,4.013916015625
0.5265,-0.590576171875,-6.276123046875,4.814697265625
0.527,-1.671630859375,-5.635498046875,5.415283203125
0.5275,-2.952880859375,-4.634521484375,5.815673828125
0.528,-4.114013671875,-3.273193359375,5.975830078125
0.5285,-4.874755859375,-2.392333984375,6.015869140625
0.529,-5.275146484375,-1.711669921875,6.055908203125
0.5295,-5.435302734375,-0.990966796875,5.655517578125
0.53,-5.315185546875,0.130126953125,4.854736328125
0.5305,-5.275146484375,1.371337890625,3.853759765625
0.531,-5.114990234375,2.572509765625,2.732666015625
0.5315,-4.994873046875,3.493408203125,1.931884765625
0.532,-4.674560546875,4.134033203125,1.131103515625
0.5325,-4.033935546875,4.534423828125,0.250244140625
0.533,-3.072998046875,4.934814453125,-1.151123046875
0.5335,-1.871826171875,5.175048828125,-2.552490234375
0.534,-0.990966796875,5.415283203125,-3.593505859375
0.5345,-0.350341796875,5.695556640625,-4.514404296875
0.535,0.650634765625,5.415283203125,-5.275146484375
0.5355,1.891845703125,4.574462890625,-5.755615234375
0.536,3.133056640625,3.413330078125,-6.115966796875
0.5365,4.174072265625,2.092041015625,-6.115966796875
0.537,4.774658203125,1.331298828125,-6.196044921875
0.5375,5.014892578125,0.610595703125,-6.115966796875
0.538,5.094970703125,-0.270263671875,-5.595458984375
0.5385,4.974853515625,-1.351318359375,-4.674560546875
0.539,4.894775390625,-2.712646484375,-3.473388671875
0.5395,4.694580078125,-3.793701171875,-2.432373046875
0.54,4.574462890625,-4.634521484375,-1.631591796875
0.5405,4.134033203125,-5.155029296875,-0.790771484375
0.541,3.253173828125,-5.515380859375,0.410400390625
0.5415,2.172119140625,-5.875732421875,1.771728515625
0.542,0.970947265625,-6.035888671875,3.133056640625
0.5425,0.250244140625,-6.316162109375,4.134033203125
0.543,-0.630615234375,-6.396240234375,4.974853515625
0.5435,-1.631591796875,-5.915771484375,5.655517578125
0.544,-2.952880859375,-4.754638671875,6.055908203125
0.5445,-4.234130859375,-3.433349609375,6.216064453125
0.545,-5.074951171875,-2.272216796875,6.135986328125
0.5455,-5.555419921875,-1.591552734375,6.135986328125
0.546,-5.635498046875,-0.750732421875,5.775634765625
0.5465,-5.515380859375,0.290283203125,4.974853515625
0.547,-5.435302734375,1.571533203125,3.893798828125
0.5475,-5.195068359375,2.892822265625,2.652587890625
0.548,-5.034912109375,3.813720703125,1.691650390625
0.5485,-4.754638671875,4.494384765625,0.930908203125
0.549,-4.114013671875,4.854736328125,0.050048828125
0.5495,-3.032958984375,5.094970703125,-1.271240234375
0.55,-1.751708984375,5.415283203125,-2.792724609375
0.5505,-0.710693359375,5.495361328125,-3.953857421875
0.551,0.010009765625,5.735595703125,-4.874755859375
0.5515,0.930908203125,5.535400390625,-5.595458984375
0.552,2.092041015625,4.654541015625,-6.075927734375
0.5525,3.373291015625,3.413330078125,-6.396240234375
0.553,4.494384765625,1.971923828125,-6.396240234375
0.5535,5.094970703125,1.010986328125,-6.396240234375
0.554,5.415283203125,0.410400390625,-6.276123046875
0.5545,5.375244140625,-0.550537109375,-5.715576171875
0.555,5.215087890625,-1.671630859375,-4.674560546875
0.5555,5.094970703125,-3.032958984375,-3.393310546875
0.556,4.814697265625,-4.194091796875,-2.232177734375
0.5565,4.614501953125,-4.994873046875,-1.351318359375
0.557,4.134033203125,-5.555419921875,-0.590576171875
0.5575,3.293212890625,-5.835693359375,0.610595703125
0.558,2.052001953125,-6.115966796875,2.011962890625
0.5585,0.730712890625,-6.276123046875,3.493408203125
0.559,-0.190185546875,-6.436279296875,4.494384765625
0.5595,-0.910888671875,-6.516357421875,5.335205078125
0.56,-1.951904296875,-6.035888671875,6.015869140625
0.5605,-3.273193359375,-4.914794921875,6.416259765625
0.561,-4.554443359375,-3.553466796875,6.616455078125
0.5615,-5.515380859375,-2.152099609375,6.456298828125
0.562,-5.955810546875,-1.271240234375,6.416259765625
0.5625,-6.035888671875,-0.510498046875,6.055908203125
0.563,-5.915771484375,0.570556640625,5.255126953125
0.5635,-5.715576171875,1.851806640625,4.013916015625
0.564,-5.475341796875,3.293212890625,2.612548828125
0.5645,-5.155029296875,4.294189453125,1.451416015625
0.565,-4.874755859375,4.974853515625,0.690673828125
0.5655,-4.154052734375,5.335205078125,-0.310302734375
0.566,-3.032958984375,5.535400390625,-1.591552734375
0.5665,-1.631591796875,5.775634765625,-3.193115234375
0.567,-0.350341796875,5.775634765625,-4.514404296875
0.5675,0.450439453125,5.895751953125,-5.395263671875
0.568,1.251220703125,5.775634765625,-6.115966796875
0.5685,2.412353515625,4.934814453125,-6.636474609375
0.569,3.853759765625,3.533447265625,-6.916748046875
0.5695,5.054931640625,1.931884765625,-6.996826171875
0.57,5.735595703125,0.770751953125,-6.716552734375
0.5705,5.935791015625,0.010009765625,-6.556396484375
0.571,5.895751953125,-0.990966796875,-5.915771484375
0.5715,5.695556640625,-2.112060546875,-4.834716796875
0.572,5.415283203125,-3.553466796875,-3.393310546875
0.5725,5.094970703125,-4.834716796875,-1.991943359375
0.573,4.694580078125,-5.635498046875,-0.990966796875
0.5735,4.254150390625,-6.156005859375,-0.150146484375
0.574,3.333251953125,-6.436279296875,0.970947265625
0.5745,1.931884765625,-6.556396484375,2.452392578125
0.575,0.410400390625,-6.676513671875,4.093994140625
0.5755,-0.750732421875,-6.596435546875,5.135009765625
0.576,-1.431396484375,-6.676513671875,5.975830078125
0.5765,-2.392333984375,-6.196044921875,6.576416015625
0.577,-3.713623046875,-5.034912109375,6.976806640625
0.5775,-5.034912109375,-3.553466796875,7.056884765625
0.578,-6.075927734375,-1.951904296875,6.936767578125
0.5785,-6.476318359375,-0.910888671875,6.616455078125
0.579,-6.556396484375,0.010009765625,6.256103515625
0.5795,-6.356201171875,0.930908203125,5.455322265625
0.58,-5.995849609375,2.212158203125,4.093994140625
0.5805,-5.715576171875,3.613525390625,2.612548828125
0.581,-5.275146484375,4.734619140625,1.291259765625
0.5815,-4.834716796875,5.375244140625,0.450439453125
0.582,-4.154052734375,5.735595703125,-0.550537109375
0.5825,-3.153076171875,5.855712890625,-1.671630859375
0.583,-1.631591796875,5.975830078125,-3.193115234375
0.5835,-0.190185546875,5.975830078125,-4.714599609375
0.584,0.730712890625,5.935791015625,-5.635498046875
0.5845,1.411376953125,5.895751953125,-6.316162109375
0.585,2.412353515625,5.175048828125,-6.796630859375
0.5855,3.773681640625,3.813720703125,-7.076904296875
0.586,5.014892578125,2.412353515625,-7.156982421875
0.5865,5.815673828125,0.930908203125,-6.876708984375
0.587,6.135986328125,0.090087890625,-6.676513671875
0.5875,6.095947265625,-0.790771484375,-6.196044921875
0.588,5.895751953125,-1.791748046875,-5.315185546875
0.5885,5.535400390625,-3.072998046875,-3.913818359375
0.589,5.215087890625,-4.514404296875,-2.432373046875
0.5895,4.814697265625,-5.475341796875,-1.271240234375
0.59,4.454345703125,-6.115966796875,-0.470458984375
0.5905,3.693603515625,-6.396240234375,0.570556640625
0.591,2.492431640625,-6.476318359375,1.851806640625
0.5915,1.010986328125,-6.636474609375,3.413330078125
0.592,-0.430419921875,-6.596435546875,4.734619140625
0.5925,-1.151123046875,-6.716552734375,5.575439453125
0.593,-1.871826171875,-6.556396484375,6.256103515625
0.5935,-3.032958984375,-5.755615234375,6.736572265625
0.594,-4.354248046875,-4.274169921875,6.976806640625
0.5945,-5.635498046875,-2.712646484375,6.976806640625
0.595,-6.276123046875,-1.431396484375,6.696533203125
0.5955,-6.476318359375,-0.670654296875,6.536376953125
0.596,-6.396240234375,0.290283203125,5.895751953125
0.5965,-6.115966796875,1.411376953125,4.814697265625
0.597,-5.835693359375,2.772705078125,3.453369140625
0.5975,-5.475341796875,4.134033203125,1.931884765625
0.598,-5.114990234375,4.974853515625,0.970947265625
0.5985,-4.634521484375,5.455322265625,0.130126953125
0.599,-3.833740234375,5.735595703125,-0.950927734375
0.5995,-2.432373046875,5.855712890625,-2.352294921875
0.6,-0.990966796875,6.015869140625,-3.993896484375
0.6005,0.290283203125,5.895751953125,-5.114990234375
0.601,0.930908203125,6.015869140625,-5.915771484375
0.6015,1.771728515625,5.615478515625,-6.556396484375
0.602,3.093017578125,4.534423828125,-6.996826171875
0.6025,4.454345703125,3.093017578125,-7.116943359375
0.603,5.535400390625,1.531494140625,-7.036865234375
0.6035,6.055908203125,0.490478515625,-6.796630859375
0.604,6.176025390625,-0.390380859375,-6.556396484375
0.6045,6.015869140625,-1.311279296875,-5.755615234375
0.605,5.735595703125,-2.592529296875,-4.514404296875
0.6055,5.415283203125,-4.073974609375,-2.992919921875
0.606,5.014892578125,-5.235107421875,-1.631591796875
0.6065,4.694580078125,-5.955810546875,-0.710693359375
0.607,4.013916015625,-6.396240234375,0.290283203125
0.6075,2.972900390625,-6.596435546875,1.411376953125
0.608,1.531494140625,-6.716552734375,3.012939453125
0.6085,0.010009765625,-6.716552734375,4.534423828125
0.609,-1.031005859375,-6.716552734375,5.495361328125
0.6095,-1.711669921875,-6.716552734375,6.216064453125
0.61,-2.832763671875,-5.955810546875,6.776611328125
0.6105,-4.194091796875,-4.554443359375,7.056884765625
0.611,-5.435302734375,-3.072998046875,7.096923828125
0.6115,-6.276123046875,-1.591552734375,6.856689453125
0.612,-6.596435546875,-0.670654296875,6.576416015625
0.6125,-6.556396484375,0.210205078125,6.095947265625
0.613,-6.276123046875,1.211181640625,5.135009765625
0.6135,-5.915771484375,2.532470703125,3.773681640625
0.614,-5.595458984375,3.973876953125,2.172119140625
0.6145,-5.155029296875,4.894775390625,1.010986328125
0.615,-4.714599609375,5.455322265625,0.210205078125
0.6155,-3.913818359375,5.735595703125,-0.790771484375
0.616,-2.712646484375,5.815673828125,-2.031982421875
0.6165,-1.271240234375,5.935791015625,-3.633544921875
0.617,0.170166015625,5.815673828125,-4.914794921875
0.6175,0.810791015625,5.895751953125,-5.715576171875
0.618,1.571533203125,5.775634765625,-6.396240234375
0.6185,2.612548828125,4.974853515625,-6.796630859375
0.619,3.973876953125,3.533447265625,-6.996826171875
0.6195,5.135009765625,1.971923828125,-6.956787109375
0.62,5.775634765625,0.770751953125,-6.716552734375
0.6205,6.015869140625,0.050048828125,-6.556396484375
0.621,5.895751953125,-0.830810546875,-5.995849609375
0.6215,5.615478515625,-1.911865234375,-4.994873046875
0.622,5.335205078125,-3.193115234375,-3.633544921875
0.6225,5.014892578125,-4.514404296875,-2.232177734375
0.623,4.654541015625,-5.395263671875,-1.231201171875
0.6235,4.334228515625,-5.915771484375,-0.470458984375
0.624,3.533447265625,-6.236083984375,0.610595703125
0.6245,2.292236328125,-6.396240234375,1.891845703125
0.625,0.850830078125,-6.556396484375,3.453369140625
0.6255,-0.390380859375,-6.516357421875,4.614501953125
0.626,-0.990966796875,-6.636474609375,5.455322265625
0.6265,-1.831787109375,-6.396240234375,6.135986328125
0.627,-3.032958984375,-5.395263671875,6.536376953125
0.6275,-4.354248046875,-4.033935546875,6.736572265625
0.628,-5.435302734375,-2.552490234375,6.696533203125
0.6285,-6.035888671875,-1.471435546875,6.536376953125
0.629,-6.236083984375,-0.790771484375,6.336181640625
0.6295,-6.115966796875,0.170166015625,5.735595703125
0.63,-5.835693359375,1.291259765625,4.614501953125
0.6305,-5.635498046875,2.692626953125,3.253173828125
0.631,-5.315185546875,3.893798828125,1.931884765625
0.6315,-5.074951171875,4.654541015625,1.091064453125
0.632,-4.514404296875,5.175048828125,0.250244140625
0.6325,-3.633544921875,5.375244140625,-0.910888671875
0.633,-2.392333984375,5.575439453125,-2.232177734375
0.6335,-0.990966796875,5.615478515625,-3.793701171875
0.634,0.050048828125,5.735595703125,-4.834716796875
0.6345,0.650634765625,5.895751953125,-5.595458984375
0.635,1.611572265625,5.415283203125,-6.196044921875
0.6355,2.892822265625,4.334228515625,-6.556396484375
0.636,4.134033203125,2.892822265625,-6.716552734375
0.6365,5.094970703125,1.571533203125,-6.556396484375
0.637,5.535400390625,0.690673828125,-6.476318359375
0.6375,5.615478515625,0.010009765625,-6.196044921875
0.638,5.495361328125,-0.990966796875,-5.475341796875
0.6385,5.255126953125,-2.192138671875,-4.354248046875
0.639,5.054931640625,-3.553466796875,-2.952880859375
0.6395,4.734619140625,-4.554443359375,-1.871826171875
0.64,4.494384765625,-5.275146484375,-1.071044921875
0.6405,3.893798828125,-5.755615234375,-0.270263671875
0.641,2.932861328125,-5.995849609375,0.970947265625
0.6415,1.651611328125,-6.236083984375,2.412353515625
0.642,0.410400390625,-6.196044921875,3.693603515625
0.6425,-0.390380859375,-6.396240234375,4.614501953125
0.643,-1.111083984375,-6.396240234375,5.415283203125
0.6435,-2.072021484375,-5.835693359375,5.975830078125
0.644,-3.353271484375,-4.634521484375,6.256103515625
0.6445,-4.554443359375,-3.233154296875,6.376220703125
0.645,-5.315185546875,-2.072021484375,6.256103515625
0.6455,-5.715576171875,-1.391357421875,6.256103515625
0.646,-5.755615234375,-0.630615234375,5.815673828125
0.6465,-5.595458984375,0.370361328125,5.054931640625
0.647,-5.435302734375,1.531494140625,3.973876953125
0.6475,-5.195068359375,2.852783203125,2.692626953125
0.648,-4.994873046875,3.773681640625,1.771728515625
0.6485,-4.754638671875,4.374267578125,0.970947265625
0.649,-4.154052734375,4.814697265625,0.170166015625
0.6495,-3.193115234375,5.054931640625,-1.111083984375
0.65,-1.951904296875,5.335205078125,-2.512451171875
0.6505,-0.870849609375,5.415283203125,-3.673583984375
0.651,-0.270263671875,5.735595703125,-4.594482421875
0.6515,0.610595703125,5.615478515625,-5.315185546875
0.652,1.731689453125,4.894775390625,-5.795654296875
0.6525,2.932861328125,3.813720703125,-6.115966796875
0.653,4.093994140625,2.452392578125,-6.236083984375
0.6535,4.774658203125,1.531494140625,-6.236083984375
0.654,5.094970703125,0.890869140625,-6.236083984375
0.6545,5.175048828125,0.130126953125,-5.835693359375
0.655,5.094970703125,-0.950927734375,-5.074951171875
0.6555,4.934814453125,-2.192138671875,-3.913818359375
0.656,4.774658203125,-3.393310546875,-2.752685546875
0.6565,4.614501953125,-4.354248046875,-1.951904296875
0.657,4.334228515625,-4.994873046875,-1.231201171875
0.6575,3.693603515625,-5.435302734375,-0.270263671875
0.658,2.732666015625,-5.715576171875,1.051025390625
0.6585,1.411376953125,-5.915771484375,2.492431640625
0.659,0.610595703125,-6.115966796875,3.533447265625
0.6595,-0.150146484375,-6.396240234375,4.454345703125
0.66,-1.031005859375,-6.156005859375,5.175048828125
0.6605,-2.192138671875,-5.275146484375,5.655517578125
0.661,-3.473388671875,-4.154052734375,5.935791015625
0.6615,-4.474365234375,-2.872802734375,5.975830078125
0.662,-5.074951171875,-2.112060546875,6.095947265625
0.6625,-5.355224609375,-1.431396484375,5.935791015625
0.663,-5.395263671875,-0.670654296875,5.455322265625
0.6635,-5.275146484375,0.450439453125,4.614501953125
0.664,-5.195068359375,1.771728515625,3.493408203125
0.6645,-5.034912109375,2.812744140625,2.492431640625
0.665,-4.914794921875,3.573486328125,1.731689453125
0.6655,-4.554443359375,4.134033203125,0.970947265625
0.666,-3.753662109375,4.614501953125,-0.150146484375
0.6665,-2.752685546875,4.974853515625,-1.431396484375
0.667,-1.631591796875,5.135009765625,-2.712646484375
0.6675,-0.910888671875,5.495361328125,-3.753662109375
0.668,-0.230224609375,5.615478515625,-4.634521484375
0.6685,0.810791015625,5.295166015625,-5.275146484375
0.669,2.011962890625,4.414306640625,-5.755615234375
0.6695,3.333251953125,3.133056640625,-5.955810546875
0.67,4.174072265625,2.052001953125,-6.075927734375
0.6705,4.734619140625,1.371337890625,-6.196044921875
0.671,4.934814453125,0.650634765625,-5.955810546875
0.6715,4.934814453125,-0.350341796875,-5.355224609375
0.672,4.894775390625,-1.431396484375,-4.474365234375
0.6725,4.814697265625,-2.752685546875,-3.353271484375
0.673,4.654541015625,-3.793701171875,-2.432373046875
0.6735,4.494384765625,-4.554443359375,-1.711669921875
0.674,4.053955078125,-5.034912109375,-0.870849609375
0.6745,3.173095703125,-5.435302734375,0.410400390625
0.675,2.052001953125,-5.755615234375,1.811767578125
0.6755,1.010986328125,-5.955810546875,3.012939453125
0.676,0.330322265625,-6.316162109375,4.013916015625
0.6765,-0.630615234375,-6.276123046875,4.854736328125
0.677,-1.671630859375,-5.635498046875,5.415283203125
0.6775,-2.912841796875,-4.594482421875,5.775634765625
0.678,-4.154052734375,-3.233154296875,5.935791015625
0.6785,-4.874755859375,-2.272216796875,6.015869140625
0.679,-5.275146484375,-1.631591796875,6.055908203125
0.6795,-5.395263671875,-0.910888671875,5.655517578125
0.68,-5.275146484375,0.210205078125,4.814697265625
0.6805,-5.275146484375,1.411376953125,3.813720703125
0.681,-5.114990234375,2.612548828125,2.612548828125
0.6815,-4.994873046875,3.493408203125,1.851806640625
0.682,-4.634521484375,4.134033203125,1.091064453125
0.6825,-3.993896484375,4.574462890625,0.170166015625
0.683,-3.032958984375,4.934814453125,-1.151123046875
0.6835,-1.791748046875,5.175048828125,-2.592529296875
0.684,-0.990966796875,5.415283203125,-3.673583984375
0.6845,-0.310302734375,5.695556640625,-4.594482421875
0.685,0.690673828125,5.375244140625,-5.275146484375
0.6855,1.931884765625,4.494384765625,-5.755615234375
0.686,3.173095703125,3.293212890625,-6.115966796875
0.6865,4.214111328125,2.052001953125,-6.115966796875
0.687,4.774658203125,1.291259765625,-6.196044921875
0.6875,5.054931640625,0.610595703125,-6.035888671875
0.688,5.054931640625,-0.310302734375,-5.515380859375
0.6885,4.934814453125,-1.471435546875,-4.594482421875
0.689,4.814697265625,-2.832763671875,-3.353271484375
0.6895,4.614501953125,-3.873779296875,-2.392333984375
0.69,4.534423828125,-4.634521484375,-1.591552734375
0.6905,4.093994140625,-5.155029296875,-0.790771484375
0.691,3.173095703125,-5.475341796875,0.410400390625
0.6915,2.132080078125,-5.835693359375,1.771728515625
0.692,0.930908203125,-5.995849609375,3.093017578125
0.6925,0.250244140625,-6.276123046875,4.093994140625
0.693,-0.630615234375,-6.356201171875,4.934814453125
0.6935,-1.631591796875,-5.835693359375,5.575439453125
0.694,-2.952880859375,-4.754638671875,5.935791015625
0.6945,-4.194091796875,-3.393310546875,6.095947265625
0.695,-5.034912109375,-2.272216796875,6.095947265625
0.6955,-5.435302734375,-1.591552734375,6.135986328125
0.696,-5.555419921875,-0.830810546875,5.775634765625
0.6965,-5.435302734375,0.210205078125,4.974853515625
0.697,-5.395263671875,1.331298828125,3.973876953125
0.6975,-5.195068359375,2.692626953125,2.692626953125
0.698,-4.994873046875,3.653564453125,1.811767578125
0.6985,-4.754638671875,4.334228515625,1.010986328125
0.699,-4.154052734375,4.774658203125,0.210205078125
0.6995,-3.072998046875,4.974853515625,-1.151123046875
0.7,-1.871826171875,5.295166015625,-2.592529296875
0.7005,-0.830810546875,5.455322265625,-3.793701171875
0.701,-0.230224609375,5.735595703125,-4.674560546875
0.7015,0.770751953125,5.495361328125,-5.435302734375
0.702,1.931884765625,4.734619140625,-5.915771484375
0.7025,3.173095703125,3.533447265625,-6.276123046875
0.703,4.414306640625,2.132080078125,-6.316162109375
0.7035,5.014892578125,1.211181640625,-6.356201171875
0.704,5.295166015625,0.490478515625,-6.196044921875
0.7045,5.295166015625,-0.470458984375,-5.715576171875
0.705,5.135009765625,-1.511474609375,-4.754638671875
0.7055,4.974853515625,-2.872802734375,-3.553466796875
0.706,4.814697265625,-3.993896484375,-2.312255859375
0.7065,4.614501953125,-4.834716796875,-1.471435546875
0.707,4.174072265625,-5.395263671875,-0.670654296875
0.7075,3.333251953125,-5.715576171875,0.450439453125
0.708,2.212158203125,-5.995849609375,1.811767578125
0.7085,0.850830078125,-6.115966796875,3.293212890625
0.709,0.050048828125,-6.356201171875,4.334228515625
0.7095,-0.750732421875,-6.476318359375,5.175048828125
0.71,-1.751708984375,-5.995849609375,5.815673828125
0.7105,-3.072998046875,-4.914794921875,6.256103515625
0.711,-4.394287109375,-3.553466796875,6.456298828125
0.7115,-5.355224609375,-2.192138671875,6.376220703125
0.712,-5.795654296875,-1.351318359375,6.336181640625
0.7125,-5.915771484375,-0.670654296875,6.015869140625
0.713,-5.795654296875,0.370361328125,5.255126953125
0.7135,-5.635498046875,1.611572265625,4.013916015625
0.714,-5.435302734375,3.093017578125,2.692626953125
0.7145,-5.155029296875,4.134033203125,1.571533203125
0.715,-4.874755859375,4.814697265625,0.770751953125
0.7155,-4.154052734375,5.175048828125,-0.230224609375
0.716,-3.072998046875,5.415283203125,-1.431396484375
0.7165,-1.751708984375,5.655517578125,-2.992919921875
0.717,-0.510498046875,5.735595703125,-4.314208984375
0.7175,0.330322265625,5.895751953125,-5.235107421875
0.718,1.131103515625,5.735595703125,-5.955810546875
0.7185,2.252197265625,4.974853515625,-6.476318359375
0.719,3.653564453125,3.573486328125,-6.756591796875
0.7195,4.934814453125,2.052001953125,-6.836669921875
0.72,5.575439453125,0.850830078125,-6.636474609375
0.7205,5.815673828125,0.090087890625,-6.476318359375
0.721,5.775634765625,-0.910888671875,-5.875732421875
0.7215,5.535400390625,-2.031982421875,-4.834716796875
0.722,5.295166015625,-3.353271484375,-3.433349609375
0.7225,5.014892578125,-4.674560546875,-2.031982421875
0.723,4.614501953125,-5.515380859375,-1.031005859375
0.7235,4.214111328125,-6.035888671875,-0.270263671875
0.724,3.333251953125,-6.276123046875,0.890869140625
0.7245,1.931884765625,-6.396240234375,2.292236328125
0.725,0.490478515625,-6.516357421875,3.893798828125
0.7255,-0.630615234375,-6.556396484375,4.974853515625
0.726,-1.271240234375,-6.636474609375,5.775634765625
0.7265,-2.232177734375,-6.156005859375,6.376220703125
0.727,-3.553466796875,-4.994873046875,6.776611328125
0.7275,-4.834716796875,-3.553466796875,6.896728515625
0.728,-5.875732421875,-2.031982421875,6.776611328125
0.7285,-6.356201171875,-1.031005859375,6.536376953125
0.729,-6.396240234375,-0.310302734375,6.216064453125
0.7295,-6.276123046875,0.690673828125,5.415283203125
0.73,-5.915771484375,1.971923828125,4.134033203125
0.7305,-5.635498046875,3.413330078125,2.692626953125
0.731,-5.235107421875,4.534423828125,1.371337890625
0.7315,-4.874755859375,5.215087890625,0.530517578125
0.732,-4.234130859375,5.575439453125,-0.430419921875
0.7325,-3.193115234375,5.735595703125,-1.551513671875
0.733,-1.751708984375,5.895751953125,-3.072998046875
0.7335,-0.310302734375,5.895751953125,-4.514404296875
0.734,0.610595703125,5.895751953125,-5.475341796875
0.7345,1.251220703125,5.895751953125,-6.156005859375
0.735,2.292236328125,5.215087890625,-6.716552734375
0.7355,3.653564453125,3.893798828125,-6.996826171875
0.736,4.894775390625,2.412353515625,-7.076904296875
0.7365,5.735595703125,0.970947265625,-6.876708984375
0.737,6.095947265625,0.050048828125,-6.716552734375
0.7375,6.055908203125,-0.790771484375,-6.236083984375
0.738,5.815673828125,-1.751708984375,-5.315185546875
0.7385,5.495361328125,-3.072998046875,-3.953857421875
0.739,5.175048828125,-4.514404296875,-2.432373046875
0.7395,4.814697265625,-5.435302734375,-1.271240234375
0.74,4.494384765625,-6.075927734375,-0.470458984375
0.7405,3.693603515625,-6.356201171875,0.610595703125
0.741,2.412353515625,-6.476318359375,1.891845703125
0.7415,0.970947265625,-6.636474609375,3.493408203125
0.742,-0.470458984375,-6.596435546875,4.814697265625
0.7425,-1.151123046875,-6.676513671875,5.655517578125
0.743,-1.951904296875,-6.476318359375,6.336181640625
0.7435,-3.072998046875,-5.635498046875,6.776611328125
0.744,-4.434326171875,-4.154052734375,6.976806640625
0.7445,-5.635498046875,-2.632568359375,6.936767578125
0.745,-6.316162109375,-1.311279296875,6.696533203125
0.7455,-6.516357421875,-0.630615234375,6.456298828125
0.746,-6.396240234375,0.410400390625,5.815673828125
0.7465,-6.115966796875,1.571533203125,4.654541015625
0.747,-5.795654296875,2.892822265625,3.253173828125
0.7475,-5.435302734375,4.254150390625,1.811767578125
0.748,-5.074951171875,5.054931640625,0.810791015625
0.7485,-4.594482421875,5.575439453125,0.010009765625
0.749,-3.713623046875,5.775634765625,-1.071044921875
0.7495,-2.272216796875,5.895751953125,-2.512451171875
0.75,-0.790771484375,6.015869140625,-4.154052734375
0.7505,0.410400390625,5.895751953125,-5.275146484375
0.751,1.010986328125,6.055908203125,-6.075927734375
0.7515,1.931884765625,5.575439453125,-6.676513671875
0.752,3.213134765625,4.454345703125,-6.996826171875
0.7525,4.494384765625,2.892822265625,-7.156982421875
0.753,5.615478515625,1.331298828125,-7.036865234375
0.7535,6.055908203125,0.290283203125,-6.796630859375
0.754,6.176025390625,-0.510498046875,-6.476318359375
0.7545,6.015869140625,-1.391357421875,-5.755615234375
0.755,5.695556640625,-2.672607421875,-4.434326171875
0.7555,5.415283203125,-4.154052734375,-2.872802734375
0.756,4.974853515625,-5.315185546875,-1.551513671875
0.7565,4.614501953125,-6.035888671875,-0.630615234375
0.757,3.973876953125,-6.436279296875,0.330322265625
0.7575,2.892822265625,-6.596435546875,1.531494140625
0.758,1.411376953125,-6.716552734375,3.052978515625
0.7585,-0.190185546875,-6.716552734375,4.614501953125
0.759,-1.071044921875,-6.716552734375,5.575439453125
0.7595,-1.751708984375,-6.716552734375,6.296142578125
0.76,-2.832763671875,-5.955810546875,6.816650390625
0.7605,-4.194091796875,-4.634521484375,7.096923828125
0.761,-5.475341796875,-3.072998046875,7.136962890625
0.7615,-6.356201171875,-1.591552734375,6.856689453125
0.762,-6.596435546875,-0.670654296875,6.656494140625
0.7625,-6.556396484375,0.250244140625,6.095947265625
0.763,-6.276123046875,1.251220703125,5.135009765625
0.7635,-5.915771484375,2.532470703125,3.733642578125
0.764,-5.595458984375,4.053955078125,2.132080078125
0.7645,-5.155029296875,4.974853515625,0.970947265625
0.765,-4.754638671875,5.575439453125,0.130126953125
0.7655,-3.913818359375,5.775634765625,-0.830810546875
0.766,-2.672607421875,5.895751953125,-2.112060546875
0.7665,-1.231201171875,6.015869140625,-3.713623046875
0.767,0.250244140625,5.895751953125,-4.994873046875
0.7675,0.930908203125,5.975830078125,-5.795654296875
0.768,1.611572265625,5.775634765625,-6.436279296875
0.7685,2.692626953125,4.934814453125,-6.876708984375
0.769,4.053955078125,3.453369140625,-7.076904296875
0.7695,5.215087890625,1.851806640625,-7.036865234375
0.77,5.895751953125,0.650634765625,-6.716552734375
0.7705,6.095947265625,-0.190185546875,-6.556396484375
0.771,5.975830078125,-0.990966796875,-5.955810546875
0.7715,5.655517578125,-2.031982421875,-4.874755859375
0.772,5.375244140625,-3.353271484375,-3.553466796875
0.7725,5.014892578125,-4.634521484375,-2.112060546875
0.773,4.614501953125,-5.475341796875,-1.111083984375
0.7735,4.254150390625,-6.035888671875,-0.310302734375
0.774,3.453369140625,-6.276123046875,0.690673828125
0.7745,2.172119140625,-6.396240234375,2.052001953125
0.775,0.650634765625,-6.476318359375,3.613525390625
0.7755,-0.510498046875,-6.436279296875,4.734619140625
0.776,-1.151123046875,-6.596435546875,5.575439453125
0.7765,-1.951904296875,-6.356201171875,6.216064453125
0.777,-3.153076171875,-5.355224609375,6.536376953125
0.7775,-4.434326171875,-3.993896484375,6.696533203125
0.778,-5.515380859375,-2.432373046875,6.696533203125
0.7785,-6.075927734375,-1.391357421875,6.536376953125
0.779,-6.276123046875,-0.670654296875,6.336181640625
0.7795,-6.115966796875,0.250244140625,5.695556640625
0.78,-5.835693359375,1.331298828125,4.614501953125
0.7805,-5.595458984375,2.732666015625,3.173095703125
0.781,-5.275146484375,3.973876953125,1.891845703125
0.7815,-5.034912109375,4.734619140625,1.010986328125
0.782,-4.514404296875,5.215087890625,0.210205078125
0.7825,-3.593505859375,5.415283203125,-0.910888671875
0.783,-2.352294921875,5.615478515625,-2.312255859375
0.7835,-0.910888671875,5.695556640625,-3.833740234375
0.784,0.090087890625,5.775634765625,-4.834716796875
0.7845,0.730712890625,5.895751953125,-5.635498046875
0.785,1.651611328125,5.415283203125,-6.196044921875
0.7855,2.892822265625,4.214111328125,-6.556396484375
0.786,4.174072265625,2.892822265625,-6.716552734375
0.7865,5.094970703125,1.531494140625,-6.556396484375
0.787,5.575439453125,0.650634765625,-6.516357421875
0.7875,5.695556640625,-0.150146484375,-6.236083984375
0.788,5.535400390625,-1.031005859375,-5.475341796875
0.7885,5.295166015625,-2.232177734375,-4.314208984375
0.789,5.054931640625,-3.593505859375,-2.912841796875
0.7895,4.734619140625,-4.634521484375,-1.791748046875
0.79,4.494384765625,-5.355224609375,-0.990966796875
0.7905,3.893798828125,-5.755615234375,-0.190185546875
0.791,2.932861328125,-5.955810546875,1.010986328125
0.7915,1.651611328125,-6.156005859375,2.492431640625
0.792,0.370361328125,-6.196044921875,3.813720703125
0.7925,-0.470458984375,-6.436279296875,4.734619140625
0.793,-1.151123046875,-6.436279296875,5.495361328125
0.7935,-2.192138671875,-5.875732421875,6.015869140625
0.794,-3.433349609375,-4.594482421875,6.296142578125
0.7945,-4.634521484375,-3.193115234375,6.416259765625
0.795,-5.435302734375,-1.991943359375,6.296142578125
0.7955,-5.755615234375,-1.311279296875,6.256103515625
0.796,-5.755615234375,-0.590576171875,5.815673828125
0.7965,-5.635498046875,0.450439453125,5.014892578125
0.797,-5.435302734375,1.611572265625,3.893798828125
0.7975,-5.195068359375,2.932861328125,2.612548828125
0.798,-4.994873046875,3.853759765625,1.651611328125
0.7985,-4.714599609375,4.494384765625,0.930908203125
0.799,-4.154052734375,4.894775390625,0.090087890625
0.7995,-3.072998046875,5.094970703125,-1.191162109375
0.8,-1.831787109375,5.335205078125,-2.632568359375
0.8005,-0.790771484375,5.415283203125,-3.833740234375
0.801,-0.150146484375,5.735595703125,-4.714599609375
0.8015,0.730712890625,5.575439453125,-5.475341796875
0.802,1.811767578125,4.854736328125,-5.915771484375
0.8025,3.052978515625,3.733642578125,-6.236083984375
0.803,4.174072265625,2.372314453125,-6.276123046875
0.8035,4.854736328125,1.411376953125,-6.276123046875
0.804,5.215087890625,0.690673828125,-6.276123046875
0.8045,5.255126953125,0.010009765625,-5.835693359375
0.805,5.094970703125,-1.111083984375,-4.994873046875
0.8055,5.014892578125,-2.352294921875,-3.873779296875
0.806,4.814697265625,-3.553466796875,-2.672607421875
0.8065,4.614501953125,-4.474365234375,-1.871826171875
0.807,4.334228515625,-5.114990234375,-1.071044921875
0.8075,3.613525390625,-5.475341796875,0.010009765625
0.808,2.612548828125,-5.795654296875,1.251220703125
0.8085,1.291259765625,-5.995849609375,2.652587890625
0.809,0.450439453125,-6.236083984375,3.733642578125
0.8095,-0.350341796875,-6.476318359375,4.614501953125
0.81,-1.271240234375,-6.115966796875,5.375244140625
0.8105,-2.392333984375,-5.235107421875,5.775634765625
0.811,-3.633544921875,-4.033935546875,6.055908203125
0.8115,-4.674560546875,-2.712646484375,6.055908203125
0.812,-5.235107421875,-1.951904296875,6.095947265625
0.8125,-5.475341796875,-1.271240234375,5.935791015625
0.813,-5.475341796875,-0.470458984375,5.415283203125
0.8135,-5.355224609375,0.690673828125,4.534423828125
0.814,-5.195068359375,2.011962890625,3.333251953125
0.8145,-5.034912109375,3.052978515625,2.292236328125
0.815,-4.874755859375,3.853759765625,1.571533203125
0.8155,-4.474365234375,4.414306640625,0.770751953125
0.816,-3.633544921875,4.734619140625,-0.390380859375
0.8165,-2.592529296875,5.054931640625,-1.711669921875
0.817,-1.431396484375,5.175048828125,-2.952880859375
0.8175,-0.790771484375,5.455322265625,-3.993896484375
0.818,0.090087890625,5.615478515625,-4.834716796875
0.8185,1.010986328125,5.255126953125,-5.435302734375
0.819,2.212158203125,4.214111328125,-5.795654296875
0.8195,3.453369140625,2.972900390625,-6.035888671875
0.82,4.334228515625,1.931884765625,-6.075927734375
0.8205,4.814697265625,1.251220703125,-6.156005859375
0.821,4.974853515625,0.530517578125,-5.915771484375
0.8215,4.934814453125,-0.470458984375,-5.315185546875
0.822,4.894775390625,-1.551513671875,-4.394287109375
0.8225,4.734619140625,-2.832763671875,-3.193115234375
0.823,4.614501953125,-3.793701171875,-2.312255859375
0.8235,4.494384765625,-4.554443359375,-1.591552734375
0.824,3.973876953125,-5.114990234375,-0.790771484375
0.8245,3.133056640625,-5.475341796875,0.450439453125
0.825,1.971923828125,-5.795654296875,1.811767578125
0.8255,0.970947265625,-6.035888671875,3.012939453125
0.826,0.290283203125,-6.276123046875,4.013916015625
0.8265,-0.630615234375,-6.276123046875,4.814697265625
0.827,-1.671630859375,-5.635498046875,5.415283203125
0.8275,-2.872802734375,-4.594482421875,5.775634765625
0.828,-4.033935546875,-3.313232421875,5.895751953125
0.8285,-4.834716796875,-2.352294921875,6.015869140625
0.829,-5.195068359375,-1.751708984375,6.015869140625
0.8295,-5.315185546875,-0.990966796875,5.695556640625
0.83,-5.275146484375,0.050048828125,4.934814453125
0.8305,-5.235107421875,1.291259765625,3.893798828125
0.831,-5.074951171875,2.452392578125,2.772705078125
0.8315,-4.994873046875,3.373291015625,2.011962890625
0.832,-4.674560546875,4.013916015625,1.211181640625
0.8325,-4.073974609375,4.454345703125,0.330322265625
0.833,-3.153076171875,4.814697265625,-0.990966796875
0.8335,-1.951904296875,5.054931640625,-2.392333984375
0.834,-1.151123046875,5.415283203125,-3.513427734375
0.8345,-0.470458984375,5.655517578125,-4.394287109375
0.835,0.570556640625,5.415283203125,-5.155029296875
0.8355,1.731689453125,4.574462890625,-5.635498046875
0.836,3.012939453125,3.453369140625,-5.955810546875
0.8365,4.013916015625,2.252197265625,-6.075927734375
0.837,4.654541015625,1.451416015625,-6.156005859375
0.8375,4.974853515625,0.770751953125,-6.075927734375
0.838,4.974853515625,-0.150146484375,-5.555419921875
0.8385,4.934814453125,-1.231201171875,-4.674560546875
0.839,4.814697265625,-2.552490234375,-3.553466796875
0.8395,4.654541015625,-3.633544921875,-2.512451171875
0.84,4.534423828125,-4.474365234375,-1.751708984375
0.8405,4.134033203125,-5.074951171875,-0.950927734375
0.841,3.293212890625,-5.435302734375,0.250244140625
0.8415,2.252197265625,-5.795654296875,1.571533203125
0.842,1.091064453125,-5.915771484375,2.932861328125
0.8425,0.370361328125,-6.236083984375,3.933837890625
0.843,-0.510498046875,-6.316162109375,4.814697265625
0.8435,-1.471435546875,-5.835693359375,5.415283203125
0.844,-2.752685546875,-4.834716796875,5.815673828125
0.8445,-4.033935546875,-3.473388671875,6.055908203125
0.845,-4.914794921875,-2.312255859375,6.055908203125
0.8455,-5.395263671875,-1.671630859375,6.095947265625
0.846,-5.475341796875,-0.910888671875,5.735595703125
0.8465,-5.395263671875,0.130126953125,5.014892578125
0.847,-5.315185546875,1.291259765625,3.973876953125
0.8475,-5.155029296875,2.612548828125,2.732666015625
0.848,-4.994873046875,3.573486328125,1.851806640625
0.8485,-4.754638671875,4.254150390625,1.091064453125
0.849,-4.154052734375,4.654541015625,0.250244140625
0.8495,-3.153076171875,4.934814453125,-1.111083984375
0.85,-1.951904296875,5.255126953125,-2.552490234375
0.8505,-0.910888671875,5.415283203125,-3.713623046875
0.851,-0.270263671875,5.695556640625,-4.674560546875
0.8515,0.690673828125,5.495361328125,-5.395263671875
0.852,1.891845703125,4.694580078125,-5.835693359375
0.8525,3.133056640625,3.533447265625,-6.196044921875
0.853,4.334228515625,2.132080078125,-6.276123046875
0.8535,4.974853515625,1.251220703125,-6.276123046875
0.854,5.255126953125,0.530517578125,-6.196044921875
0.8545,5.255126953125,-0.350341796875,-5.715576171875
0.855,5.094970703125,-1.431396484375,-4.754638671875
0.8555,4.974853515625,-2.792724609375,-3.553466796875
0.856,4.774658203125,-3.953857421875,-2.312255859375
0.8565,4.574462890625,-4.834716796875,-1.471435546875
0.857,4.134033203125,-5.395263671875,-0.670654296875
0.8575,3.333251953125,-5.755615234375,0.410400390625
0.858,2.212158203125,-5.955810546875,1.771728515625
0.8585,0.890869140625,-6.115966796875,3.213134765625
0.859,0.050048828125,-6.276123046875,4.254150390625
0.8595,-0.750732421875,-6.396240234375,5.094970703125
0.86,-1.751708984375,-5.955810546875,5.735595703125
0.8605,-2.992919921875,-4.874755859375,6.135986328125
0.861,-4.314208984375,-3.553466796875,6.376220703125
0.8615,-5.195068359375,-2.232177734375,6.256103515625
0.862,-5.715576171875,-1.431396484375,6.256103515625
0.8625,-5.835693359375,-0.670654296875,5.935791015625
0.863,-5.715576171875,0.290283203125,5.215087890625
0.8635,-5.515380859375,1.451416015625,4.134033203125
0.864,-5.355224609375,2.892822265625,2.732666015625
0.8645,-5.074951171875,3.893798828125,1.651611328125
0.865,-4.834716796875,4.614501953125,0.890869140625
0.8655,-4.234130859375,4.974853515625,0.010009765625
0.866,-3.153076171875,5.255126953125,-1.271240234375
0.8665,-1.911865234375,5.575439453125,-2.752685546875
0.867,-0.670654296875,5.615478515625,-4.073974609375
0.8675,0.130126953125,5.815673828125,-5.034912109375
0.868,0.970947265625,5.735595703125,-5.755615234375
0.8685,2.052001953125,5.014892578125,-6.316162109375
0.869,3.413330078125,3.693603515625,-6.596435546875
0.8695,4.694580078125,2.212158203125,-6.716552734375
0.87,5.415283203125,1.010986328125,-6.556396484375
0.8705,5.735595703125,0.250244140625,-6.436279296875
0.871,5.695556640625,-0.630615234375,-5.915771484375
0.8715,5.495361328125,-1.791748046875,-4.874755859375
0.872,5.295166015625,-3.153076171875,-3.553466796875
0.8725,5.014892578125,-4.514404296875,-2.192138671875
0.873,4.694580078125,-5.435302734375,-1.191162109375
0.8735,4.294189453125,-5.995849609375,-0.430419921875
0.874,3.453369140625,-6.196044921875,0.730712890625
0.8745,2.052001953125,-6.356201171875,2.172119140625
0.875,0.610595703125,-6.476318359375,3.853759765625
0.8755,-0.510498046875,-6.556396484375,4.934814453125
0.876,-1.231201171875,-6.636474609375,5.735595703125
0.8765,-2.192138671875,-6.156005859375,6.416259765625
0.877,-3.513427734375,-4.994873046875,6.736572265625
0.8775,-4.834716796875,-3.553466796875,6.896728515625
0.878,-5.875732421875,-1.991943359375,6.776611328125
0.8785,-6.356201171875,-0.990966796875,6.536376953125
0.879,-6.436279296875,-0.190185546875,6.216064453125
0.8795,-6.236083984375,0.850830078125,5.415283203125
0.88,-5.915771484375,2.092041015625,4.053955078125
0.8805,-5.635498046875,3.573486328125,2.572509765625
0.881,-5.275146484375,4.654541015625,1.251220703125
0.8815,-4.874755859375,5.295166015625,0.370361328125
0.882,-4.154052734375,5.695556640625,-0.590576171875
0.8825,-3.072998046875,5.815673828125,-1.671630859375
0.883,-1.591552734375,5.935791015625,-3.273193359375
0.8835,-0.150146484375,5.935791015625,-4.754638671875
0.884,0.770751953125,5.935791015625,-5.635498046875
0.8845,1.451416015625,5.855712890625,-6.396240234375
0.885,2.532470703125,5.094970703125,-6.836669921875
0.8855,3.853759765625,3.733642578125,-7.076904296875
0.886,5.094970703125,2.212158203125,-7.116943359375
0.8865,5.895751953125,0.770751953125,-6.876708984375
0.887,6.216064453125,-0.150146484375,-6.676513671875
0.8875,6.095947265625,-0.990966796875,-6.115966796875
0.888,5.855712890625,-1.951904296875,-5.155029296875
0.8885,5.495361328125,-3.313232421875,-3.753662109375
0.889,5.135009765625,-4.754638671875,-2.232177734375
0.8895,4.734619140625,-5.715576171875,-1.071044921875
0.89,4.374267578125,-6.236083984375,-0.270263671875
0.8905,3.533447265625,-6.436279296875,0.770751953125
0.891,2.252197265625,-6.556396484375,2.052001953125
0.8915,0.770751953125,-6.676513671875,3.653564453125
0.892,-0.630615234375,-6.556396484375,4.894775390625
0.8925,-1.311279296875,-6.636474609375,5.735595703125
0.893,-2.072021484375,-6.436279296875,6.416259765625
0.8935,-3.193115234375,-5.515380859375,6.856689453125
0.894,-4.554443359375,-4.073974609375,7.016845703125
0.8945,-5.755615234375,-2.472412109375,6.976806640625
0.895,-6.356201171875,-1.271240234375,6.696533203125
0.8955,-6.516357421875,-0.510498046875,6.456298828125
0.896,-6.396240234375,0.450439453125,5.815673828125
0.8965,-6.075927734375,1.531494140625,4.654541015625
0.897,-5.755615234375,2.852783203125,3.253173828125
0.8975,-5.435302734375,4.134033203125,1.771728515625
0.898,-5.034912109375,4.974853515625,0.810791015625
0.8985,-4.554443359375,5.495361328125,0.010009765625
0.899,-3.713623046875,5.735595703125,-1.031005859375
0.8995,-2.312255859375,5.815673828125,-2.432373046875
0.9,-0.870849609375,5.935791015625,-3.993896484375
0.9005,0.370361328125,5.895751953125,-5.155029296875
0.901,0.970947265625,6.015869140625,-5.955810546875
0.9015,1.891845703125,5.575439453125,-6.556396484375
0.902,3.133056640625,4.494384765625,-6.916748046875
0.9025,4.414306640625,3.052978515625,-7.076904296875
0.903,5.495361328125,1.491455078125,-6.956787109375
0.9035,6.015869140625,0.450439453125,-6.756591796875
0.904,6.095947265625,-0.390380859375,-6.476318359375
0.9045,5.935791015625,-1.311279296875,-5.755615234375
0.905,5.655517578125,-2.552490234375,-4.514404296875
0.9055,5.335205078125,-4.033935546875,-3.032958984375
0.906,4.974853515625,-5.155029296875,-1.631591796875
0.9065,4.654541015625,-5.915771484375,-0.750732421875
0.907,4.013916015625,-6.356201171875,0.290283203125
0.9075,2.932861328125,-6.516357421875,1.411376953125
0.908,1.531494140625,-6.676513671875,2.932861328125
0.9085,0.010009765625,-6.676513671875,4.494384765625
0.909,-0.990966796875,-6.676513671875,5.455322265625
0.9095,-1.631591796875,-6.676513671875,6.256103515625
0.91,-2.752685546875,-5.955810546875,6.736572265625
0.9105,-4.114013671875,-4.634521484375,7.056884765625
0.911,-5.395263671875,-3.072998046875,7.096923828125
0.9115,-6.276123046875,-1.591552734375,6.856689453125
0.912,-6.556396484375,-0.710693359375,6.656494140625
0.9125,-6.556396484375,0.170166015625,6.095947265625
0.913,-6.316162109375,1.211181640625,5.094970703125
0.9135,-5.995849609375,2.532470703125,3.733642578125
0.914,-5.635498046875,4.013916015625,2.172119140625
0.9145,-5.195068359375,5.014892578125,0.970947265625
0.915,-4.754638671875,5.615478515625,0.130126953125
0.9155,-3.913818359375,5.855712890625,-0.910888671875
0.916,-2.632568359375,5.935791015625,-2.272216796875
0.9165,-1.151123046875,6.095947265625,-3.873779296875
0.917,0.330322265625,5.975830078125,-5.155029296875
0.9175,1.010986328125,6.015869140625,-5.995849609375
0.918,1.771728515625,5.735595703125,-6.636474609375
0.9185,2.932861328125,4.814697265625,-7.036865234375
0.919,4.294189453125,3.333251953125,-7.156982421875
0.9195,5.415283203125,1.731689453125,-7.076904296875
0.92,6.055908203125,0.530517578125,-6.796630859375
0.9205,6.216064453125,-0.390380859375,-6.556396484375
0.921,6.055908203125,-1.231201171875,-5.915771484375
0.9215,5.695556640625,-2.392333984375,-4.754638671875
0.922,5.375244140625,-3.673583984375,-3.313232421875
0.9225,4.974853515625,-4.954833984375,-1.871826171875
0.923,4.614501953125,-5.755615234375,-0.870849609375
0.9235,4.134033203125,-6.276123046875,0.010009765625
0.924,3.253173828125,-6.436279296875,0.970947265625
0.9245,1.931884765625,-6.516357421875,2.332275390625
0.925,0.410400390625,-6.516357421875,3.893798828125
0.9255,-0.790771484375,-6.476318359375,5.014892578125
0.926,-1.391357421875,-6.596435546875,5.815673828125
0.9265,-2.232177734375,-6.236083984375,6.416259765625
0.927,-3.473388671875,-5.114990234375,6.696533203125
0.9275,-4.674560546875,-3.753662109375,6.896728515625
0.928,-5.715576171875,-2.232177734375,6.696533203125
0.9285,-6.236083984375,-1.271240234375,6.536376953125
0.929,-6.356201171875,-0.550537109375,6.296142578125
0.9295,-6.196044921875,0.370361328125,5.615478515625
0.93,-5.835693359375,1.571533203125,4.494384765625
0.9305,-5.635498046875,2.932861328125,3.093017578125
0.931,-5.235107421875,4.093994140625,1.771728515625
0.9315,-4.954833984375,4.854736328125,0.850830078125
0.932,-4.434326171875,5.335205078125,0.050048828125
0.9325,-3.513427734375,5.575439453125,-1.071044921875
0.933,-2.232177734375,5.735595703125,-2.472412109375
0.9335,-0.790771484375,5.735595703125,-3.953857421875
0.934,0.210205078125,5.855712890625,-4.994873046875
0.9345,0.850830078125,5.935791015625,-5.795654296875
0.935,1.851806640625,5.415283203125,-6.396240234375
0.9355,3.133056640625,4.254150390625,-6.716552734375
0.936,4.374267578125,2.852783203125,-6.836669921875
0.9365,5.295166015625,1.411376953125,-6.716552734375
0.937,5.735595703125,0.570556640625,-6.636474609375
0.9375,5.775634765625,-0.310302734375,-6.356201171875
0.938,5.655517578125,-1.151123046875,-5.515380859375
0.9385,5.415283203125,-2.392333984375,-4.354248046875
0.939,5.094970703125,-3.793701171875,-2.872802734375
0.9395,4.814697265625,-4.834716796875,-1.711669921875
0.94,4.494384765625,-5.555419921875,-0.910888671875
0.9405,3.893798828125,-5.915771484375,0.130126953125
0.941,2.812744140625,-6.156005859375,1.291259765625
0.9415,1.451416015625,-6.356201171875,2.732666015625
0.942,0.170166015625,-6.356201171875,4.093994140625
0.9425,-0.670654296875,-6.516357421875,5.014892578125
0.943,-1.391357421875,-6.436279296875,5.735595703125
0.9435,-2.432373046875,-5.755615234375,6.256103515625
0.944,-3.753662109375,-4.474365234375,6.536376953125
0.9445,-4.954833984375,-3.032958984375,6.536376953125
0.945,-5.675537109375,-1.791748046875,6.376220703125
0.9455,-5.995849609375,-1.151123046875,6.256103515625
0.946,-5.915771484375,-0.310302734375,5.775634765625
0.9465,-5.715576171875,0.770751953125,4.854736328125
0.947,-5.475341796875,1.971923828125,3.693603515625
0.9475,-5.195068359375,3.253173828125,2.372314453125
0.948,-4.954833984375,4.134033203125,1.411376953125
0.9485,-4.634521484375,4.774658203125,0.610595703125
0.949,-3.953857421875,5.094970703125,-0.350341796875
0.9495,-2.832763671875,5.255126953125,-1.551513671875
0.95,-1.551513671875,5.455322265625,-2.952880859375
0.9505,-0.510498046875,5.495361328125,-4.114013671875
0.951,0.250244140625,5.735595703125,-4.994873046875
0.9515,1.051025390625,5.535400390625,-5.715576171875
0.952,2.092041015625,4.734619140625,-6.115966796875
0.9525,3.333251953125,3.533447265625,-6.356201171875
0.953,4.414306640625,2.132080078125,-6.356201171875
0.9535,5.014892578125,1.171142578125,-6.356201171875
0.954,5.335205078125,0.530517578125,-6.236083984375
0.9545,5.335205078125,-0.310302734375,-5.795654296875
0.955,5.135009765625,-1.311279296875,-4.874755859375
0.9555,4.974853515625,-2.552490234375,-3.713623046875
0.956,4.774658203125,-3.713623046875,-2.552490234375
0.9565,4.614501953125,-4.634521484375,-1.711669921875
0.957,4.294189453125,-5.195068359375,-0.950927734375
0.9575,3.533447265625,-5.595458984375,0.130126953125
0.958,2.492431640625,-5.835693359375,1.331298828125
0.9585,1.211181640625,-5.955810546875,2.732666015625
0.959,0.330322265625,-6.156005859375,3.853759765625
0.9595,-0.430419921875,-6.436279296875,4.734619140625
0.96,-1.311279296875,-6.115966796875,5.415283203125
0.9605,-2.472412109375,-5.275146484375,5.815673828125
0.961,-3.713623046875,-4.073974609375,6.055908203125
0.9615,-4.674560546875,-2.832763671875,6.055908203125
0.962,-5.275146484375,-1.951904296875,6.135986328125
0.9625,-5.515380859375,-1.271240234375,6.015869140625
0.963,-5.515380859375,-0.470458984375,5.455322265625
0.9635,-5.395263671875,0.650634765625,4.574462890625
0.964,-5.235107421875,1.971923828125,3.373291015625
0.9645,-5.074951171875,3.052978515625,2.372314453125
0.965,-4.914794921875,3.853759765625,1.571533203125
0.9655,-4.514404296875,4.414306640625,0.770751953125
0.966,-3.673583984375,4.734619140625,-0.350341796875
0.9665,-2.632568359375,5.094970703125,-1.631591796875
0.967,-1.471435546875,5.255126953125,-2.912841796875
0.9675,-0.790771484375,5.575439453125,-3.953857421875
0.968,0.090087890625,5.655517578125,-4.834716796875
0.9685,1.010986328125,5.215087890625,-5.475341796875
0.969,2.212158203125,4.214111328125,-5.835693359375
0.9695,3.413330078125,2.932861328125,-6.075927734375
0.97,4.294189453125,1.931884765625,-6.075927734375
0.9705,4.814697265625,1.251220703125,-6.196044921875
0.971,5.014892578125,0.530517578125,-5.955810546875
0.9715,4.974853515625,-0.470458984375,-5.315185546875
0.972,4.934814453125,-1.591552734375,-4.434326171875
0.9725,4.774658203125,-2.832763671875,-3.233154296875
0.973,4.614501953125,-3.833740234375,-2.352294921875
0.9735,4.494384765625,-4.594482421875,-1.591552734375
0.974,3.973876953125,-5.114990234375,-0.750732421875
0.9745,3.093017578125,-5.435302734375,0.490478515625
0.975,1.931884765625,-5.755615234375,1.891845703125
0.9755,0.970947265625,-5.955810546875,3.052978515625
0.976,0.290283203125,-6.316162109375,4.093994140625
0.9765,-0.630615234375,-6.276123046875,4.894775390625
0.977,-1.751708984375,-5.635498046875,5.415283203125
0.9775,-2.992919921875,-4.634521484375,5.775634765625
0.978,-4.114013671875,-3.273193359375,5.895751953125
0.9785,-4.834716796875,-2.312255859375,6.015869140625
0.979,-5.275146484375,-1.671630859375,6.055908203125
0.9795,-5.395263671875,-0.910888671875,5.695556640625
0.98,-5.275146484375,0.130126953125,4.934814453125
0.9805,-5.235107421875,1.371337890625,3.853759765625
0.981,-5.074951171875,2.532470703125,2.732666015625
0.9815,-4.994873046875,3.493408203125,1.931884765625
0.982,-4.634521484375,4.134033203125,1.131103515625
0.9825,-4.033935546875,4.534423828125,0.170166015625
0.983,-3.072998046875,4.934814453125,-1.151123046875
0.9835,-1.871826171875,5.135009765625,-2.552490234375
0.984,-1.031005859375,5.415283203125,-3.593505859375
0.9845,-0.310302734375,5.655517578125,-4.554443359375
0.985,0.690673828125,5.375244140625,-5.275146484375
0.9855,1.851806640625,4.494384765625,-5.755615234375
0.986,3.133056640625,3.373291015625,-6.035888671875
0.9865,4.134033203125,2.172119140625,-6.075927734375
0.987,4.734619140625,1.411376953125,-6.236083984375
0.9875,5.014892578125,0.650634765625,-6.075927734375
0.988,5.054931640625,-0.270263671875,-5.555419921875
0.9885,4.934814453125,-1.311279296875,-4.634521484375
0.989,4.814697265625,-2.632568359375,-3.473388671875
0.9895,4.654541015625,-3.713623046875,-2.432373046875
0.99,4.534423828125,-4.554443359375,-1.631591796875
0.9905,4.093994140625,-5.114990234375,-0.790771484375
0.991,3.213134765625,-5.435302734375,0.370361328125
0.9915,2.172119140625,-5.795654296875,1.691650390625
0.992,1.010986328125,-5.915771484375,3.012939453125
0.9925,0.290283203125,-6.276123046875,4.013916015625
0.993,-0.630615234375,-6.356201171875,4.894775390625
0.9935,-1.631591796875,-5.875732421875,5.495361328125
0.994,-2.872802734375,-4.754638671875,5.855712890625
0.9945,-4.114013671875,-3.433349609375,6.055908203125
0.995,-4.914794921875,-2.312255859375,6.015869140625
0.9955,-5.395263671875,-1.631591796875,6.095947265625
0.996,-5.475341796875,-0.910888671875,5.735595703125
0.9965,-5.395263671875,0.170166015625,4.974853515625
0.997,-5.275146484375,1.291259765625,3.973876953125
0.9975,-5.114990234375,2.612548828125,2.772705078125
0.998,-4.954833984375,3.533447265625,1.891845703125
0.9985,-4.714599609375,4.254150390625,1.091064453125
0.999,-4.154052734375,4.694580078125,0.250244140625
0.9995,-3.113037109375,4.974853515625,-1.031005859375
