wavelength,x,y,z
0.0,-5.555419921875,23.552978515625,-18.247802734375
0.0005,-11.521240234375,25.474853515625,-14.364013671875
0.001,-14.884521484375,24.433837890625,-10.079833984375
0.0015,-18.568115234375,24.593994140625,-6.556396484375
0.002,-20.489990234375,22.471923828125,-2.592529296875
0.0025,-23.372802734375,20.109619140625,2.732666015625
0.003,-24.854248046875,16.906494140625,7.537353515625
0.0035,-25.054443359375,12.302001953125,12.342041015625
0.004,-25.134521484375,9.579345703125,15.264892578125
0.0045,-23.693115234375,5.054931640625,18.307861328125
0.005,-21.651123046875,0.810791015625,20.630126953125
0.0055,-19.448974609375,-3.993896484375,23.112548828125
0.006,-16.125732421875,-9.639404296875,25.474853515625
0.0065,-10.880615234375,-13.603271484375,24.153564453125
0.007,-8.278076171875,-16.806396484375,24.674072265625
0.0075,-3.233154296875,-19.048583984375,21.951416015625
0.008,2.052001953125,-21.971435546875,19.749267578125
0.0085,6.656494140625,-23.572998046875,16.826416015625
0.009,12.181884765625,-24.654052734375,12.422119140625
0.0095,15.224853515625,-24.293701171875,9.098876953125
0.01,18.748291015625,-23.572998046875,4.974853515625
0.0105,20.550048828125,-21.611083984375,1.251220703125
0.011,23.232666015625,-19.208740234375,-3.913818359375
0.0115,24.593994140625,-15.845458984375,-8.758544921875
0.012,24.153564453125,-11.240966796875,-12.962646484375
0.0125,24.674072265625,-8.998779296875,-15.765380859375
0.013,22.431884765625,-4.033935546875,-18.568115234375
0.0135,20.790283203125,0.250244140625,-21.130615234375
0.014,18.267822265625,4.974853515625,-23.372802734375
0.0145,14.504150390625,10.500244140625,-25.054443359375
0.015,9.939697265625,13.903564453125,-23.853271484375
0.0155,6.896728515625,17.106689453125,-24.053466796875
0.016,1.811767578125,19.188720703125,-21.090576171875
0.0165,-3.072998046875,22.071533203125,-19.288818359375
0.017,-7.997802734375,23.352783203125,-15.685302734375
0.0175,-12.922607421875,23.953369140625,-11.521240234375
0.018,-15.685302734375,23.833251953125,-8.678466796875
0.0185,-18.928466796875,22.632080078125,-4.234130859375
0.019,-20.970458984375,20.429931640625,0.050048828125
0.0195,-23.292724609375,18.187744140625,4.654541015625
0.02,-24.253662109375,14.343994140625,9.539306640625
0.0205,-23.773193359375,9.979736328125,13.423095703125
0.021,-24.093505859375,7.697509765625,16.105712890625
0.0215,-21.651123046875,2.692626953125,18.628173828125
0.022,-20.009521484375,-1.911865234375,21.631103515625
0.0225,-17.206787109375,-6.436279296875,23.312744140625
0.023,-13.002685546875,-11.641357421875,24.353759765625
0.0235,-9.158935546875,-14.724365234375,23.552978515625
0.024,-5.114990234375,-17.847412109375,22.552001953125
0.0245,-0.350341796875,-19.809326171875,19.869384765625
0.025,4.694580078125,-22.812255859375,17.947509765625
0.0255,9.539306640625,-23.372802734375,13.743408203125
0.026,13.863525390625,-23.693115234375,9.859619140625
0.0265,16.506103515625,-23.693115234375,7.337158203125
0.027,19.589111328125,-21.731201171875,2.252197265625
0.0275,21.711181640625,-19.569091796875,-2.031982421875
0.028,23.512939453125,-16.806396484375,-6.596435546875
0.0285,24.193603515625,-13.042724609375,-11.200927734375
0.029,23.432861328125,-8.998779296875,-14.524169921875
0.0295,23.432861328125,-6.396240234375,-17.166748046875
0.03,20.630126953125,-1.151123046875,-19.609130859375
0.0305,19.228759765625,3.373291015625,-22.692138671875
0.031,15.304931640625,8.137939453125,-23.452880859375
0.0315,11.501220703125,12.582275390625,-24.173583984375
0.032,8.057861328125,15.385009765625,-23.492919921875
0.0325,3.453369140625,18.267822265625,-21.811279296875
0.033,-1.431396484375,20.269775390625,-19.088623046875
0.0335,-6.236083984375,22.952392578125,-17.086669921875
0.034,-10.880615234375,23.112548828125,-12.562255859375
0.0345,-14.564208984375,23.192626953125,-9.038818359375
0.035,-17.086669921875,22.912353515625,-6.396240234375
0.0355,-19.769287109375,20.750244140625,-1.471435546875
0.036,-22.131591796875,18.508056640625,3.173095703125
0.0365,-22.972412109375,15.224853515625,7.337158203125
0.037,-23.733154296875,11.781494140625,11.581298828125
0.0375,-22.932373046875,8.177978515625,14.464111328125
0.038,-22.171630859375,4.814697265625,17.146728515625
0.0385,-19.769287109375,0.170166015625,19.348876953125
0.039,-18.327880859375,-4.634521484375,22.672119140625
0.0395,-13.963623046875,-8.998779296875,22.632080078125
0.04,-10.400146484375,-13.042724609375,23.072509765625
0.0405,-7.517333984375,-15.445068359375,22.552001953125
0.041,-2.152099609375,-18.367919921875,20.149658203125
0.0415,1.971923828125,-20.329833984375,18.067626953125
0.042,7.096923828125,-22.411865234375,15.184814453125
0.0425,11.220947265625,-22.652099609375,11.501220703125
0.043,14.624267578125,-22.411865234375,7.857666015625
0.0435,16.906494140625,-22.091552734375,5.295166015625
0.044,19.509033203125,-19.689208984375,0.330322265625
0.0445,22.031494140625,-17.887451171875,-4.114013671875
0.045,22.071533203125,-13.883544921875,-8.197998046875
0.0455,23.032470703125,-11.000732421875,-12.121826171875
0.046,22.191650390625,-7.717529296875,-14.604248046875
0.0465,21.070556640625,-3.833740234375,-17.366943359375
0.047,18.948486328125,0.570556640625,-19.609130859375
0.0475,17.106689453125,5.455322265625,-22.652099609375
0.048,12.662353515625,9.619384765625,-22.371826171875
0.0485,9.419189453125,13.182861328125,-22.732177734375
0.049,6.416259765625,15.385009765625,-21.891357421875
0.0495,1.131103515625,18.267822265625,-19.569091796875
0.05,-3.193115234375,20.630126953125,-17.647216796875
0.0505,-8.157958984375,21.751220703125,-13.883544921875
0.051,-11.801513671875,22.431884765625,-11.080810546875
0.0515,-15.004638671875,21.911376953125,-7.437255859375
0.052,-17.326904296875,20.990478515625,-4.194091796875
0.0525,-19.609130859375,18.908447265625,0.290283203125
0.053,-22.251708984375,16.706298828125,5.054931640625
0.0535,-21.771240234375,12.502197265625,8.938720703125
0.054,-22.692138671875,9.819580078125,12.502197265625
0.0545,-21.851318359375,6.776611328125,14.744384765625
0.055,-20.209716796875,2.172119140625,17.827392578125
0.0555,-18.447998046875,-1.951904296875,20.029541015625
0.056,-15.565185546875,-7.116943359375,22.391845703125
0.0565,-11.681396484375,-10.880615234375,22.151611328125
0.057,-8.157958984375,-14.364013671875,22.071533203125
0.0575,-4.874755859375,-16.325927734375,20.750244140625
0.058,0.450439453125,-19.088623046875,18.387939453125
0.0585,4.934814453125,-21.490966796875,16.466064453125
0.059,9.659423828125,-21.611083984375,11.821533203125
0.0595,12.942626953125,-22.572021484375,9.739501953125
0.06,15.985595703125,-21.531005859375,5.735595703125
0.0605,18.307861328125,-20.329833984375,2.172119140625
0.061,20.309814453125,-18.007568359375,-2.192138671875
0.0615,22.471923828125,-15.485107421875,-7.076904296875
0.062,21.751220703125,-11.281005859375,-10.520263671875
0.0625,22.471923828125,-8.718505859375,-13.843505859375
0.063,21.070556640625,-5.395263671875,-15.845458984375
0.0635,19.468994140625,-0.790771484375,-18.848388671875
0.064,17.427001953125,3.573486328125,-21.130615234375
0.0645,13.663330078125,8.498291015625,-22.291748046875
0.065,10.620361328125,11.661376953125,-22.451904296875
0.0655,6.816650390625,14.864501953125,-21.811279296875
0.066,3.012939453125,16.906494140625,-19.969482421875
0.0665,-1.631591796875,19.348876953125,-17.967529296875
0.067,-6.476318359375,21.751220703125,-15.525146484375
0.0675,-10.560302734375,21.230712890625,-11.040771484375
0.068,-13.643310546875,22.191650390625,-8.998779296875
0.0685,-16.165771484375,20.870361328125,-5.235107421875
0.069,-18.728271484375,19.348876953125,-1.151123046875
0.0695,-20.489990234375,17.186767578125,2.852783203125
0.07,-21.931396484375,13.983642578125,7.537353515625
0.0705,-21.651123046875,10.540283203125,10.820556640625
0.071,-21.851318359375,7.617431640625,13.943603515625
0.0715,-20.409912109375,4.374267578125,15.745361328125
0.072,-18.888427734375,-0.310302734375,18.868408203125
0.0725,-16.806396484375,-4.794677734375,21.230712890625
0.073,-12.442138671875,-9.279052734375,21.310791015625
0.0735,-10.239990234375,-12.322021484375,22.151611328125
0.074,-5.835693359375,-15.164794921875,20.630126953125
0.0745,-1.871826171875,-17.406982421875,18.988525390625
0.075,2.412353515625,-19.649169921875,17.106689453125
0.0755,7.657470703125,-21.771240234375,14.023681640625
0.076,11.140869140625,-21.130615234375,10.019775390625
0.0765,14.424072265625,-22.131591796875,7.777587890625
0.077,16.746337890625,-20.449951171875,3.853759765625
0.0775,19.509033203125,-18.928466796875,-0.590576171875
0.078,20.990478515625,-16.526123046875,-4.474365234375
0.0785,22.071533203125,-12.922607421875,-9.198974609375
0.079,21.991455078125,-9.999755859375,-12.081787109375
0.0795,21.711181640625,-6.476318359375,-15.364990234375
0.08,19.909423828125,-2.712646484375,-17.406982421875
0.0805,18.508056640625,1.851806640625,-20.449951171875
0.081,15.505126953125,6.696533203125,-22.371826171875
0.0815,11.060791015625,10.860595703125,-22.091552734375
0.082,8.898681640625,13.943603515625,-22.852294921875
0.0825,3.893798828125,16.706298828125,-20.650146484375
0.083,-0.630615234375,19.268798828125,-18.848388671875
0.0835,-4.874755859375,21.270751953125,-16.646240234375
0.084,-10.119873046875,22.592041015625,-12.882568359375
0.0845,-13.363037109375,22.071533203125,-9.198974609375
0.085,-16.686279296875,22.351806640625,-6.156005859375
0.0855,-18.928466796875,20.149658203125,-1.791748046875
0.086,-21.731201171875,18.347900390625,2.892822265625
0.0865,-22.451904296875,15.064697265625,7.056884765625
0.087,-23.092529296875,11.220947265625,11.541259765625
0.0875,-23.012451171875,8.498291015625,14.183837890625
0.088,-21.771240234375,4.093994140625,17.427001953125
0.0885,-19.609130859375,-0.350341796875,19.669189453125
0.089,-17.847412109375,-4.874755859375,22.351806640625
0.0895,-14.083740234375,-9.879638671875,23.512939453125
0.09,-9.559326171875,-13.523193359375,22.712158203125
0.0905,-6.916748046875,-16.365966796875,22.992431640625
0.091,-1.271240234375,-19.088623046875,20.069580078125
0.0915,3.493408203125,-21.651123046875,18.027587890625
0.092,7.977783203125,-22.772216796875,14.744384765625
0.0925,12.662353515625,-23.693115234375,11.020751953125
0.093,15.665283203125,-22.932373046875,7.377197265625
0.0935,18.908447265625,-22.291748046875,3.533447265625
0.094,20.990478515625,-19.769287109375,-1.151123046875
0.0945,23.673095703125,-17.647216796875,-5.955810546875
0.095,23.512939453125,-13.683349609375,-9.839599609375
0.0955,23.713134765625,-9.799560546875,-13.963623046875
0.096,23.472900390625,-7.317138671875,-16.365966796875
0.0965,21.350830078125,-2.112060546875,-19.448974609375
0.097,19.228759765625,2.252197265625,-21.611083984375
0.0975,16.506103515625,7.096923828125,-23.773193359375
0.098,12.622314453125,11.541259765625,-24.213623046875
0.0985,8.218017578125,14.984619140625,-23.252685546875
0.099,5.215087890625,17.627197265625,-22.852294921875
0.0995,-0.630615234375,20.189697265625,-19.689208984375
0.1,-5.275146484375,22.792236328125,-17.847412109375
0.1005,-9.959716796875,23.032470703125,-13.443115234375
0.101,-13.883544921875,23.793212890625,-10.400146484375
0.1015,-16.726318359375,22.952392578125,-6.756591796875
0.102,-19.689208984375,21.751220703125,-2.592529296875
0.1025,-21.611083984375,19.028564453125,2.092041015625
0.103,-23.933349609375,16.626220703125,6.896728515625
0.1035,-23.532958984375,12.502197265625,10.660400390625
0.104,-23.532958984375,8.818603515625,14.384033203125
0.1045,-23.092529296875,6.216064453125,16.626220703125
0.105,-20.770263671875,0.890869140625,19.549072265625
0.1055,-18.848388671875,-3.553466796875,22.031494140625
0.106,-15.364990234375,-8.318115234375,23.352783203125
0.1065,-11.801513671875,-12.362060546875,23.833251953125
0.107,-7.717529296875,-15.525146484375,22.872314453125
0.1075,-3.793701171875,-18.087646484375,21.510986328125
0.108,1.371337890625,-20.369873046875,18.828369140625
0.1085,6.296142578125,-23.212646484375,16.826416015625
0.109,10.740478515625,-22.732177734375,11.981689453125
0.1095,14.384033203125,-23.412841796875,9.098876953125
0.11,17.026611328125,-22.732177734375,5.815673828125
0.1105,19.989501953125,-21.010498046875,1.131103515625
0.111,21.911376953125,-18.528076171875,-3.353271484375
0.1115,23.673095703125,-15.525146484375,-8.157958984375
0.112,23.552978515625,-11.841552734375,-11.841552734375
0.1125,23.152587890625,-8.157958984375,-15.204833984375
0.113,22.471923828125,-5.275146484375,-17.366943359375
0.1135,20.069580078125,0.170166015625,-20.409912109375
0.114,18.267822265625,4.934814453125,-23.292724609375
0.1145,13.663330078125,9.619384765625,-23.372802734375
0.115,10.860595703125,13.343017578125,-24.253662109375
0.1155,6.576416015625,16.345947265625,-22.972412109375
0.116,2.052001953125,19.028564453125,-21.170654296875
0.1165,-2.872802734375,21.190673828125,-18.568115234375
0.117,-8.278076171875,24.033447265625,-16.045654296875
0.1175,-12.241943359375,23.032470703125,-11.240966796875
0.118,-15.965576171875,23.713134765625,-8.318115234375
0.1185,-18.367919921875,22.471923828125,-4.674560546875
0.119,-21.370849609375,20.469970703125,0.410400390625
0.1195,-23.172607421875,17.787353515625,4.934814453125
0.12,-24.293701171875,14.023681640625,9.899658203125
0.1205,-24.213623046875,10.620361328125,13.222900390625
0.121,-23.572998046875,6.576416015625,16.666259765625
0.1215,-22.171630859375,3.052978515625,18.868408203125
0.122,-19.769287109375,-2.392333984375,21.871337890625
0.1225,-17.487060546875,-7.517333984375,24.634033203125
0.123,-12.121826171875,-12.121826171875,23.873291015625
0.1235,-9.639404296875,-15.405029296875,24.634033203125
0.124,-4.554443359375,-18.327880859375,22.552001953125
0.1245,0.370361328125,-21.090576171875,20.510009765625
0.125,5.255126953125,-23.052490234375,17.667236328125
0.1255,10.980712890625,-25.134521484375,14.143798828125
0.126,14.544189453125,-24.053466796875,9.619384765625
0.1265,18.267822265625,-24.373779296875,6.256103515625
0.127,20.590087890625,-22.331787109375,1.931884765625
0.1275,23.472900390625,-20.169677734375,-3.193115234375
0.128,24.954345703125,-16.966552734375,-7.957763671875
0.1285,25.314697265625,-12.562255859375,-12.802490234375
0.129,25.034423828125,-9.559326171875,-15.685302734375
0.1295,23.833251953125,-4.914794921875,-19.168701171875
0.13,21.711181640625,-0.550537109375,-21.330810546875
0.1305,19.348876953125,4.534423828125,-24.013427734375
0.131,15.945556640625,10.139892578125,-26.135498046875
0.1315,10.460205078125,14.263916015625,-24.774169921875
0.132,7.857666015625,17.386962890625,-25.294677734375
0.1325,2.292236328125,20.069580078125,-22.451904296875
0.133,-2.912841796875,22.872314453125,-20.169677734375
0.1335,-7.557373046875,24.353759765625,-17.126708984375
0.134,-13.162841796875,25.594970703125,-12.802490234375
0.1345,-16.245849609375,24.513916015625,-8.838623046875
0.135,-19.889404296875,24.113525390625,-4.794677734375
0.1355,-21.851318359375,21.711181640625,-0.470458984375
0.136,-24.533935546875,19.348876953125,4.774658203125
0.1365,-25.374755859375,15.625244140625,9.339111328125
0.137,-25.214599609375,10.940673828125,13.903564453125
0.1375,-25.174560546875,8.338134765625,16.506103515625
0.138,-23.172607421875,3.253173828125,19.669189453125
0.1385,-21.010498046875,-1.271240234375,21.991455078125
0.139,-18.608154296875,-5.915771484375,24.233642578125
0.1395,-14.764404296875,-11.441162109375,25.875244140625
0.14,-9.639404296875,-14.924560546875,24.193603515625
0.1405,-6.716552734375,-18.047607421875,24.393798828125
0.141,-1.111083984375,-20.369873046875,21.190673828125
0.1415,3.973876953125,-23.212646484375,19.148681640625
0.142,8.618408203125,-24.213623046875,15.545166015625
0.1425,13.743408203125,-25.014404296875,11.301025390625
0.143,16.506103515625,-24.333740234375,7.977783203125
0.1435,19.989501953125,-23.292724609375,3.453369140625
0.144,21.871337890625,-20.930419921875,-0.830810546875
0.1445,24.433837890625,-18.648193359375,-5.755615234375
0.145,24.914306640625,-14.684326171875,-10.280029296875
0.1455,24.433837890625,-10.199951171875,-14.404052734375
0.146,24.634033203125,-7.837646484375,-16.926513671875
0.1465,22.071533203125,-2.392333984375,-19.849365234375
0.147,20.349853515625,2.011962890625,-22.451904296875
0.1475,17.427001953125,6.856689453125,-24.333740234375
0.148,13.383056640625,11.901611328125,-25.374755859375
0.1485,8.938720703125,15.144775390625,-24.093505859375
0.149,5.415283203125,18.227783203125,-23.693115234375
0.1495,0.010009765625,20.469970703125,-20.570068359375
0.15,-4.834716796875,23.392822265625,-18.808349609375
0.1505,-9.799560546875,23.953369140625,-14.444091796875
0.151,-14.243896484375,24.433837890625,-10.600341796875
0.1515,-16.966552734375,24.033447265625,-7.637451171875
0.152,-20.209716796875,22.431884765625,-2.752685546875
0.1525,-22.251708984375,19.909423828125,1.771728515625
0.153,-24.453857421875,17.427001953125,6.576416015625
0.1535,-24.814208984375,13.302978515625,11.100830078125
0.154,-24.213623046875,9.058837890625,14.864501953125
0.1545,-24.213623046875,6.536376953125,17.427001953125
0.155,-21.490966796875,1.010986328125,20.229736328125
0.1555,-19.849365234375,-3.713623046875,23.192626953125
0.156,-16.165771484375,-8.598388671875,24.393798828125
0.1565,-12.201904296875,-13.202880859375,25.034423828125
0.157,-8.117919921875,-16.325927734375,24.033447265625
0.1575,-3.553466796875,-19.368896484375,22.552001953125
0.158,1.731689453125,-21.531005859375,19.629150390625
0.1585,6.936767578125,-24.614013671875,17.587158203125
0.159,11.781494140625,-24.373779296875,12.542236328125
0.1595,15.785400390625,-24.694091796875,9.018798828125
0.16,18.468017578125,-24.173583984375,5.895751953125
0.1605,21.671142578125,-22.091552734375,0.530517578125
0.161,23.873291015625,-19.408935546875,-4.434326171875
0.1615,25.354736328125,-16.205810546875,-9.239013671875
0.162,25.594970703125,-12.161865234375,-13.483154296875
0.1625,24.634033203125,-7.917724609375,-16.846435546875
0.163,23.833251953125,-4.594482421875,-19.368896484375
0.1635,21.070556640625,1.131103515625,-22.291748046875
0.164,19.068603515625,6.336181640625,-25.494873046875
0.1645,14.063720703125,11.220947265625,-25.334716796875
0.165,10.620361328125,15.264892578125,-25.935302734375
0.1655,6.416259765625,18.107666015625,-24.614013671875
0.166,1.010986328125,21.190673828125,-22.291748046875
0.1665,-4.114013671875,23.232666015625,-19.368896484375
0.167,-9.879638671875,25.995361328125,-16.526123046875
0.1675,-14.123779296875,25.114501953125,-11.481201171875
0.168,-17.847412109375,25.154541015625,-7.837646484375
0.1685,-20.209716796875,23.953369140625,-4.354248046875
0.169,-23.412841796875,21.430908203125,1.451416015625
0.1695,-25.454833984375,18.548095703125,6.456298828125
0.17,-26.015380859375,14.223876953125,11.421142578125
0.1705,-26.255615234375,10.700439453125,15.184814453125
0.171,-24.854248046875,6.296142578125,18.307861328125
0.1715,-23.412841796875,2.532470703125,20.630126953125
0.172,-20.570068359375,-3.193115234375,23.472900390625
0.1725,-18.247802734375,-8.678466796875,26.595947265625
0.173,-12.442138671875,-13.282958984375,25.314697265625
0.1735,-9.439208984375,-16.926513671875,25.955322265625
0.174,-4.794677734375,-19.408935546875,23.833251953125
0.1745,0.970947265625,-22.451904296875,21.310791015625
0.175,5.775634765625,-24.293701171875,18.387939453125
0.1755,11.821533203125,-26.335693359375,14.504150390625
0.176,15.385009765625,-25.334716796875,10.059814453125
0.1765,19.148681640625,-25.134521484375,6.095947265625
0.177,21.190673828125,-23.412841796875,2.412353515625
0.1775,24.153564453125,-20.730224609375,-3.393310546875
0.178,26.035400390625,-17.647216796875,-8.318115234375
0.1785,25.835205078125,-12.802490234375,-13.082763671875
0.179,26.115478515625,-9.919677734375,-16.285888671875
0.1795,24.353759765625,-5.275146484375,-19.248779296875
0.18,22.471923828125,-0.990966796875,-21.691162109375
0.1805,19.829345703125,4.294189453125,-24.213623046875
0.181,16.746337890625,10.099853515625,-26.936279296875
0.1815,11.180908203125,14.063720703125,-25.294677734375
0.182,8.258056640625,17.547119140625,-25.815185546875
0.1825,3.333251953125,19.709228515625,-23.132568359375
0.183,-2.312255859375,22.832275390625,-20.770263671875
0.1835,-7.116943359375,24.593994140625,-17.767333984375
0.184,-12.962646484375,25.795166015625,-13.242919921875
0.1845,-15.965576171875,25.114501953125,-9.759521484375
0.185,-19.569091796875,24.393798828125,-5.435302734375
0.1855,-21.611083984375,22.391845703125,-1.431396484375
0.186,-24.333740234375,19.869384765625,3.973876953125
0.1865,-25.935302734375,16.385986328125,9.098876953125
0.187,-25.414794921875,11.461181640625,13.623291015625
0.1875,-25.815185546875,8.978759765625,16.506103515625
0.188,-23.693115234375,4.093994140625,19.308837890625
0.1885,-21.771240234375,-0.710693359375,22.111572265625
0.189,-19.208740234375,-5.555419921875,24.433837890625
0.1895,-15.364990234375,-11.481201171875,26.435791015625
0.19,-10.360107421875,-15.004638671875,24.994384765625
0.1905,-7.076904296875,-18.327880859375,25.034423828125
0.191,-1.871826171875,-20.449951171875,21.991455078125
0.1915,3.693603515625,-23.572998046875,19.789306640625
0.192,8.818603515625,-25.094482421875,16.225830078125
0.1925,14.223876953125,-25.695068359375,11.501220703125
0.193,17.106689453125,-25.454833984375,8.498291015625
0.1935,20.590087890625,-24.053466796875,3.533447265625
0.194,22.712158203125,-21.691162109375,-0.950927734375
0.1945,25.234619140625,-19.168701171875,-5.995849609375
0.195,26.395751953125,-15.204833984375,-11.200927734375
0.1955,25.554931640625,-10.239990234375,-15.405029296875
0.196,25.795166015625,-7.837646484375,-18.047607421875
0.1965,23.032470703125,-2.312255859375,-20.810302734375
0.197,21.070556640625,2.652587890625,-23.813232421875
0.1975,17.947509765625,7.657470703125,-25.655029296875
0.198,13.583251953125,13.262939453125,-26.856201171875
0.1985,9.018798828125,16.466064453125,-25.534912109375
0.199,4.974853515625,19.749267578125,-24.734130859375
0.1995,-0.510498046875,21.831298828125,-21.490966796875
0.2,-5.955810546875,24.994384765625,-19.328857421875
0.2005,-11.160888671875,25.594970703125,-14.884521484375
0.201,-15.965576171875,25.835205078125,-10.440185546875
0.2015,-18.568115234375,25.474853515625,-7.597412109375
0.202,-21.931396484375,23.352783203125,-1.991943359375
0.2025,-24.053466796875,20.790283203125,2.772705078125
0.203,-26.175537109375,17.867431640625,7.857666015625
0.2035,-26.776123046875,13.583251953125,12.782470703125
0.204,-25.695068359375,8.818603515625,16.586181640625
0.2045,-25.534912109375,6.135986328125,19.108642578125
0.205,-22.371826171875,0.290283203125,21.831298828125
0.2055,-20.449951171875,-4.754638671875,24.954345703125
0.206,-16.486083984375,-9.799560546875,25.915283203125
0.2065,-12.201904296875,-14.804443359375,26.635986328125
0.207,-7.957763671875,-17.727294921875,25.314697265625
0.2075,-3.072998046875,-20.810302734375,23.552978515625
0.208,2.292236328125,-22.772216796875,20.349853515625
0.2085,7.817626953125,-25.935302734375,17.987548828125
0.209,12.782470703125,-25.695068359375,12.942626953125
0.2095,16.986572265625,-25.855224609375,8.858642578125
0.21,19.509033203125,-25.174560546875,5.895751953125
0.2105,22.712158203125,-22.612060546875,0.130126953125
0.211,24.834228515625,-19.969482421875,-4.754638671875
0.2115,26.275634765625,-16.486083984375,-9.759521484375
0.212,26.635986328125,-12.442138671875,-14.243896484375
0.2125,25.474853515625,-7.997802734375,-17.567138671875
0.213,24.634033203125,-4.754638671875,-20.049560546875
0.2135,21.591064453125,1.051025390625,-22.732177734375
0.214,19.709228515625,6.216064453125,-25.935302734375
0.2145,14.584228515625,11.220947265625,-25.895263671875
0.215,10.900634765625,15.625244140625,-26.575927734375
0.2155,6.896728515625,18.307861328125,-25.254638671875
0.216,1.451416015625,21.310791015625,-22.812255859375
0.2165,-3.713623046875,23.232666015625,-19.809326171875
0.217,-9.359130859375,26.035400390625,-17.006591796875
0.2175,-13.963623046875,25.474853515625,-12.041748046875
0.218,-17.767333984375,25.474853515625,-8.238037109375
0.2185,-20.009521484375,24.433837890625,-4.994873046875
0.219,-23.052490234375,21.791259765625,0.810791015625
0.2195,-25.374755859375,19.068603515625,5.895751953125
0.22,-25.935302734375,14.744384765625,10.820556640625
0.2205,-26.495849609375,11.260986328125,14.864501953125
0.221,-25.214599609375,6.976806640625,17.987548828125
0.2215,-23.773193359375,3.133056640625,20.429931640625
0.222,-20.890380859375,-2.472412109375,23.072509765625
0.2225,-18.728271484375,-7.957763671875,26.395751953125
0.223,-13.122802734375,-12.682373046875,25.474853515625
0.2235,-9.759521484375,-16.606201171875,25.995361328125
0.224,-5.635498046875,-18.968505859375,24.273681640625
0.2245,0.290283203125,-22.131591796875,21.631103515625
0.225,5.295166015625,-24.093505859375,18.628173828125
0.2255,11.180908203125,-26.175537109375,14.824462890625
0.226,15.064697265625,-25.614990234375,10.620361328125
0.2265,18.868408203125,-25.254638671875,6.536376953125
0.227,20.950439453125,-23.693115234375,2.972900390625
0.2275,23.873291015625,-21.010498046875,-2.792724609375
0.228,26.195556640625,-18.087646484375,-8.077880859375
0.2285,25.955322265625,-13.162841796875,-12.802490234375
0.229,26.395751953125,-10.199951171875,-16.325927734375
0.2295,24.834228515625,-5.755615234375,-19.208740234375
0.23,22.912353515625,-1.231201171875,-21.811279296875
0.2305,20.149658203125,4.053955078125,-24.253662109375
0.231,17.026611328125,9.979736328125,-27.096435546875
0.2315,11.541259765625,14.183837890625,-25.775146484375
0.232,8.298095703125,17.787353515625,-26.135498046875
0.2325,3.733642578125,19.869384765625,-23.733154296875
0.233,-2.272216796875,23.112548828125,-21.050537109375
0.2335,-7.317138671875,24.954345703125,-18.047607421875
0.234,-13.162841796875,26.075439453125,-13.322998046875
0.2345,-16.365966796875,25.755126953125,-9.959716796875
0.235,-20.009521484375,24.834228515625,-5.435302734375
0.2355,-22.011474609375,22.752197265625,-1.351318359375
0.236,-24.614013671875,20.029541015625,4.093994140625
0.2365,-26.615966796875,16.626220703125,9.579345703125
0.237,-25.815185546875,11.501220703125,13.943603515625
0.2375,-26.215576171875,8.898681640625,17.026611328125
0.238,-24.093505859375,4.174072265625,19.629150390625
0.2385,-21.931396484375,-0.830810546875,22.471923828125
0.239,-19.248779296875,-5.635498046875,24.553955078125
0.2395,-15.324951171875,-11.641357421875,26.635986328125
0.24,-10.520263671875,-15.084716796875,25.234619140625
0.2405,-6.916748046875,-18.568115234375,25.034423828125
0.241,-2.152099609375,-20.409912109375,22.191650390625
0.2415,3.533447265625,-23.412841796875,19.669189453125
0.242,8.658447265625,-25.014404296875,16.345947265625
0.2425,13.863525390625,-25.254638671875,11.381103515625
0.243,16.786376953125,-25.374755859375,8.698486328125
0.2435,20.069580078125,-23.773193359375,3.893798828125
0.244,22.111572265625,-21.571044921875,-0.430419921875
0.2445,24.313720703125,-18.968505859375,-5.275146484375
0.245,25.915283203125,-15.324951171875,-10.600341796875
0.2455,24.834228515625,-10.520263671875,-14.364013671875
0.246,25.314697265625,-8.037841796875,-17.326904296875
0.2465,22.752197265625,-3.353271484375,-19.529052734375
0.247,20.830322265625,1.611572265625,-22.612060546875
0.2475,17.947509765625,6.376220703125,-24.373779296875
0.248,13.623291015625,11.901611328125,-25.614990234375
0.2485,9.899658203125,14.864501953125,-24.854248046875
0.249,5.615478515625,18.187744140625,-23.853271484375
0.2495,1.171142578125,19.909423828125,-21.250732421875
0.25,-4.073974609375,22.872314453125,-19.008544921875
0.2505,-9.399169921875,24.273681640625,-15.204833984375
0.251,-13.803466796875,24.073486328125,-10.720458984375
0.2515,-16.646240234375,24.593994140625,-8.478271484375
0.252,-19.529052734375,22.431884765625,-3.513427734375
0.2525,-21.811279296875,20.429931640625,0.930908203125
0.253,-23.653076171875,17.747314453125,5.455322265625
0.2535,-25.014404296875,13.903564453125,10.740478515625
0.254,-24.053466796875,9.739501953125,14.023681640625
0.2545,-24.373779296875,7.016845703125,17.106689453125
0.255,-21.771240234375,2.412353515625,19.108642578125
0.2555,-20.169677734375,-2.632568359375,22.471923828125
0.256,-16.766357421875,-7.477294921875,23.913330078125
0.2565,-12.362060546875,-12.562255859375,24.593994140625
0.257,-9.319091796875,-15.405029296875,24.353759765625
0.2575,-4.314208984375,-18.568115234375,22.431884765625
0.258,0.290283203125,-20.449951171875,19.989501953125
0.2585,5.415283203125,-23.332763671875,17.787353515625
0.259,10.780517578125,-24.293701171875,13.423095703125
0.2595,14.704345703125,-23.973388671875,9.299072265625
0.26,17.507080078125,-24.333740234375,7.016845703125
0.2605,20.349853515625,-21.851318359375,1.651611328125
0.261,22.912353515625,-19.809326171875,-3.072998046875
0.2615,24.153564453125,-16.526123046875,-7.637451171875
0.262,25.274658203125,-12.642333984375,-12.682373046875
0.2625,24.273681640625,-8.798583984375,-15.565185546875
0.263,23.793212890625,-5.275146484375,-18.648193359375
0.2635,21.030517578125,-0.350341796875,-20.850341796875
0.264,19.348876953125,4.814697265625,-24.293701171875
0.2645,14.784423828125,9.739501953125,-24.654052734375
0.265,10.660400390625,14.263916015625,-25.054443359375
0.2655,7.697509765625,16.826416015625,-24.654052734375
0.266,1.971923828125,20.029541015625,-22.091552734375
0.2665,-2.912841796875,22.071533203125,-19.368896484375
0.267,-8.197998046875,24.473876953125,-16.646240234375
0.2675,-12.962646484375,24.754150390625,-12.201904296875
0.268,-16.606201171875,24.233642578125,-8.197998046875
0.2685,-19.168701171875,23.833251953125,-5.275146484375
0.269,-21.851318359375,21.110595703125,0.250244140625
0.2695,-24.413818359375,18.748291015625,5.255126953125
0.27,-24.654052734375,14.584228515625,9.699462890625
0.2705,-25.494873046875,11.020751953125,14.143798828125
0.271,-24.333740234375,7.337158203125,16.706298828125
0.2715,-23.092529296875,3.173095703125,19.669189453125
0.272,-20.209716796875,-1.951904296875,21.831298828125
0.2725,-18.247802734375,-7.156982421875,24.994384765625
0.273,-13.202880859375,-11.721435546875,24.553955078125
0.2735,-9.359130859375,-15.765380859375,24.634033203125
0.274,-6.156005859375,-17.927490234375,23.713134765625
0.2745,-0.270263671875,-20.890380859375,20.830322265625
0.275,4.574462890625,-22.892333984375,18.227783203125
0.2755,9.899658203125,-24.373779296875,14.424072265625
0.276,13.943603515625,-24.654052734375,10.780517578125
0.2765,17.306884765625,-23.893310546875,6.696533203125
0.277,19.669189453125,-22.932373046875,3.453369140625
0.2775,22.071533203125,-20.169677734375,-1.831787109375
0.278,24.634033203125,-17.807373046875,-6.796630859375
0.2785,24.113525390625,-13.202880859375,-10.920654296875
0.279,24.794189453125,-9.999755859375,-14.844482421875
0.2795,23.673095703125,-6.636474609375,-17.166748046875
0.28,21.831298828125,-1.991943359375,-20.009521484375
0.2805,19.268798828125,2.652587890625,-22.091552734375
0.281,16.546142578125,8.017822265625,-24.654052734375
0.2815,12.061767578125,12.021728515625,-24.213623046875
0.282,8.298095703125,15.665283203125,-24.053466796875
0.2825,5.054931640625,17.627197265625,-22.732177734375
0.283,-0.630615234375,20.429931640625,-20.009521484375
0.2835,-5.395263671875,22.792236328125,-17.687255859375
0.284,-10.400146484375,23.272705078125,-13.162841796875
0.2845,-13.963623046875,23.953369140625,-10.480224609375
0.285,-16.966552734375,22.992431640625,-6.556396484375
0.2855,-19.368896484375,21.631103515625,-2.832763671875
0.286,-21.490966796875,19.148681640625,1.931884765625
0.2865,-23.853271484375,16.466064453125,7.016845703125
0.287,-23.252685546875,12.021728515625,10.860595703125
0.2875,-23.813232421875,9.098876953125,14.424072265625
0.288,-22.772216796875,6.055908203125,16.466064453125
0.2885,-20.850341796875,0.970947265625,19.549072265625
0.289,-18.648193359375,-3.553466796875,21.871337890625
0.2895,-15.124755859375,-8.798583984375,23.472900390625
0.29,-11.481201171875,-12.362060546875,23.552978515625
0.2905,-7.557373046875,-15.765380859375,22.992431640625
0.291,-3.833740234375,-17.807373046875,21.270751953125
0.2915,1.331298828125,-20.409912109375,18.908447265625
0.292,6.536376953125,-23.012451171875,16.345947265625
0.2925,11.100830078125,-22.692138671875,11.581298828125
0.293,14.504150390625,-23.653076171875,9.218994140625
0.2935,17.266845703125,-22.451904296875,5.335205078125
0.294,19.989501953125,-20.850341796875,1.010986328125
0.2945,21.911376953125,-18.447998046875,-3.473388671875
0.295,23.793212890625,-15.124755859375,-8.678466796875
0.2955,23.272705078125,-11.080810546875,-12.201904296875
0.296,23.472900390625,-8.037841796875,-15.565185546875
0.2965,21.911376953125,-4.674560546875,-17.447021484375
0.297,20.109619140625,0.450439453125,-20.690185546875
0.2975,17.627197265625,5.295166015625,-23.092529296875
0.298,13.142822265625,10.300048828125,-23.572998046875
0.2985,10.340087890625,13.583251953125,-24.013427734375
0.299,5.935791015625,16.706298828125,-22.692138671875
0.2995,1.651611328125,18.908447265625,-20.610107421875
0.3,-3.193115234375,21.270751953125,-18.367919921875
0.3005,-8.758544921875,23.552978515625,-15.124755859375
0.301,-12.642333984375,22.752197265625,-10.560302734375
0.3015,-15.965576171875,23.552978515625,-8.157958984375
0.302,-18.367919921875,21.791259765625,-3.993896484375
0.3025,-21.130615234375,19.869384765625,0.730712890625
0.303,-22.612060546875,17.186767578125,5.014892578125
0.3035,-23.813232421875,13.383056640625,10.059814453125
0.304,-23.372802734375,9.899658203125,13.142822265625
0.3045,-23.052490234375,6.376220703125,16.385986328125
0.305,-21.170654296875,2.692626953125,18.227783203125
0.3055,-19.368896484375,-2.272216796875,21.270751953125
0.306,-16.406005859375,-7.237060546875,23.352783203125
0.3065,-11.601318359375,-11.681396484375,22.912353515625
0.307,-9.319091796875,-14.684326171875,23.673095703125
0.3075,-4.354248046875,-17.406982421875,21.390869140625
0.308,0.170166015625,-19.729248046875,19.348876953125
0.3085,4.534423828125,-21.731201171875,17.066650390625
0.309,10.019775390625,-23.332763671875,13.262939453125
0.3095,13.302978515625,-22.531982421875,9.259033203125
0.31,16.626220703125,-22.972412109375,6.456298828125
0.3105,18.628173828125,-20.930419921875,2.492431640625
0.311,21.390869140625,-19.008544921875,-2.312255859375
0.3115,22.471923828125,-16.045654296875,-6.436279296875
0.312,23.072509765625,-12.121826171875,-11.000732421875
0.3125,23.072509765625,-9.439208984375,-13.763427734375
0.313,21.951416015625,-5.395263671875,-16.766357421875
0.3135,20.149658203125,-1.671630859375,-18.648193359375
0.314,18.387939453125,3.012939453125,-21.490966796875
0.3145,15.064697265625,8.057861328125,-23.212646484375
0.315,10.500244140625,11.821533203125,-22.371826171875
0.3155,8.338134765625,14.784423828125,-23.172607421875
0.316,3.373291015625,17.106689453125,-20.530029296875
0.3165,-1.111083984375,19.669189453125,-18.768310546875
0.317,-5.395263671875,21.270751953125,-16.125732421875
0.3175,-10.440185546875,22.471923828125,-12.362060546875
0.318,-13.322998046875,21.991455078125,-9.158935546875
0.3185,-16.526123046875,21.831298828125,-5.835693359375
0.319,-18.327880859375,19.909423828125,-2.152099609375
0.3195,-21.010498046875,18.067626953125,2.492431640625
0.32,-21.811279296875,14.744384765625,6.696533203125
0.3205,-22.091552734375,10.820556640625,10.900634765625
0.321,-22.572021484375,8.778564453125,13.463134765625
0.3215,-20.890380859375,4.334228515625,16.185791015625
0.322,-19.408935546875,0.610595703125,18.548095703125
0.3225,-17.487060546875,-3.793701171875,20.990478515625
0.323,-13.843505859375,-8.758544921875,22.351806640625
0.3235,-9.839599609375,-12.001708984375,21.510986328125
0.324,-7.197021484375,-14.964599609375,21.791259765625
0.3245,-2.432373046875,-17.126708984375,19.228759765625
0.325,1.931884765625,-19.889404296875,17.787353515625
0.3255,6.456298828125,-20.930419921875,14.384033203125
0.326,10.900634765625,-21.851318359375,10.940673828125
0.3265,13.663330078125,-21.771240234375,8.218017578125
0.327,16.666259765625,-20.970458984375,4.374267578125
0.3275,18.628173828125,-19.008544921875,0.530517578125
0.328,21.070556640625,-17.166748046875,-3.833740234375
0.3285,21.631103515625,-13.643310546875,-8.037841796875
0.329,21.631103515625,-9.959716796875,-11.801513671875
0.3295,21.991455078125,-7.957763671875,-14.283935546875
0.33,19.909423828125,-3.233154296875,-16.806396484375
0.3305,18.708251953125,0.730712890625,-19.529052734375
0.331,15.945556640625,5.295166015625,-21.290771484375
0.3315,12.462158203125,9.739501953125,-22.291748046875
0.332,8.898681640625,12.742431640625,-21.691162109375
0.3325,5.495361328125,15.545166015625,-21.090576171875
0.333,0.970947265625,17.627197265625,-18.688232421875
0.3335,-3.513427734375,20.510009765625,-17.286865234375
0.334,-8.037841796875,20.910400390625,-13.162841796875
0.3345,-11.881591796875,21.591064453125,-10.119873046875
0.335,-14.484130859375,21.631103515625,-7.637451171875
0.3355,-17.326904296875,20.109619140625,-3.313232421875
0.336,-19.368896484375,18.187744140625,0.770751953125
0.3365,-21.210693359375,15.785400390625,4.974853515625
0.337,-21.771240234375,12.302001953125,9.058837890625
0.3375,-21.490966796875,8.818603515625,12.302001953125
0.338,-21.531005859375,6.456298828125,14.824462890625
0.3385,-19.368896484375,1.771728515625,17.306884765625
0.339,-18.247802734375,-2.472412109375,20.429931640625
0.3395,-14.604248046875,-6.996826171875,21.230712890625
0.34,-11.401123046875,-11.040771484375,22.031494140625
0.3405,-8.117919921875,-13.803466796875,21.551025390625
0.341,-3.833740234375,-16.606201171875,20.069580078125
0.3415,0.570556640625,-18.608154296875,17.867431640625
0.342,5.375244140625,-21.410888671875,15.945556640625
0.3425,9.579345703125,-21.290771484375,11.741455078125
0.343,13.182861328125,-21.771240234375,8.618408203125
0.3435,15.665283203125,-21.611083984375,6.095947265625
0.344,18.387939453125,-19.729248046875,1.411376953125
0.3445,20.710205078125,-17.807373046875,-2.952880859375
0.345,21.751220703125,-14.564208984375,-7.237060546875
0.3455,22.351806640625,-11.521240234375,-11.040771484375
0.346,21.791259765625,-7.917724609375,-14.043701171875
0.3465,21.110595703125,-4.754638671875,-16.526123046875
0.347,19.028564453125,-0.190185546875,-19.008544921875
0.3475,17.467041015625,4.694580078125,-22.291748046875
0.348,12.902587890625,8.978759765625,-21.971435546875
0.3485,9.979736328125,12.662353515625,-22.732177734375
0.349,6.656494140625,15.184814453125,-21.851318359375
0.3495,1.691650390625,18.107666015625,-19.889404296875
0.35,-2.632568359375,20.109619140625,-17.647216796875
0.3505,-7.837646484375,22.271728515625,-14.764404296875
0.351,-11.521240234375,22.071533203125,-11.040771484375
0.3515,-15.084716796875,22.151611328125,-7.557373046875
0.352,-17.326904296875,21.310791015625,-4.514404296875
0.3525,-19.929443359375,19.188720703125,0.250244140625
0.353,-22.291748046875,16.946533203125,4.894775390625
0.3535,-22.371826171875,12.822509765625,9.098876953125
0.354,-23.052490234375,10.179931640625,12.542236328125
0.3545,-22.091552734375,6.416259765625,15.385009765625
0.355,-20.810302734375,2.572509765625,17.987548828125
0.3555,-18.688232421875,-1.951904296875,20.349853515625
0.356,-16.526123046875,-7.197021484375,23.392822265625
0.3565,-11.641357421875,-11.040771484375,22.351806640625
0.357,-8.678466796875,-14.564208984375,22.912353515625
0.3575,-4.794677734375,-16.806396484375,21.270751953125
0.358,0.450439453125,-19.729248046875,19.148681640625
0.3585,4.854736328125,-21.691162109375,16.706298828125
0.359,10.179931640625,-22.932373046875,12.742431640625
0.3595,13.302978515625,-22.892333984375,9.619384765625
0.36,16.866455078125,-22.451904296875,5.695556640625
0.3605,18.988525390625,-21.130615234375,2.212158203125
0.361,21.390869140625,-18.848388671875,-2.512451171875
0.3615,23.432861328125,-16.165771484375,-7.397216796875
0.362,22.872314453125,-11.521240234375,-11.401123046875
0.3625,23.512939453125,-9.118896484375,-14.444091796875
0.363,21.951416015625,-4.994873046875,-17.166748046875
0.3635,20.349853515625,-0.590576171875,-19.929443359375
0.364,18.187744140625,3.773681640625,-22.051513671875
0.3645,14.864501953125,9.299072265625,-24.293701171875
0.365,10.460205078125,12.662353515625,-23.172607421875
0.3655,7.096923828125,16.145751953125,-23.332763671875
0.366,2.852783203125,18.187744140625,-21.090576171875
0.3665,-2.352294921875,21.110595703125,-18.928466796875
0.367,-6.956787109375,22.832275390625,-16.205810546875
0.3675,-11.961669921875,23.232666015625,-11.681396484375
0.368,-14.804443359375,23.392822265625,-9.118896484375
0.3685,-18.247802734375,22.231689453125,-4.554443359375
0.369,-20.329833984375,20.429931640625,-0.710693359375
0.3695,-22.451904296875,18.107666015625,3.813720703125
0.37,-24.053466796875,14.864501953125,8.778564453125
0.3705,-23.172607421875,10.260009765625,12.502197265625
0.371,-23.693115234375,7.857666015625,15.545166015625
0.3715,-21.651123046875,3.453369140625,17.947509765625
0.372,-19.969482421875,-1.311279296875,20.990478515625
0.3725,-17.567138671875,-5.555419921875,22.792236328125
0.373,-13.563232421875,-10.920654296875,24.153564453125
0.3735,-9.639404296875,-13.963623046875,23.232666015625
0.374,-5.635498046875,-17.406982421875,22.712158203125
0.3745,-1.151123046875,-19.288818359375,20.149658203125
0.375,3.813720703125,-22.051513671875,18.107666015625
0.3755,8.698486328125,-23.412841796875,14.664306640625
0.376,13.142822265625,-23.292724609375,10.179931640625
0.3765,16.025634765625,-23.693115234375,7.737548828125
0.377,19.188720703125,-21.891357421875,2.852783203125
0.3775,21.390869140625,-19.929443359375,-1.431396484375
0.378,23.072509765625,-17.406982421875,-5.635498046875
0.3785,24.313720703125,-13.843505859375,-10.480224609375
0.379,23.232666015625,-9.479248046875,-13.883544921875
0.3795,23.512939453125,-6.716552734375,-16.966552734375
0.38,20.990478515625,-1.991943359375,-19.168701171875
0.3805,19.468994140625,2.732666015625,-22.291748046875
0.381,16.345947265625,7.297119140625,-23.693115234375
0.3815,12.101806640625,12.181884765625,-24.333740234375
0.382,8.778564453125,15.024658203125,-23.853271484375
0.3825,3.933837890625,18.347900390625,-22.331787109375
0.383,-0.670654296875,20.269775390625,-19.769287109375
0.3835,-5.475341796875,22.952392578125,-17.767333984375
0.384,-10.480224609375,23.753173828125,-13.723388671875
0.3845,-14.404052734375,23.352783203125,-9.439208984375
0.385,-17.326904296875,23.673095703125,-6.916748046875
0.3855,-20.169677734375,21.350830078125,-1.791748046875
0.386,-22.531982421875,19.228759765625,2.852783203125
0.3865,-23.693115234375,16.185791015625,7.056884765625
0.387,-24.614013671875,12.502197265625,11.741455078125
0.3875,-23.532958984375,8.378173828125,14.824462890625
0.388,-23.292724609375,5.054931640625,17.987548828125
0.3885,-20.610107421875,0.210205078125,20.149658203125
0.389,-19.128662109375,-4.674560546875,23.472900390625
0.3895,-15.084716796875,-9.279052734375,24.033447265625
0.39,-10.840576171875,-13.803466796875,24.193603515625
0.3905,-7.757568359375,-16.406005859375,23.833251953125
0.391,-2.112060546875,-19.649169921875,21.430908203125
0.3915,2.572509765625,-21.651123046875,18.908447265625
0.392,7.657470703125,-24.053466796875,16.345947265625
0.3925,12.261962890625,-24.333740234375,12.061767578125
0.393,15.985595703125,-23.773193359375,7.857666015625
0.3935,18.708251953125,-23.653076171875,4.974853515625
0.394,21.470947265625,-20.970458984375,-0.430419921875
0.3945,24.033447265625,-18.728271484375,-5.275146484375
0.395,24.313720703125,-14.764404296875,-9.519287109375
0.3955,25.034423828125,-11.281005859375,-13.843505859375
0.396,23.873291015625,-7.437255859375,-16.526123046875
0.3965,22.792236328125,-3.273193359375,-19.649169921875
0.397,20.069580078125,1.731689453125,-21.851318359375
0.3975,18.307861328125,6.816650390625,-25.214599609375
0.398,13.302978515625,11.341064453125,-24.694091796875
0.3985,9.379150390625,15.385009765625,-24.814208984375
0.399,6.176025390625,17.787353515625,-24.013427734375
0.3995,0.130126953125,20.950439453125,-21.170654296875
0.4,-4.674560546875,23.032470703125,-18.568115234375
0.4005,-9.959716796875,24.674072265625,-15.124755859375
0.401,-13.963623046875,24.754150390625,-11.281005859375
0.4015,-17.567138671875,23.953369140625,-7.036865234375
0.402,-20.009521484375,23.112548828125,-3.673583984375
0.4025,-22.531982421875,20.309814453125,1.771728515625
0.403,-25.174560546875,17.867431640625,6.856689453125
0.4035,-24.614013671875,13.142822265625,11.060791015625
0.404,-25.334716796875,9.979736328125,15.024658203125
0.4045,-23.973388671875,6.216064453125,17.507080078125
0.405,-22.291748046875,1.451416015625,20.630126953125
0.4055,-19.569091796875,-3.433349609375,22.752197265625
0.406,-17.246826171875,-8.878662109375,25.755126953125
0.4065,-12.081787109375,-12.922607421875,24.634033203125
0.407,-8.318115234375,-16.686279296875,24.634033203125
0.4075,-4.634521484375,-18.808349609375,23.072509765625
0.408,1.491455078125,-21.931396484375,20.229736328125
0.4085,6.296142578125,-24.133544921875,17.667236328125
0.409,11.661376953125,-24.814208984375,13.102783203125
0.4095,15.104736328125,-25.134521484375,10.019775390625
0.41,18.588134765625,-23.973388671875,5.495361328125
0.4105,21.070556640625,-22.491943359375,1.611572265625
0.411,23.272705078125,-19.689208984375,-3.473388671875
0.4115,25.755126953125,-16.966552734375,-8.718505859375
0.412,24.634033203125,-11.961669921875,-12.682373046875
0.4125,25.234619140625,-9.078857421875,-16.245849609375
0.413,23.512939453125,-5.114990234375,-18.568115234375
0.4135,21.551025390625,0.130126953125,-21.771240234375
0.414,18.908447265625,4.774658203125,-23.773193359375
0.4145,15.385009765625,10.380126953125,-25.895263671875
0.415,11.020751953125,13.863525390625,-24.974365234375
0.4155,7.056884765625,17.467041015625,-24.533935546875
0.416,2.852783203125,19.468994140625,-22.371826171875
0.4165,-2.832763671875,22.351806640625,-19.729248046875
0.417,-7.837646484375,24.473876953125,-17.006591796875
0.4175,-12.842529296875,24.313720703125,-11.921630859375
0.418,-15.965576171875,24.834228515625,-9.439208984375
0.4185,-19.128662109375,23.192626953125,-4.634521484375
0.419,-21.611083984375,21.470947265625,-0.470458984375
0.4195,-23.492919921875,18.708251953125,4.294189453125
0.42,-25.454833984375,15.505126953125,9.579345703125
0.4205,-24.293701171875,10.780517578125,13.182861328125
0.421,-24.694091796875,7.857666015625,16.586181640625
0.4215,-22.692138671875,3.853759765625,18.628173828125
0.422,-20.850341796875,-1.431396484375,21.951416015625
0.4225,-18.247802734375,-6.075927734375,23.993408203125
0.423,-13.923583984375,-11.441162109375,24.994384765625
0.4235,-10.400146484375,-14.564208984375,24.593994140625
0.424,-5.915771484375,-18.007568359375,23.512939453125
0.4245,-1.391357421875,-20.049560546875,21.110595703125
0.425,3.733642578125,-22.732177734375,18.708251953125
0.4255,9.259033203125,-24.814208984375,15.425048828125
0.426,13.583251953125,-24.053466796875,10.540283203125
0.4265,16.786376953125,-24.694091796875,8.097900390625
0.427,19.709228515625,-22.692138671875,3.173095703125
0.4275,22.391845703125,-20.810302734375,-1.471435546875
0.428,24.033447265625,-18.087646484375,-5.915771484375
0.4285,25.514892578125,-14.283935546875,-11.240966796875
0.429,24.473876953125,-10.039794921875,-14.484130859375
0.4295,24.473876953125,-6.756591796875,-17.887451171875
0.43,22.071533203125,-2.312255859375,-19.889404296875
0.4305,20.309814453125,2.852783203125,-23.252685546875
0.431,17.066650390625,7.937744140625,-25.054443359375
0.4315,12.261962890625,12.942626953125,-25.254638671875
0.432,9.259033203125,15.865478515625,-25.134521484375
0.4325,3.973876953125,19.228759765625,-23.252685546875
0.433,-0.950927734375,21.430908203125,-20.690185546875
0.4335,-5.795654296875,23.833251953125,-18.367919921875
0.434,-11.441162109375,25.314697265625,-14.283935546875
0.4345,-15.324951171875,24.433837890625,-9.639404296875
0.435,-18.447998046875,24.834228515625,-6.916748046875
0.4355,-21.250732421875,22.271728515625,-1.591552734375
0.436,-24.013427734375,20.109619140625,3.453369140625
0.4365,-25.054443359375,16.826416015625,7.817626953125
0.437,-26.095458984375,12.742431640625,13.022705078125
0.4375,-25.014404296875,8.778564453125,15.945556640625
0.438,-24.413818359375,4.814697265625,19.388916015625
0.4385,-21.611083984375,-0.150146484375,21.470947265625
0.439,-19.809326171875,-5.315185546875,24.834228515625
0.4395,-15.685302734375,-10.320068359375,25.675048828125
0.44,-10.760498046875,-14.964599609375,25.354736328125
0.4405,-7.957763671875,-17.687255859375,25.274658203125
0.441,-1.791748046875,-21.010498046875,22.391845703125
0.4415,3.213134765625,-23.172607421875,19.709228515625
0.442,8.338134765625,-25.254638671875,16.826416015625
0.4425,13.463134765625,-25.935302734375,12.502197265625
0.443,17.146728515625,-24.934326171875,7.897705078125
0.4435,20.189697265625,-24.814208984375,4.814697265625
0.444,22.792236328125,-21.811279296875,-0.830810546875
0.4445,25.594970703125,-19.489013671875,-6.035888671875
0.445,25.715087890625,-15.405029296875,-10.280029296875
0.4455,26.435791015625,-11.401123046875,-15.084716796875
0.446,25.274658203125,-7.717529296875,-17.687255859375
0.4465,23.913330078125,-2.992919921875,-21.090576171875
0.447,20.950439453125,2.052001953125,-23.052490234375
0.4475,18.868408203125,7.417236328125,-26.295654296875
0.448,13.943603515625,12.181884765625,-26.215576171875
0.4485,9.339111328125,16.345947265625,-25.775146484375
0.449,6.416259765625,18.748291015625,-25.214599609375
0.4495,-0.190185546875,21.951416015625,-21.971435546875
0.45,-5.155029296875,24.193603515625,-19.328857421875
0.4505,-10.400146484375,25.594970703125,-15.525146484375
0.451,-14.884521484375,26.075439453125,-11.681396484375
0.4515,-18.247802734375,24.834228515625,-7.197021484375
0.452,-21.050537109375,24.033447265625,-3.593505859375
0.4525,-23.412841796875,20.950439453125,1.931884765625
0.453,-26.255615234375,18.548095703125,7.257080078125
0.4535,-25.574951171875,13.743408203125,11.461181640625
0.454,-26.255615234375,10.139892578125,15.785400390625
0.4545,-25.014404296875,6.696533203125,18.067626953125
0.455,-23.092529296875,1.411376953125,21.430908203125
0.4555,-20.249755859375,-3.473388671875,23.472900390625
0.456,-17.607177734375,-8.958740234375,26.235595703125
0.4565,-12.802490234375,-13.322998046875,25.755126953125
0.457,-8.398193359375,-17.166748046875,25.154541015625
0.4575,-4.994873046875,-19.368896484375,23.953369140625
0.458,1.411376953125,-22.371826171875,20.750244140625
0.4585,6.416259765625,-24.814208984375,18.307861328125
0.459,11.741455078125,-25.174560546875,13.423095703125
0.4595,15.585205078125,-25.895263671875,10.420166015625
0.46,18.868408203125,-24.533935546875,5.895751953125
0.4605,21.551025390625,-23.212646484375,1.851806640625
0.461,23.713134765625,-20.129638671875,-3.473388671875
0.4615,26.355712890625,-17.527099609375,-8.798583984375
0.462,25.314697265625,-12.522216796875,-12.802490234375
0.4625,25.795166015625,-9.239013671875,-16.646240234375
0.463,24.353759765625,-5.715576171875,-18.768310546875
0.4635,22.151611328125,-0.190185546875,-22.091552734375
0.464,19.428955078125,4.774658203125,-24.293701171875
0.4645,15.745361328125,10.340087890625,-26.215576171875
0.465,11.581298828125,14.103759765625,-25.815185546875
0.4655,7.177001953125,17.667236328125,-25.014404296875
0.466,3.253173828125,19.829345703125,-23.132568359375
0.4665,-2.792724609375,22.752197265625,-20.169677734375
0.467,-8.077880859375,25.354736328125,-17.647216796875
0.4675,-13.082763671875,24.914306640625,-12.201904296875
0.468,-16.446044921875,25.675048828125,-9.759521484375
0.4685,-19.529052734375,24.033447265625,-5.074951171875
0.469,-22.251708984375,22.351806640625,-0.630615234375
0.4695,-24.293701171875,19.228759765625,4.534423828125
0.47,-26.455810546875,16.025634765625,9.979736328125
0.4705,-25.334716796875,11.301025390625,13.743408203125
0.471,-25.614990234375,7.977783203125,17.346923828125
0.4715,-23.813232421875,4.214111328125,19.308837890625
0.472,-21.611083984375,-1.551513671875,22.792236328125
0.4725,-18.808349609375,-6.636474609375,25.034423828125
0.473,-14.243896484375,-12.121826171875,25.915283203125
0.4735,-10.720458984375,-15.405029296875,25.675048828125
0.474,-5.915771484375,-18.848388671875,24.433837890625
0.4745,-1.271240234375,-21.050537109375,22.031494140625
0.475,4.334228515625,-23.693115234375,19.228759765625
0.4755,10.099853515625,-26.135498046875,15.985595703125
0.476,14.584228515625,-25.054443359375,10.540283203125
0.4765,17.947509765625,-25.855224609375,8.057861328125
0.477,20.870361328125,-23.693115234375,3.052978515625
0.4775,23.673095703125,-21.691162109375,-1.911865234375
0.478,25.274658203125,-18.528076171875,-6.716552734375
0.4785,26.836181640625,-14.604248046875,-12.241943359375
0.479,25.635009765625,-10.199951171875,-15.525146484375
0.4795,25.514892578125,-6.596435546875,-19.088623046875
0.48,23.032470703125,-2.192138671875,-21.010498046875
0.4805,20.950439453125,3.333251953125,-24.373779296875
0.481,17.467041015625,8.698486328125,-26.335693359375
0.4815,12.302001953125,13.903564453125,-26.295654296875
0.482,9.379150390625,16.906494140625,-26.295654296875
0.4825,3.853759765625,20.229736328125,-24.093505859375
0.483,-1.271240234375,22.511962890625,-21.490966796875
0.4835,-6.356201171875,24.754150390625,-18.728271484375
0.484,-12.281982421875,26.555908203125,-14.684326171875
0.4845,-16.125732421875,25.314697265625,-9.679443359375
0.485,-19.328857421875,25.715087890625,-6.956787109375
0.4855,-22.051513671875,23.032470703125,-1.591552734375
0.486,-24.814208984375,20.790283203125,3.533447265625
0.4865,-25.815185546875,17.146728515625,8.258056640625
0.487,-26.896240234375,12.862548828125,13.623291015625
0.4875,-25.775146484375,9.018798828125,16.466064453125
0.488,-25.054443359375,4.814697265625,19.989501953125
0.4885,-22.251708984375,0.050048828125,21.911376953125
0.489,-20.249755859375,-5.275146484375,25.154541015625
0.4895,-16.125732421875,-10.720458984375,26.395751953125
0.49,-11.000732421875,-15.244873046875,25.875244140625
0.4905,-8.278076171875,-17.967529296875,25.915283203125
0.491,-2.031982421875,-21.130615234375,22.832275390625
0.4915,2.892822265625,-23.372802734375,20.309814453125
0.492,7.977783203125,-25.294677734375,17.226806640625
0.4925,13.623291015625,-26.415771484375,12.822509765625
0.493,16.986572265625,-25.134521484375,8.298095703125
0.4935,20.229736328125,-25.054443359375,5.014892578125
0.494,22.592041015625,-22.171630859375,-0.310302734375
0.4945,25.474853515625,-19.929443359375,-5.435302734375
0.495,25.835205078125,-15.845458984375,-9.959716796875
0.4955,26.515869140625,-11.641357421875,-14.924560546875
0.496,25.554931640625,-8.278076171875,-17.406982421875
0.4965,24.033447265625,-3.513427734375,-20.770263671875
0.497,21.350830078125,1.251220703125,-22.772216796875
0.4975,19.148681640625,6.536376953125,-25.815185546875
0.498,14.464111328125,11.821533203125,-26.335693359375
0.4985,9.619384765625,15.865478515625,-25.574951171875
0.499,6.936767578125,18.508056640625,-25.454833984375
0.4995,0.650634765625,21.390869140625,-22.091552734375
0.5,-4.354248046875,23.833251953125,-19.729248046875
0.5005,-9.479248046875,25.114501953125,-16.005615234375
0.501,-14.444091796875,25.995361328125,-12.001708984375
0.5015,-17.607177734375,24.834228515625,-7.797607421875
0.502,-20.690185546875,24.113525390625,-4.033935546875
0.5025,-22.812255859375,21.150634765625,1.171142578125
0.503,-25.695068359375,18.908447265625,6.376220703125
0.5035,-25.374755859375,14.263916015625,10.740478515625
0.504,-25.895263671875,10.219970703125,15.304931640625
0.5045,-25.174560546875,7.297119140625,17.587158203125
0.505,-23.052490234375,1.931884765625,20.790283203125
0.5055,-20.570068359375,-2.832763671875,23.032470703125
0.506,-17.967529296875,-7.997802734375,25.594970703125
0.5065,-13.282958984375,-12.802490234375,25.755126953125
0.507,-8.718505859375,-16.486083984375,24.834228515625
0.5075,-5.475341796875,-18.928466796875,24.033447265625
0.508,0.690673828125,-21.651123046875,20.790283203125
0.5085,5.695556640625,-24.333740234375,18.548095703125
0.509,10.860595703125,-24.694091796875,13.783447265625
0.5095,15.064697265625,-25.494873046875,10.540283203125
0.51,18.027587890625,-24.373779296875,6.536376953125
0.5105,20.990478515625,-23.052490234375,2.252197265625
0.511,23.072509765625,-20.169677734375,-2.792724609375
0.5115,25.635009765625,-17.647216796875,-7.997802734375
0.512,24.994384765625,-12.962646484375,-12.081787109375
0.5125,25.154541015625,-9.279052734375,-16.005615234375
0.513,24.313720703125,-6.396240234375,-18.127685546875
0.5135,21.831298828125,-0.790771484375,-21.330810546875
0.514,19.589111328125,4.013916015625,-23.733154296875
0.5145,15.865478515625,9.379150390625,-25.334716796875
0.515,12.021728515625,13.463134765625,-25.614990234375
0.5155,7.617431640625,16.786376953125,-24.453857421875
0.516,3.813720703125,19.188720703125,-23.052490234375
0.5165,-1.871826171875,21.751220703125,-20.009521484375
0.517,-7.076904296875,24.553955078125,-17.767333984375
0.5175,-11.881591796875,24.073486328125,-12.562255859375
0.518,-15.605224609375,24.874267578125,-9.759521484375
0.5185,-18.247802734375,23.633056640625,-5.915771484375
0.519,-21.130615234375,21.911376953125,-1.311279296875
0.5195,-23.092529296875,19.148681640625,3.533447265625
0.52,-25.054443359375,15.945556640625,8.698486328125
0.5205,-24.614013671875,11.741455078125,12.502197265625
0.521,-24.413818359375,8.017822265625,16.145751953125
0.5215,-23.372802734375,4.974853515625,18.027587890625
0.522,-21.010498046875,-0.590576171875,21.270751953125
0.5225,-18.928466796875,-5.435302734375,24.033447265625
0.523,-14.243896484375,-10.560302734375,24.433837890625
0.5235,-11.120849609375,-14.203857421875,24.994384765625
0.524,-6.676513671875,-17.246826171875,23.552978515625
0.5245,-2.232177734375,-19.689208984375,21.631103515625
0.525,2.892822265625,-21.971435546875,18.908447265625
0.5255,8.578369140625,-24.694091796875,16.065673828125
0.526,12.742431640625,-23.773193359375,11.060791015625
0.5265,16.466064453125,-24.533935546875,8.258056640625
0.527,18.748291015625,-23.052490234375,4.494384765625
0.5275,21.791259765625,-21.090576171875,-0.630615234375
0.528,23.673095703125,-18.327880859375,-5.275146484375
0.5285,24.834228515625,-14.444091796875,-10.440185546875
0.529,24.634033203125,-10.880615234375,-13.843505859375
0.5295,24.033447265625,-7.076904296875,-17.246826171875
0.53,22.431884765625,-3.393310546875,-19.208740234375
0.5305,20.189697265625,1.931884765625,-22.251708984375
0.531,17.627197265625,7.297119140625,-25.014404296875
0.5315,12.342041015625,12.021728515625,-24.413818359375
0.532,9.899658203125,15.224853515625,-25.174560546875
0.5325,5.054931640625,18.027587890625,-23.092529296875
0.533,0.130126953125,20.750244140625,-21.010498046875
0.5335,-4.674560546875,22.752197265625,-18.327880859375
0.534,-10.600341796875,24.834228515625,-14.604248046875
0.5345,-14.083740234375,23.873291015625,-10.280029296875
0.535,-17.687255859375,24.233642578125,-7.076904296875
0.5355,-19.729248046875,22.231689453125,-3.072998046875
0.536,-22.652099609375,20.109619140625,2.052001953125
0.5365,-24.213623046875,16.946533203125,6.816650390625
0.537,-24.694091796875,12.622314453125,11.661376953125
0.5375,-24.694091796875,9.659423828125,14.624267578125
0.538,-23.532958984375,5.415283203125,17.867431640625
0.5385,-21.611083984375,1.411376953125,19.909423828125
0.539,-19.489013671875,-3.553466796875,22.752197265625
0.5395,-16.285888671875,-9.118896484375,25.114501953125
0.54,-11.040771484375,-13.162841796875,23.873291015625
0.5405,-8.638427734375,-16.325927734375,24.593994140625
0.541,-3.513427734375,-18.688232421875,21.831298828125
0.5415,1.571533203125,-21.490966796875,19.749267578125
0.542,6.216064453125,-23.172607421875,16.906494140625
0.5425,11.821533203125,-24.533935546875,12.702392578125
0.543,14.864501953125,-23.813232421875,9.018798828125
0.5435,18.387939453125,-23.653076171875,5.375244140625
0.544,20.309814453125,-21.450927734375,1.291259765625
0.5445,23.072509765625,-19.328857421875,-3.673583984375
0.545,24.233642578125,-15.885498046875,-8.358154296875
0.5455,24.153564453125,-11.481201171875,-12.842529296875
0.546,24.393798828125,-9.038818359375,-15.445068359375
0.5465,22.511962890625,-4.354248046875,-18.327880859375
0.547,20.710205078125,-0.150146484375,-20.770263671875
0.5475,18.508056640625,4.614501953125,-23.212646484375
0.548,14.624267578125,10.139892578125,-24.854248046875
0.5485,10.059814453125,13.583251953125,-23.693115234375
0.549,7.257080078125,16.746337890625,-24.053466796875
0.5495,2.172119140625,18.868408203125,-21.130615234375
0.55,-2.752685546875,21.751220703125,-19.208740234375
0.5505,-7.477294921875,22.992431640625,-15.805419921875
0.551,-12.522216796875,23.833251953125,-11.761474609375
0.5515,-15.244873046875,23.512939453125,-8.798583984375
0.552,-18.568115234375,22.471923828125,-4.514404296875
0.5525,-20.409912109375,20.349853515625,-0.470458984375
0.553,-22.932373046875,18.187744140625,4.294189453125
0.5535,-23.813232421875,14.384033203125,8.978759765625
0.554,-23.532958984375,10.179931640625,12.982666015625
0.5545,-23.893310546875,8.017822265625,15.545166015625
0.555,-21.571044921875,3.133056640625,18.187744140625
0.5555,-19.969482421875,-1.271240234375,20.950439453125
0.556,-17.366943359375,-5.875732421875,22.912353515625
0.5565,-13.443115234375,-11.040771484375,24.153564453125
0.557,-9.319091796875,-14.123779296875,23.112548828125
0.5575,-5.795654296875,-17.206787109375,22.672119140625
0.558,-0.910888671875,-19.208740234375,19.829345703125
0.5585,3.973876953125,-22.211669921875,18.067626953125
0.559,8.898681640625,-22.812255859375,13.943603515625
0.5595,13.262939453125,-23.452880859375,10.219970703125
0.56,15.985595703125,-23.372802734375,7.537353515625
0.5605,18.948486328125,-21.771240234375,2.892822265625
0.561,21.030517578125,-19.529052734375,-1.471435546875
0.5615,23.072509765625,-17.166748046875,-5.995849609375
0.562,23.673095703125,-13.202880859375,-10.520263671875
0.5625,23.152587890625,-9.239013671875,-14.083740234375
0.563,23.232666015625,-6.836669921875,-16.606201171875
0.5635,20.630126953125,-1.751708984375,-19.088623046875
0.564,19.228759765625,2.812744140625,-22.091552734375
0.5645,15.545166015625,7.537353515625,-23.172607421875
0.565,11.861572265625,12.101806640625,-24.053466796875
0.5655,8.298095703125,14.944580078125,-23.252685546875
0.566,3.973876953125,17.787353515625,-21.851318359375
0.5665,-0.870849609375,19.829345703125,-19.128662109375
0.567,-5.635498046875,22.672119140625,-17.286865234375
0.5675,-10.400146484375,22.752197265625,-12.722412109375
0.568,-14.163818359375,23.032470703125,-9.359130859375
0.5685,-16.646240234375,22.792236328125,-6.716552734375
0.569,-19.408935546875,20.710205078125,-1.911865234375
0.5695,-21.651123046875,18.508056640625,2.612548828125
0.57,-22.852294921875,15.465087890625,6.976806640625
0.5705,-23.532958984375,11.981689453125,11.220947265625
0.571,-22.772216796875,8.218017578125,14.223876953125
0.5715,-22.291748046875,5.295166015625,16.746337890625
0.572,-19.809326171875,0.490478515625,19.108642578125
0.5725,-18.447998046875,-4.194091796875,22.351806640625
0.573,-14.123779296875,-8.678466796875,22.471923828125
0.5735,-10.760498046875,-12.762451171875,23.152587890625
0.574,-7.517333984375,-15.284912109375,22.431884765625
0.5745,-2.632568359375,-18.047607421875,20.389892578125
0.575,1.811767578125,-20.009521484375,18.027587890625
0.5755,6.776611328125,-22.451904296875,15.545166015625
0.576,10.940673828125,-22.451904296875,11.501220703125
0.5765,14.544189453125,-22.572021484375,8.057861328125
0.577,16.786376953125,-22.131591796875,5.455322265625
0.5775,19.348876953125,-19.889404296875,0.610595703125
0.578,21.791259765625,-17.887451171875,-3.873779296875
0.5785,22.151611328125,-14.163818359375,-8.037841796875
0.579,23.032470703125,-11.160888671875,-11.961669921875
0.5795,22.231689453125,-7.757568359375,-14.604248046875
0.58,21.150634765625,-4.114013671875,-17.206787109375
0.5805,19.068603515625,0.330322265625,-19.489013671875
0.581,17.306884765625,5.255126953125,-22.692138671875
0.5815,12.742431640625,9.419189453125,-22.251708984375
0.582,9.619384765625,13.102783203125,-22.812255859375
0.5825,6.576416015625,15.344970703125,-21.971435546875
0.583,1.451416015625,18.147705078125,-19.729248046875
0.5835,-2.872802734375,20.309814453125,-17.647216796875
0.584,-7.957763671875,21.831298828125,-14.203857421875
0.5845,-11.521240234375,22.231689453125,-11.200927734375
0.585,-14.844482421875,21.911376953125,-7.597412109375
0.5855,-17.086669921875,21.070556640625,-4.554443359375
0.586,-19.448974609375,18.948486328125,0.050048828125
0.5865,-21.971435546875,16.786376953125,4.774658203125
0.587,-21.731201171875,12.662353515625,8.658447265625
0.5875,-22.652099609375,10.059814453125,12.261962890625
0.588,-21.771240234375,6.816650390625,14.704345703125
0.5885,-20.369873046875,2.692626953125,17.467041015625
0.589,-18.488037109375,-1.591552734375,19.749267578125
0.5895,-15.965576171875,-6.716552734375,22.391845703125
0.59,-11.801513671875,-10.400146484375,21.911376953125
0.5905,-8.518310546875,-13.963623046875,22.151611328125
0.591,-5.155029296875,-15.925537109375,20.790283203125
0.5915,-0.150146484375,-18.688232421875,18.548095703125
0.592,4.414306640625,-21.050537109375,16.506103515625
0.5925,9.259033203125,-21.571044921875,12.181884765625
0.593,12.502197265625,-22.371826171875,9.859619140625
0.5935,15.545166015625,-21.651123046875,6.095947265625
0.594,17.907470703125,-20.369873046875,2.572509765625
0.5945,19.989501953125,-18.207763671875,-1.751708984375
0.595,22.151611328125,-15.605224609375,-6.556396484375
0.5955,21.591064453125,-11.441162109375,-10.199951171875
0.596,22.351806640625,-8.958740234375,-13.483154296875
0.5965,21.070556640625,-5.675537109375,-15.525146484375
0.597,19.509033203125,-1.151123046875,-18.488037109375
0.5975,17.587158203125,3.052978515625,-20.770263671875
0.598,13.983642578125,8.097900390625,-22.131591796875
0.5985,10.860595703125,11.260986328125,-22.171630859375
0.599,7.177001953125,14.584228515625,-21.771240234375
0.5995,3.533447265625,16.466064453125,-20.009521484375
0.6,-1.191162109375,18.988525390625,-17.967529296875
0.6005,-6.035888671875,21.270751953125,-15.605224609375
0.601,-10.239990234375,21.070556640625,-11.240966796875
0.6015,-13.322998046875,21.951416015625,-9.239013671875
0.602,-15.885498046875,20.750244140625,-5.435302734375
0.6025,-18.247802734375,19.348876953125,-1.631591796875
0.603,-20.129638671875,17.226806640625,2.452392578125
0.6035,-21.731201171875,14.143798828125,7.177001953125
0.604,-21.330810546875,10.540283203125,10.460205078125
0.6045,-21.811279296875,7.817626953125,13.663330078125
0.605,-20.369873046875,4.694580078125,15.385009765625
0.6055,-18.848388671875,0.170166015625,18.427978515625
0.606,-16.846435546875,-4.274169921875,20.830322265625
0.6065,-12.682373046875,-8.838623046875,21.190673828125
0.607,-10.320068359375,-11.841552734375,21.831298828125
0.6075,-6.236083984375,-14.764404296875,20.630126953125
0.608,-2.352294921875,-16.846435546875,18.908447265625
0.6085,1.931884765625,-19.208740234375,17.106689453125
0.609,7.056884765625,-21.250732421875,14.063720703125
0.6095,10.620361328125,-20.890380859375,10.139892578125
0.61,13.903564453125,-21.811279296875,7.977783203125
0.6105,16.065673828125,-20.249755859375,4.294189453125
0.611,18.828369140625,-18.808349609375,0.130126953125
0.6115,20.429931640625,-16.526123046875,-3.873779296875
0.612,21.591064453125,-13.122802734375,-8.478271484375
0.6125,21.551025390625,-10.199951171875,-11.441162109375
0.613,21.430908203125,-6.876708984375,-14.684326171875
0.6135,19.829345703125,-3.353271484375,-16.606201171875
0.614,18.468017578125,1.091064453125,-19.569091796875
0.6145,15.665283203125,5.935791015625,-21.771240234375
0.615,11.501220703125,10.059814453125,-21.611083984375
0.6155,9.339111328125,13.022705078125,-22.451904296875
0.616,4.654541015625,15.745361328125,-20.489990234375
0.6165,0.370361328125,18.227783203125,-18.768310546875
0.617,-3.833740234375,20.309814453125,-16.726318359375
0.6175,-9.038818359375,21.831298828125,-13.242919921875
0.618,-12.322021484375,21.430908203125,-9.559326171875
0.6185,-15.645263671875,21.951416015625,-6.796630859375
0.619,-17.807373046875,19.989501953125,-2.712646484375
0.6195,-20.650146484375,18.267822265625,1.931884765625
0.62,-21.651123046875,15.264892578125,5.975830078125
0.6205,-22.491943359375,11.621337890625,10.540283203125
0.621,-22.451904296875,8.938720703125,13.222900390625
0.6215,-21.531005859375,4.814697265625,16.466064453125
0.622,-19.569091796875,0.730712890625,18.628173828125
0.6225,-18.047607421875,-3.793701171875,21.510986328125
0.623,-14.364013671875,-8.798583984375,22.792236328125
0.6235,-10.039794921875,-12.642333984375,22.311767578125
0.624,-7.637451171875,-15.445068359375,22.752197265625
0.6245,-2.031982421875,-18.247802734375,19.909423828125
0.625,2.492431640625,-20.770263671875,18.067626953125
0.6255,7.056884765625,-22.171630859375,14.984619140625
0.626,11.741455078125,-23.132568359375,11.421142578125
0.6265,14.904541015625,-22.451904296875,7.657470703125
0.627,18.107666015625,-22.171630859375,4.214111328125
0.6275,20.189697265625,-19.729248046875,-0.390380859375
0.628,22.912353515625,-17.767333984375,-5.114990234375
0.6285,22.992431640625,-13.843505859375,-9.158935546875
0.629,23.472900390625,-10.199951171875,-13.363037109375
0.6295,23.072509765625,-7.397216796875,-15.765380859375
0.63,21.310791015625,-2.592529296875,-18.888427734375
0.6305,19.108642578125,1.851806640625,-21.090576171875
0.631,16.826416015625,6.576416015625,-23.532958984375
0.6315,12.702392578125,11.140869140625,-23.893310546875
0.632,8.458251953125,14.664306640625,-23.172607421875
0.6325,5.575439453125,17.226806640625,-22.812255859375
0.633,-0.190185546875,19.749267578125,-19.769287109375
0.6335,-4.834716796875,22.351806640625,-17.807373046875
0.634,-9.519287109375,22.832275390625,-13.723388671875
0.6345,-13.603271484375,23.633056640625,-10.480224609375
0.635,-16.526123046875,22.752197265625,-6.756591796875
0.6355,-19.408935546875,21.711181640625,-2.872802734375
0.636,-21.290771484375,19.068603515625,1.731689453125
0.6365,-23.693115234375,16.706298828125,6.536376953125
0.637,-23.332763671875,12.502197265625,10.420166015625
0.6375,-23.452880859375,8.978759765625,14.183837890625
0.638,-23.012451171875,6.336181640625,16.426025390625
0.6385,-20.770263671875,1.171142578125,19.348876953125
0.639,-18.768310546875,-3.233154296875,21.751220703125
0.6395,-15.645263671875,-8.077880859375,23.352783203125
0.64,-11.881591796875,-12.121826171875,23.673095703125
0.6405,-7.877685546875,-15.405029296875,22.832275390625
0.641,-4.234130859375,-17.847412109375,21.711181640625
0.6415,1.010986328125,-20.169677734375,18.828369140625
0.642,5.935791015625,-22.892333984375,16.866455078125
0.6425,10.380126953125,-22.612060546875,12.181884765625
0.643,14.183837890625,-23.412841796875,9.259033203125
0.6435,16.946533203125,-22.572021484375,5.815673828125
0.644,19.709228515625,-21.090576171875,1.531494140625
0.6445,21.631103515625,-18.568115234375,-3.032958984375
0.645,23.552978515625,-15.765380859375,-7.757568359375
0.6455,23.352783203125,-11.881591796875,-11.521240234375
0.646,23.192626953125,-8.318115234375,-15.004638671875
0.6465,22.471923828125,-5.475341796875,-17.166748046875
0.647,20.189697265625,-0.310302734375,-20.009521484375
0.6475,18.307861328125,4.414306640625,-22.852294921875
0.648,14.063720703125,9.218994140625,-23.332763671875
0.6485,11.020751953125,12.862548828125,-24.053466796875
0.649,6.976806640625,15.985595703125,-23.012451171875
0.6495,2.612548828125,18.548095703125,-21.290771484375
0.65,-2.272216796875,20.750244140625,-18.648193359375
0.6505,-7.557373046875,23.512939453125,-16.285888671875
0.651,-11.721435546875,22.792236328125,-11.481201171875
0.6515,-15.405029296875,23.552978515625,-8.638427734375
0.652,-18.007568359375,22.391845703125,-4.914794921875
0.6525,-20.810302734375,20.550048828125,-0.270263671875
0.653,-22.732177734375,17.907470703125,4.334228515625
0.6535,-23.973388671875,14.303955078125,9.259033203125
0.654,-23.933349609375,10.860595703125,12.782470703125
0.6545,-23.532958984375,7.016845703125,16.225830078125
0.655,-22.171630859375,3.533447265625,18.387939453125
0.6555,-19.889404296875,-1.671630859375,21.270751953125
0.656,-17.727294921875,-6.716552734375,24.153564453125
0.6565,-12.562255859375,-11.441162109375,23.593017578125
0.657,-9.879638671875,-14.804443359375,24.353759765625
0.6575,-5.195068359375,-17.847412109375,22.592041015625
0.658,-0.190185546875,-20.489990234375,20.469970703125
0.6585,4.454345703125,-22.411865234375,17.867431640625
0.659,10.179931640625,-24.573974609375,14.384033203125
0.6595,13.863525390625,-23.693115234375,9.939697265625
0.66,17.627197265625,-24.093505859375,6.576416015625
0.6605,19.989501953125,-22.291748046875,2.492431640625
0.661,22.792236328125,-20.129638671875,-2.592529296875
0.6615,24.353759765625,-17.166748046875,-7.156982421875
0.662,24.834228515625,-12.802490234375,-12.081787109375
0.6625,24.714111328125,-9.679443359375,-15.164794921875
0.663,23.713134765625,-5.235107421875,-18.608154296875
0.6635,21.711181640625,-1.111083984375,-20.770263671875
0.664,19.388916015625,3.853759765625,-23.372802734375
0.6645,16.305908203125,9.339111328125,-25.775146484375
0.665,10.900634765625,13.583251953125,-24.573974609375
0.6655,8.218017578125,16.826416015625,-25.174560546875
0.666,2.892822265625,19.589111328125,-22.572021484375
0.6665,-2.392333984375,22.391845703125,-20.209716796875
0.667,-6.836669921875,23.833251953125,-17.326904296875
0.6675,-12.642333984375,25.274658203125,-13.082763671875
0.668,-15.885498046875,24.353759765625,-9.038818359375
0.6685,-19.569091796875,24.193603515625,-5.155029296875
0.669,-21.571044921875,21.751220703125,-0.750732421875
0.6695,-24.213623046875,19.388916015625,4.294189453125
0.67,-25.134521484375,15.865478515625,8.858642578125
0.6705,-25.134521484375,11.220947265625,13.583251953125
0.671,-25.094482421875,8.538330078125,16.265869140625
0.6715,-23.372802734375,3.533447265625,19.589111328125
0.672,-21.130615234375,-0.990966796875,21.791259765625
0.6725,-18.768310546875,-5.635498046875,24.033447265625
0.673,-15.004638671875,-11.160888671875,25.755126953125
0.6735,-9.919677734375,-14.844482421875,24.313720703125
0.674,-6.916748046875,-18.007568359375,24.634033203125
0.6745,-1.311279296875,-20.409912109375,21.430908203125
0.675,3.773681640625,-23.092529296875,19.228759765625
0.6755,8.298095703125,-24.133544921875,15.785400390625
0.676,13.543212890625,-25.014404296875,11.501220703125
0.6765,16.546142578125,-24.333740234375,7.937744140625
0.677,20.069580078125,-23.572998046875,3.573486328125
0.6775,21.951416015625,-21.010498046875,-0.830810546875
0.678,24.393798828125,-18.648193359375,-5.635498046875
0.6785,24.954345703125,-14.764404296875,-10.119873046875
0.679,24.553955078125,-10.239990234375,-14.404052734375
0.6795,24.714111328125,-7.877685546875,-16.966552734375
0.68,22.391845703125,-2.552490234375,-19.929443359375
0.6805,20.389892578125,1.931884765625,-22.451904296875
0.681,17.667236328125,6.536376953125,-24.333740234375
0.6815,13.583251953125,11.701416015625,-25.414794921875
0.682,9.098876953125,15.064697265625,-24.213623046875
0.6825,5.655517578125,18.227783203125,-23.933349609375
0.683,0.290283203125,20.429931640625,-20.810302734375
0.6835,-4.714599609375,23.312744140625,-18.888427734375
0.684,-9.479248046875,23.833251953125,-14.684326171875
0.6845,-14.043701171875,24.393798828125,-10.840576171875
0.685,-16.886474609375,24.073486328125,-7.757568359375
0.6855,-20.169677734375,22.552001953125,-2.952880859375
0.686,-22.051513671875,20.109619140625,1.491455078125
0.6865,-24.213623046875,17.547119140625,6.216064453125
0.687,-24.614013671875,13.543212890625,10.620361328125
0.6875,-24.053466796875,9.218994140625,14.504150390625
0.688,-24.253662109375,6.816650390625,17.186767578125
0.6885,-21.611083984375,1.331298828125,19.989501953125
0.689,-19.889404296875,-3.353271484375,22.872314453125
0.6895,-16.486083984375,-8.037841796875,24.073486328125
0.69,-12.482177734375,-12.762451171875,24.874267578125
0.6905,-8.358154296875,-15.925537109375,23.953369140625
0.691,-4.073974609375,-18.968505859375,22.752197265625
0.6915,1.171142578125,-21.130615234375,19.749267578125
0.692,6.256103515625,-24.093505859375,17.787353515625
0.6925,11.020751953125,-23.933349609375,12.862548828125
0.693,15.144775390625,-24.413818359375,9.339111328125
0.6935,17.987548828125,-24.053466796875,6.256103515625
0.694,21.190673828125,-22.091552734375,1.051025390625
0.6945,23.232666015625,-19.489013671875,-3.713623046875
0.695,24.914306640625,-16.365966796875,-8.518310546875
0.6955,25.114501953125,-12.442138671875,-12.762451171875
0.696,24.353759765625,-8.197998046875,-16.325927734375
0.6965,23.873291015625,-5.195068359375,-18.928466796875
0.697,21.110595703125,0.530517578125,-21.771240234375
0.6975,19.228759765625,5.495361328125,-24.934326171875
0.698,14.424072265625,10.420166015625,-24.934326171875
0.6985,11.020751953125,14.584228515625,-25.655029296875
0.699,6.736572265625,17.627197265625,-24.453857421875
0.6995,1.731689453125,20.670166015625,-22.491943359375
0.7,-3.553466796875,22.752197265625,-19.408935546875
0.7005,-9.118896484375,25.594970703125,-16.806396484375
0.701,-13.523193359375,24.714111328125,-11.641357421875
0.7015,-17.326904296875,24.994384765625,-8.197998046875
0.702,-19.889404296875,23.913330078125,-4.594482421875
0.7025,-23.012451171875,21.591064453125,0.930908203125
0.703,-24.934326171875,18.588134765625,5.895751953125
0.7035,-25.735107421875,14.464111328125,10.860595703125
0.704,-25.895263671875,10.940673828125,14.584228515625
0.7045,-24.734130859375,6.456298828125,17.947509765625
0.705,-23.532958984375,2.852783203125,20.349853515625
0.7055,-20.730224609375,-2.832763671875,23.152587890625
0.706,-18.447998046875,-8.117919921875,26.235595703125
0.7065,-12.762451171875,-12.762451171875,25.154541015625
0.707,-9.759521484375,-16.446044921875,25.795166015625
0.7075,-4.994873046875,-19.248779296875,23.913330078125
0.708,0.490478515625,-22.251708984375,21.510986328125
0.7085,5.495361328125,-24.053466796875,18.427978515625
0.709,11.381103515625,-26.255615234375,14.864501953125
0.7095,15.104736328125,-25.174560546875,10.219970703125
0.71,18.948486328125,-25.134521484375,6.376220703125
0.7105,21.150634765625,-23.532958984375,2.572509765625
0.711,24.073486328125,-20.970458984375,-3.032958984375
0.7115,25.915283203125,-17.887451171875,-7.957763671875
0.712,25.835205078125,-13.122802734375,-12.762451171875
0.7125,26.115478515625,-10.119873046875,-16.045654296875
0.713,24.513916015625,-5.475341796875,-19.248779296875
0.7135,22.752197265625,-1.311279296875,-21.731201171875
0.714,20.029541015625,4.013916015625,-24.213623046875
0.7145,17.146728515625,9.779541015625,-27.016357421875
0.715,11.381103515625,13.863525390625,-25.334716796875
0.7155,8.498291015625,17.427001953125,-25.935302734375
0.716,3.573486328125,19.869384765625,-23.492919921875
0.7165,-2.072021484375,22.912353515625,-21.130615234375
0.717,-6.876708984375,24.513916015625,-18.007568359375
0.7175,-12.682373046875,25.915283203125,-13.603271484375
0.718,-15.885498046875,25.114501953125,-9.799560546875
0.7185,-19.729248046875,24.634033203125,-5.515380859375
0.719,-21.691162109375,22.672119140625,-1.551513671875
0.7195,-24.413818359375,20.109619140625,3.853759765625
0.72,-25.935302734375,16.706298828125,8.858642578125
0.7205,-25.414794921875,11.661376953125,13.383056640625
0.721,-25.895263671875,9.098876953125,16.466064453125
0.7215,-23.933349609375,4.134033203125,19.468994140625
0.722,-22.011474609375,-0.430419921875,22.151611328125
0.7225,-19.448974609375,-5.275146484375,24.393798828125
0.723,-15.765380859375,-11.160888671875,26.595947265625
0.7235,-10.520263671875,-14.764404296875,24.874267578125
0.724,-7.277099609375,-18.287841796875,25.234619140625
0.7245,-2.031982421875,-20.489990234375,22.271728515625
0.725,3.373291015625,-23.572998046875,20.029541015625
0.7255,8.338134765625,-24.934326171875,16.506103515625
0.726,13.783447265625,-25.614990234375,11.821533203125
0.7265,16.786376953125,-25.214599609375,8.578369140625
0.727,20.550048828125,-24.133544921875,3.773681640625
0.7275,22.552001953125,-21.931396484375,-0.550537109375
0.728,25.114501953125,-19.368896484375,-5.635498046875
0.7285,26.195556640625,-15.525146484375,-10.760498046875
0.729,25.394775390625,-10.560302734375,-14.964599609375
0.7295,25.715087890625,-8.197998046875,-17.807373046875
0.73,23.192626953125,-2.632568359375,-20.730224609375
0.7305,21.350830078125,2.132080078125,-23.613037109375
0.731,18.267822265625,7.136962890625,-25.454833984375
0.7315,13.943603515625,12.742431640625,-26.776123046875
0.732,9.259033203125,16.025634765625,-25.334716796875
0.7325,5.415283203125,19.509033203125,-24.934326171875
0.733,-0.150146484375,21.671142578125,-21.731201171875
0.7335,-5.395263671875,24.674072265625,-19.609130859375
0.734,-10.600341796875,25.434814453125,-15.244873046875
0.7345,-15.405029296875,25.755126953125,-10.800537109375
0.735,-18.247802734375,25.314697265625,-7.717529296875
0.7355,-21.731201171875,23.593017578125,-2.432373046875
0.736,-23.773193359375,20.990478515625,2.292236328125
0.7365,-25.935302734375,18.147705078125,7.337158203125
0.737,-26.455810546875,13.863525390625,12.181884765625
0.7375,-25.494873046875,9.018798828125,16.065673828125
0.738,-25.574951171875,6.456298828125,18.828369140625
0.7385,-22.572021484375,0.690673828125,21.631103515625
0.739,-20.770263671875,-4.194091796875,24.634033203125
0.7395,-16.926513671875,-9.198974609375,25.755126953125
0.74,-12.522216796875,-14.283935546875,26.475830078125
0.7405,-8.197998046875,-17.326904296875,25.154541015625
0.741,-3.553466796875,-20.650146484375,23.793212890625
0.7415,1.931884765625,-22.692138671875,20.590087890625
0.742,7.217041015625,-25.695068359375,18.387939453125
0.7425,12.342041015625,-25.574951171875,13.222900390625
0.743,16.626220703125,-25.655029296875,9.178955078125
0.7435,19.348876953125,-25.174560546875,6.095947265625
0.744,22.552001953125,-22.892333984375,0.490478515625
0.7445,24.674072265625,-20.249755859375,-4.354248046875
0.745,26.235595703125,-16.886474609375,-9.319091796875
0.7455,26.435791015625,-12.762451171875,-13.843505859375
0.746,25.274658203125,-8.117919921875,-17.246826171875
0.7465,24.794189453125,-4.994873046875,-19.929443359375
0.747,21.751220703125,0.770751953125,-22.612060546875
0.7475,19.909423828125,5.815673828125,-25.855224609375
0.748,14.984619140625,10.820556640625,-25.855224609375
0.7485,11.140869140625,15.264892578125,-26.455810546875
0.749,7.096923828125,18.027587890625,-25.174560546875
0.7495,1.771728515625,21.190673828125,-23.052490234375
0.75,-3.393310546875,23.152587890625,-20.009521484375
0.7505,-8.918701171875,25.915283203125,-17.326904296875
0.751,-13.523193359375,25.354736328125,-12.281982421875
0.7515,-17.366943359375,25.274658203125,-8.398193359375
0.752,-19.889404296875,24.473876953125,-5.235107421875
0.7525,-22.932373046875,21.951416015625,0.450439453125
0.753,-25.174560546875,19.228759765625,5.455322265625
0.7535,-25.855224609375,15.064697265625,10.260009765625
0.754,-26.255615234375,11.501220703125,14.424072265625
0.7545,-25.014404296875,7.096923828125,17.627197265625
0.755,-23.933349609375,3.413330078125,20.229736328125
0.7555,-21.090576171875,-2.112060546875,22.912353515625
0.756,-19.168701171875,-7.437255859375,26.275634765625
0.7565,-13.523193359375,-12.201904296875,25.314697265625
0.757,-10.119873046875,-16.165771484375,25.915283203125
0.7575,-6.075927734375,-18.728271484375,24.393798828125
0.758,-0.270263671875,-21.931396484375,21.911376953125
0.7585,4.774658203125,-23.853271484375,18.948486328125
0.759,10.620361328125,-25.975341796875,15.344970703125
0.7595,14.584228515625,-25.454833984375,10.940673828125
0.76,18.468017578125,-25.134521484375,6.776611328125
0.7605,20.710205078125,-23.933349609375,3.373291015625
0.761,23.673095703125,-21.290771484375,-2.352294921875
0.7615,25.915283203125,-18.407958984375,-7.557373046875
0.762,25.795166015625,-13.563232421875,-12.201904296875
0.7625,26.275634765625,-10.480224609375,-15.885498046875
0.763,24.754150390625,-6.035888671875,-18.848388671875
0.7635,23.072509765625,-1.671630859375,-21.571044921875
0.764,20.309814453125,3.653564453125,-24.053466796875
0.7645,17.587158203125,9.499267578125,-27.176513671875
0.765,11.821533203125,13.783447265625,-25.655029296875
0.7655,8.618408203125,17.467041015625,-26.135498046875
0.766,4.174072265625,19.669189453125,-23.973388671875
0.7665,-1.831787109375,22.992431640625,-21.410888671875
0.767,-6.756591796875,24.834228515625,-18.327880859375
0.7675,-12.762451171875,26.075439453125,-13.763427734375
0.768,-16.005615234375,25.635009765625,-10.239990234375
0.7685,-19.769287109375,24.794189453125,-5.635498046875
0.769,-21.851318359375,22.992431640625,-1.751708984375
0.7695,-24.614013671875,20.309814453125,3.733642578125
0.77,-26.535888671875,16.946533203125,9.218994140625
0.7705,-25.815185546875,11.821533203125,13.623291015625
0.771,-26.255615234375,9.098876953125,16.826416015625
0.7715,-24.253662109375,4.414306640625,19.589111328125
0.772,-22.291748046875,-0.470458984375,22.471923828125
0.7725,-19.569091796875,-5.435302734375,24.634033203125
0.773,-15.925537109375,-11.361083984375,26.916259765625
0.7735,-10.680419921875,-15.004638671875,25.314697265625
0.774,-7.197021484375,-18.488037109375,25.314697265625
0.7745,-2.392333984375,-20.449951171875,22.511962890625
0.775,3.333251953125,-23.572998046875,20.069580078125
0.7755,8.458251953125,-25.134521484375,16.666259765625
0.776,13.863525390625,-25.574951171875,11.701416015625
0.7765,16.786376953125,-25.454833984375,8.778564453125
0.777,20.229736328125,-24.053466796875,3.973876953125
0.7775,22.271728515625,-22.051513671875,-0.270263671875
0.778,24.593994140625,-19.368896484375,-5.195068359375
0.7785,26.155517578125,-15.565185546875,-10.560302734375
0.779,25.034423828125,-10.640380859375,-14.484130859375
0.7795,25.434814453125,-8.197998046875,-17.366943359375
0.78,22.952392578125,-3.393310546875,-19.729248046875
0.7805,21.190673828125,1.491455078125,-22.812255859375
0.781,18.387939453125,6.296142578125,-24.734130859375
0.7815,13.983642578125,11.901611328125,-25.935302734375
0.782,9.899658203125,15.024658203125,-25.014404296875
0.7825,5.895751953125,18.307861328125,-24.253662109375
0.783,1.291259765625,20.189697265625,-21.571044921875
0.7835,-3.993896484375,23.112548828125,-19.368896484375
0.784,-9.279052734375,24.473876953125,-15.525146484375
0.7845,-13.843505859375,24.353759765625,-10.960693359375
0.785,-16.646240234375,24.634033203125,-8.638427734375
0.7855,-19.689208984375,22.672119140625,-3.593505859375
0.786,-21.891357421875,20.790283203125,0.610595703125
0.7865,-23.773193359375,18.067626953125,5.255126953125
0.787,-25.054443359375,14.263916015625,10.420166015625
0.7875,-24.093505859375,9.859619140625,13.903564453125
0.788,-24.373779296875,7.096923828125,16.946533203125
0.7885,-21.931396484375,2.612548828125,19.068603515625
0.789,-20.409912109375,-2.312255859375,22.431884765625
0.7895,-17.286865234375,-7.076904296875,24.033447265625
0.79,-12.762451171875,-12.201904296875,24.593994140625
0.7905,-9.559326171875,-15.084716796875,24.353759765625
0.791,-4.754638671875,-18.287841796875,22.712158203125
0.7915,-0.270263671875,-20.289794921875,20.309814453125
0.792,4.774658203125,-23.092529296875,18.227783203125
0.7925,10.219970703125,-24.133544921875,13.863525390625
0.793,14.223876953125,-23.853271484375,9.659423828125
0.7935,17.106689453125,-24.293701171875,7.217041015625
0.794,19.989501953125,-21.931396484375,2.132080078125
0.7945,22.471923828125,-20.009521484375,-2.432373046875
0.795,23.833251953125,-16.846435546875,-6.916748046875
0.7955,24.954345703125,-13.082763671875,-11.921630859375
0.796,23.993408203125,-9.078857421875,-15.044677734375
0.7965,23.713134765625,-5.755615234375,-18.087646484375
0.797,21.150634765625,-0.990966796875,-20.329833984375
0.7975,19.709228515625,4.093994140625,-23.853271484375
0.798,15.505126953125,9.058837890625,-24.614013671875
0.7985,11.180908203125,13.703369140625,-24.934326171875
0.799,8.218017578125,16.385986328125,-24.654052734375
0.7995,2.652587890625,19.549072265625,-22.251708984375
0.8,-2.112060546875,21.671142578125,-19.729248046875
0.8005,-7.317138671875,24.113525390625,-17.126708984375
0.801,-12.362060546875,24.634033203125,-12.722412109375
0.8015,-16.045654296875,24.073486328125,-8.638427734375
0.802,-18.768310546875,23.873291015625,-5.675537109375
0.8025,-21.490966796875,21.270751953125,-0.350341796875
0.803,-24.093505859375,19.028564453125,4.614501953125
0.8035,-24.493896484375,14.944580078125,9.138916015625
0.804,-25.414794921875,11.421142578125,13.703369140625
0.8045,-24.293701171875,7.497314453125,16.506103515625
0.805,-23.212646484375,3.533447265625,19.428955078125
0.8055,-20.449951171875,-1.551513671875,21.671142578125
0.806,-18.728271484375,-6.676513671875,25.034423828125
0.8065,-13.683349609375,-11.361083984375,24.634033203125
0.807,-9.639404296875,-15.485107421875,24.794189453125
0.8075,-6.556396484375,-17.767333984375,23.993408203125
0.808,-0.510498046875,-20.850341796875,21.070556640625
0.8085,4.214111328125,-22.932373046875,18.548095703125
0.809,9.619384765625,-24.533935546875,14.784423828125
0.8095,13.783447265625,-24.854248046875,11.100830078125
0.81,17.306884765625,-24.013427734375,6.776611328125
0.8105,19.669189453125,-23.132568359375,3.613525390625
0.811,22.151611328125,-20.409912109375,-1.671630859375
0.8115,24.794189453125,-18.047607421875,-6.676513671875
0.812,24.313720703125,-13.443115234375,-10.880615234375
0.8125,24.994384765625,-10.239990234375,-14.884521484375
0.813,23.833251953125,-6.756591796875,-17.246826171875
0.8135,22.071533203125,-2.072021484375,-20.129638671875
0.814,19.589111328125,2.532470703125,-22.211669921875
0.8145,17.106689453125,7.937744140625,-25.094482421875
0.815,12.302001953125,12.021728515625,-24.453857421875
0.8155,8.498291015625,15.745361328125,-24.293701171875
0.816,5.375244140625,17.667236328125,-23.092529296875
0.8165,-0.590576171875,20.590087890625,-20.209716796875
0.817,-5.114990234375,22.832275390625,-18.007568359375
0.8175,-10.400146484375,23.432861328125,-13.443115234375
0.818,-13.883544921875,24.153564453125,-10.760498046875
0.8185,-17.006591796875,23.072509765625,-6.636474609375
0.819,-19.368896484375,21.871337890625,-3.072998046875
0.8195,-21.531005859375,19.348876953125,1.731689453125
0.82,-24.013427734375,16.786376953125,6.776611328125
0.8205,-23.252685546875,12.261962890625,10.620361328125
0.821,-23.933349609375,9.259033203125,14.343994140625
0.8215,-22.892333984375,6.256103515625,16.385986328125
0.822,-20.930419921875,1.291259765625,19.428955078125
0.8225,-18.928466796875,-3.072998046875,21.751220703125
0.823,-15.645263671875,-8.318115234375,23.633056640625
0.8235,-11.801513671875,-12.041748046875,23.552978515625
0.824,-7.957763671875,-15.485107421875,23.032470703125
0.8245,-4.394287109375,-17.447021484375,21.470947265625
0.825,0.890869140625,-20.169677734375,18.988525390625
0.8255,5.855712890625,-22.772216796875,16.666259765625
0.826,10.540283203125,-22.491943359375,11.901611328125
0.8265,13.943603515625,-23.532958984375,9.619384765625
0.827,16.786376953125,-22.371826171875,5.695556640625
0.8275,19.388916015625,-20.890380859375,1.651611328125
0.828,21.470947265625,-18.568115234375,-2.792724609375
0.8285,23.512939453125,-15.565185546875,-7.917724609375
0.829,22.952392578125,-11.481201171875,-11.521240234375
0.8295,23.352783203125,-8.478271484375,-15.004638671875
0.83,21.991455078125,-5.275146484375,-16.846435546875
0.8305,20.149658203125,-0.150146484375,-20.129638671875
0.831,18.027587890625,4.534423828125,-22.692138671875
0.8315,13.663330078125,9.619384765625,-23.372802734375
0.832,10.860595703125,12.902587890625,-23.853271484375
0.8325,6.496337890625,16.145751953125,-22.732177734375
0.833,2.492431640625,18.227783203125,-20.850341796875
0.8335,-2.512451171875,20.750244140625,-18.568115234375
0.834,-8.037841796875,23.232666015625,-15.525146484375
0.8345,-12.041748046875,22.552001953125,-10.920654296875
0.835,-15.405029296875,23.432861328125,-8.598388671875
0.8355,-17.847412109375,21.751220703125,-4.514404296875
0.836,-20.570068359375,20.029541015625,0.090087890625
0.8365,-22.291748046875,17.427001953125,4.454345703125
0.837,-23.653076171875,13.743408203125,9.539306640625
0.8375,-23.172607421875,10.099853515625,12.742431640625
0.838,-23.092529296875,6.816650390625,15.985595703125
0.8385,-21.210693359375,3.173095703125,17.787353515625
0.839,-19.448974609375,-1.831787109375,20.990478515625
0.8395,-16.806396484375,-6.796630859375,23.352783203125
0.84,-11.921630859375,-11.401123046875,22.992431640625
0.8405,-9.639404296875,-14.364013671875,23.633056640625
0.841,-4.714599609375,-17.246826171875,21.631103515625
0.8415,-0.430419921875,-19.489013671875,19.509033203125
0.842,4.214111328125,-21.611083984375,17.226806640625
0.8425,9.779541015625,-23.332763671875,13.503173828125
0.843,13.142822265625,-22.491943359375,9.419189453125
0.8435,16.466064453125,-23.052490234375,6.736572265625
0.844,18.548095703125,-21.010498046875,2.652587890625
0.8445,21.230712890625,-19.128662109375,-1.991943359375
0.845,22.471923828125,-16.205810546875,-6.276123046875
0.8455,23.192626953125,-12.322021484375,-10.920654296875
0.846,23.032470703125,-9.479248046875,-13.643310546875
0.8465,22.151611328125,-5.635498046875,-16.646240234375
0.847,20.229736328125,-1.871826171875,-18.528076171875
0.8475,18.548095703125,2.772705078125,-21.450927734375
0.848,15.264892578125,7.977783203125,-23.332763671875
0.8485,10.780517578125,11.741455078125,-22.572021484375
0.849,8.578369140625,14.664306640625,-23.252685546875
0.8495,3.693603515625,16.946533203125,-20.810302734375
0.85,-0.790771484375,19.509033203125,-18.888427734375
0.8505,-5.155029296875,21.270751953125,-16.406005859375
0.851,-10.280029296875,22.552001953125,-12.602294921875
0.8515,-13.202880859375,21.991455078125,-9.279052734375
0.852,-16.365966796875,22.031494140625,-6.196044921875
0.8525,-18.167724609375,19.989501953125,-2.392333984375
0.853,-20.850341796875,18.227783203125,2.172119140625
0.8535,-21.771240234375,14.904541015625,6.456298828125
0.854,-22.171630859375,11.180908203125,10.660400390625
0.8545,-22.531982421875,8.978759765625,13.182861328125
0.855,-21.050537109375,4.814697265625,15.945556640625
0.8555,-19.529052734375,1.051025390625,18.227783203125
0.856,-17.847412109375,-3.353271484375,20.870361328125
0.8565,-14.243896484375,-8.478271484375,22.351806640625
0.857,-10.280029296875,-11.721435546875,21.671142578125
0.8575,-7.677490234375,-14.764404296875,21.951416015625
0.858,-3.072998046875,-16.726318359375,19.509033203125
0.8585,1.411376953125,-19.489013671875,17.907470703125
0.859,5.975830078125,-20.810302734375,14.744384765625
0.8595,10.500244140625,-21.771240234375,11.220947265625
0.86,13.383056640625,-21.771240234375,8.458251953125
0.8605,16.305908203125,-21.090576171875,4.934814453125
0.861,18.267822265625,-19.168701171875,1.051025390625
0.8615,20.750244140625,-17.406982421875,-3.273193359375
0.862,21.551025390625,-13.883544921875,-7.717529296875
0.8625,21.671142578125,-10.280029296875,-11.401123046875
0.863,22.071533203125,-8.238037109375,-13.963623046875
0.8635,20.109619140625,-3.793701171875,-16.446044921875
0.864,18.788330078125,0.290283203125,-19.168701171875
0.8645,16.466064453125,4.694580078125,-21.290771484375
0.865,12.742431640625,9.339111328125,-22.291748046875
0.8655,9.259033203125,12.422119140625,-21.851318359375
0.866,6.055908203125,15.304931640625,-21.370849609375
0.8665,1.451416015625,17.346923828125,-18.928466796875
0.867,-3.032958984375,20.189697265625,-17.447021484375
0.8675,-7.717529296875,20.870361328125,-13.483154296875
0.868,-11.681396484375,21.591064453125,-10.360107421875
0.8685,-14.283935546875,21.671142578125,-7.877685546875
0.869,-17.046630859375,20.229736328125,-3.713623046875
0.8695,-19.088623046875,18.307861328125,0.330322265625
0.87,-21.090576171875,15.985595703125,4.654541015625
0.8705,-21.771240234375,12.582275390625,8.818603515625
0.871,-21.531005859375,9.058837890625,12.181884765625
0.8715,-21.651123046875,6.696533203125,14.624267578125
0.872,-19.489013671875,2.172119140625,17.066650390625
0.8725,-18.247802734375,-2.152099609375,20.069580078125
0.873,-14.964599609375,-6.636474609375,21.270751953125
0.8735,-11.561279296875,-10.880615234375,21.951416015625
0.874,-8.398193359375,-13.603271484375,21.631103515625
0.8745,-4.274169921875,-16.285888671875,20.189697265625
0.875,0.130126953125,-18.247802734375,17.907470703125
0.8755,4.814697265625,-21.010498046875,16.065673828125
0.876,9.218994140625,-21.170654296875,11.981689453125
0.8765,12.782470703125,-21.651123046875,8.898681640625
0.877,15.304931640625,-21.531005859375,6.376220703125
0.8775,17.947509765625,-19.729248046875,1.931884765625
0.878,20.149658203125,-17.807373046875,-2.312255859375
0.8785,21.390869140625,-14.764404296875,-6.596435546875
0.879,22.111572265625,-11.681396484375,-10.480224609375
0.8795,21.671142578125,-8.318115234375,-13.443115234375
0.88,21.110595703125,-5.355224609375,-15.925537109375
0.8805,19.028564453125,-0.910888671875,-18.327880859375
0.881,17.627197265625,3.813720703125,-21.611083984375
0.8815,13.343017578125,8.177978515625,-21.651123046875
0.882,10.380126953125,11.941650390625,-22.451904296875
0.8825,7.297119140625,14.544189453125,-21.851318359375
0.883,2.532470703125,17.306884765625,-19.889404296875
0.8835,-1.791748046875,19.348876953125,-17.767333984375
0.884,-6.836669921875,21.631103515625,-15.084716796875
0.8845,-10.640380859375,21.751220703125,-11.481201171875
0.885,-14.123779296875,21.791259765625,-8.157958984375
0.8855,-16.446044921875,21.270751953125,-5.355224609375
0.886,-19.048583984375,19.228759765625,-0.710693359375
0.8865,-21.450927734375,17.146728515625,3.853759765625
0.887,-21.731201171875,13.262939453125,8.017822265625
0.8875,-22.612060546875,10.580322265625,11.661376953125
0.888,-21.931396484375,7.096923828125,14.504150390625
0.8885,-20.770263671875,3.453369140625,17.026611328125
0.889,-18.728271484375,-1.111083984375,19.509033203125
0.8895,-16.846435546875,-6.115966796875,22.552001953125
0.89,-12.161865234375,-10.079833984375,21.911376953125
0.8905,-9.279052734375,-13.643310546875,22.552001953125
0.891,-5.755615234375,-15.925537109375,21.310791015625
0.8915,-0.630615234375,-18.848388671875,19.188720703125
0.892,3.813720703125,-20.850341796875,16.906494140625
0.8925,9.058837890625,-22.211669921875,13.102783203125
0.893,12.422119140625,-22.491943359375,10.099853515625
0.8935,15.985595703125,-22.171630859375,6.296142578125
0.894,18.107666015625,-21.010498046875,3.052978515625
0.8945,20.590087890625,-18.888427734375,-1.631591796875
0.895,22.752197265625,-16.325927734375,-6.476318359375
0.8955,22.391845703125,-11.881591796875,-10.520263671875
0.896,23.192626953125,-9.479248046875,-13.803466796875
0.8965,21.911376953125,-5.715576171875,-16.406005859375
0.897,20.349853515625,-1.391357421875,-19.208740234375
0.8975,18.227783203125,3.012939453125,-21.410888671875
0.898,15.184814453125,8.498291015625,-23.733154296875
0.8985,10.900634765625,11.941650390625,-22.932373046875
0.899,7.577392578125,15.545166015625,-23.172607421875
0.8995,3.653564453125,17.547119140625,-21.210693359375
0.9,-1.631591796875,20.469970703125,-19.008544921875
0.9005,-6.276123046875,22.311767578125,-16.406005859375
0.901,-11.281005859375,22.752197265625,-11.841552734375
0.9015,-14.283935546875,23.152587890625,-9.359130859375
0.902,-17.647216796875,22.231689453125,-5.074951171875
0.9025,-19.849365234375,20.550048828125,-1.271240234375
0.903,-21.931396484375,18.227783203125,3.253173828125
0.9035,-23.693115234375,14.984619140625,8.338134765625
0.904,-22.972412109375,10.580322265625,12.061767578125
0.9045,-23.572998046875,8.137939453125,15.184814453125
0.905,-21.771240234375,3.893798828125,17.547119140625
0.9055,-20.129638671875,-0.790771484375,20.550048828125
0.906,-17.687255859375,-5.114990234375,22.471923828125
0.9065,-13.803466796875,-10.480224609375,23.873291015625
0.907,-9.959716796875,-13.523193359375,23.192626953125
0.9075,-6.115966796875,-17.046630859375,22.792236328125
0.908,-1.711669921875,-18.928466796875,20.349853515625
0.9085,3.333251953125,-21.651123046875,18.227783203125
0.909,8.258056640625,-23.132568359375,14.864501953125
0.9095,12.782470703125,-23.052490234375,10.260009765625
0.91,15.745361328125,-23.572998046875,7.977783203125
0.9105,18.868408203125,-21.931396484375,3.213134765625
0.911,21.150634765625,-20.049560546875,-1.031005859375
0.9115,22.912353515625,-17.567138671875,-5.275146484375
0.912,24.193603515625,-13.963623046875,-10.239990234375
0.9125,23.232666015625,-9.759521484375,-13.603271484375
0.913,23.633056640625,-7.036865234375,-16.726318359375
0.9135,21.230712890625,-2.552490234375,-18.928466796875
0.914,19.589111328125,2.252197265625,-22.011474609375
0.9145,16.546142578125,6.896728515625,-23.452880859375
0.915,12.221923828125,11.821533203125,-24.053466796875
0.9155,9.018798828125,14.704345703125,-23.773193359375
0.916,4.454345703125,17.987548828125,-22.451904296875
0.9165,-0.150146484375,19.909423828125,-19.929443359375
0.917,-4.834716796875,22.431884765625,-17.847412109375
0.9175,-9.959716796875,23.472900390625,-13.883544921875
0.918,-13.883544921875,23.032470703125,-9.639404296875
0.9185,-16.886474609375,23.552978515625,-7.197021484375
0.919,-19.649169921875,21.390869140625,-2.312255859375
0.9195,-22.091552734375,19.348876953125,2.252197265625
0.92,-23.332763671875,16.426025390625,6.416259765625
0.9205,-24.253662109375,12.662353515625,11.220947265625
0.921,-23.372802734375,8.778564453125,14.303955078125
0.9215,-23.332763671875,5.535400390625,17.467041015625
0.922,-20.770263671875,0.970947265625,19.549072265625
0.9225,-19.208740234375,-3.873779296875,22.792236328125
0.923,-15.324951171875,-8.598388671875,23.593017578125
0.9235,-11.160888671875,-13.042724609375,23.833251953125
0.924,-8.197998046875,-15.885498046875,23.713134765625
0.9245,-2.872802734375,-19.008544921875,21.510986328125
0.925,1.731689453125,-21.010498046875,19.068603515625
0.9255,6.656494140625,-23.332763671875,16.586181640625
0.926,11.501220703125,-23.853271484375,12.422119140625
0.9265,15.184814453125,-23.332763671875,8.218017578125
0.927,18.107666015625,-23.492919921875,5.495361328125
0.9275,20.790283203125,-21.050537109375,0.450439453125
0.928,23.392822265625,-18.928466796875,-4.394287109375
0.9285,23.793212890625,-15.244873046875,-8.678466796875
0.929,24.674072265625,-11.681396484375,-13.122802734375
0.9295,23.753173828125,-8.037841796875,-15.925537109375
0.93,22.912353515625,-3.953857421875,-19.128662109375
0.9305,20.309814453125,0.890869140625,-21.250732421875
0.931,18.468017578125,5.975830078125,-24.493896484375
0.9315,13.783447265625,10.580322265625,-24.413818359375
0.932,9.659423828125,14.704345703125,-24.413818359375
0.9325,6.736572265625,17.306884765625,-24.093505859375
0.933,0.890869140625,20.429931640625,-21.410888671875
0.9335,-3.993896484375,22.552001953125,-18.808349609375
0.934,-9.198974609375,24.273681640625,-15.405029296875
0.9345,-13.483154296875,24.593994140625,-11.561279296875
0.935,-16.966552734375,23.793212890625,-7.357177734375
0.9355,-19.769287109375,23.232666015625,-3.993896484375
0.936,-22.291748046875,20.550048828125,1.251220703125
0.9365,-24.974365234375,18.107666015625,6.376220703125
0.937,-24.533935546875,13.463134765625,10.620361328125
0.9375,-25.254638671875,10.179931640625,14.704345703125
0.938,-24.173583984375,6.536376953125,17.346923828125
0.9385,-22.612060546875,1.891845703125,20.510009765625
0.939,-19.849365234375,-3.153076171875,22.632080078125
0.9395,-17.447021484375,-8.478271484375,25.554931640625
0.94,-12.362060546875,-12.722412109375,24.714111328125
0.9405,-8.398193359375,-16.606201171875,24.593994140625
0.941,-4.914794921875,-18.848388671875,23.392822265625
0.9415,1.171142578125,-21.891357421875,20.550048828125
0.942,6.055908203125,-24.013427734375,17.867431640625
0.9425,11.501220703125,-24.774169921875,13.262939453125
0.943,15.064697265625,-25.054443359375,10.099853515625
0.9435,18.668212890625,-23.973388671875,5.455322265625
0.944,21.190673828125,-22.772216796875,1.771728515625
0.9445,23.392822265625,-20.009521484375,-3.353271484375
0.945,25.915283203125,-17.286865234375,-8.638427734375
0.9455,24.794189453125,-12.241943359375,-12.682373046875
0.946,25.314697265625,-9.118896484375,-16.365966796875
0.9465,23.873291015625,-5.315185546875,-18.688232421875
0.947,21.911376953125,-0.230224609375,-21.851318359375
0.9475,19.188720703125,4.614501953125,-23.893310546875
0.948,15.665283203125,10.219970703125,-25.975341796875
0.9485,11.220947265625,13.863525390625,-25.134521484375
0.949,7.056884765625,17.587158203125,-24.654052734375
0.9495,3.173095703125,19.549072265625,-22.812255859375
0.95,-2.552490234375,22.431884765625,-20.089599609375
0.9505,-7.637451171875,24.634033203125,-17.326904296875
0.951,-12.682373046875,24.393798828125,-12.121826171875
0.9515,-15.965576171875,24.914306640625,-9.479248046875
0.952,-19.168701171875,23.432861328125,-4.834716796875
0.9525,-21.731201171875,21.791259765625,-0.630615234375
0.953,-23.572998046875,19.068603515625,4.013916015625
0.9535,-25.655029296875,15.785400390625,9.339111328125
0.954,-24.453857421875,11.020751953125,13.102783203125
0.9545,-24.854248046875,7.977783203125,16.586181640625
0.955,-23.132568359375,4.214111328125,18.628173828125
0.9555,-21.130615234375,-1.071044921875,21.911376953125
0.956,-18.528076171875,-5.755615234375,23.953369140625
0.9565,-14.243896484375,-11.040771484375,24.994384765625
0.957,-10.560302734375,-14.323974609375,24.593994140625
0.9575,-6.115966796875,-17.847412109375,23.633056640625
0.958,-1.911865234375,-19.889404296875,21.470947265625
0.9585,3.253173828125,-22.451904296875,18.988525390625
0.959,8.738525390625,-24.533935546875,15.745361328125
0.9595,13.142822265625,-23.853271484375,10.740478515625
0.96,16.466064453125,-24.533935546875,8.258056640625
0.9605,19.348876953125,-22.772216796875,3.573486328125
0.961,22.071533203125,-21.090576171875,-0.950927734375
0.9615,23.673095703125,-18.407958984375,-5.315185546875
0.962,25.234619140625,-14.684326171875,-10.560302734375
0.9625,24.313720703125,-10.400146484375,-14.003662109375
0.963,24.353759765625,-6.996826171875,-17.527099609375
0.9635,22.431884765625,-3.072998046875,-19.448974609375
0.964,20.510009765625,2.172119140625,-22.772216796875
0.9645,17.427001953125,7.177001953125,-24.654052734375
0.965,12.662353515625,12.181884765625,-24.894287109375
0.9655,9.659423828125,15.304931640625,-25.014404296875
0.966,4.534423828125,18.668212890625,-23.292724609375
0.9665,0.010009765625,20.950439453125,-21.010498046875
0.967,-4.914794921875,23.312744140625,-18.648193359375
0.9675,-10.640380859375,24.994384765625,-14.684326171875
0.968,-14.604248046875,24.073486328125,-9.959716796875
0.9685,-17.967529296875,24.634033203125,-7.237060546875
0.969,-20.690185546875,22.351806640625,-2.272216796875
0.9695,-23.572998046875,20.349853515625,2.652587890625
0.97,-24.654052734375,17.226806640625,7.056884765625
0.9705,-25.775146484375,13.102783203125,12.302001953125
0.971,-24.854248046875,9.098876953125,15.385009765625
0.9715,-24.413818359375,5.175048828125,18.988525390625
0.972,-21.891357421875,0.650634765625,20.990478515625
0.9725,-20.009521484375,-4.514404296875,24.273681640625
0.973,-16.085693359375,-9.679443359375,25.474853515625
0.9735,-11.160888671875,-14.404052734375,25.154541015625
0.974,-8.197998046875,-17.326904296875,25.154541015625
0.9745,-2.272216796875,-20.650146484375,22.552001953125
0.975,2.652587890625,-22.852294921875,20.029541015625
0.9755,7.617431640625,-24.934326171875,17.226806640625
0.976,13.062744140625,-25.775146484375,12.782470703125
0.9765,16.786376953125,-24.814208984375,8.137939453125
0.977,20.029541015625,-24.854248046875,4.934814453125
0.9775,22.672119140625,-22.091552734375,-0.590576171875
0.978,25.354736328125,-19.849365234375,-5.515380859375
0.9785,25.755126953125,-15.765380859375,-9.959716796875
0.979,26.475830078125,-11.721435546875,-14.804443359375
0.9795,25.314697265625,-7.837646484375,-17.567138671875
0.98,24.153564453125,-3.193115234375,-21.130615234375
0.9805,21.270751953125,1.731689453125,-23.092529296875
0.981,19.148681640625,7.056884765625,-26.255615234375
0.9815,14.263916015625,11.981689453125,-26.295654296875
0.982,9.539306640625,16.305908203125,-25.855224609375
0.9825,6.496337890625,18.908447265625,-25.454833984375
0.983,0.050048828125,22.111572265625,-22.291748046875
0.9835,-4.874755859375,24.313720703125,-19.649169921875
0.984,-10.119873046875,25.715087890625,-15.965576171875
0.9845,-14.804443359375,26.155517578125,-11.881591796875
0.985,-18.247802734375,24.874267578125,-7.197021484375
0.9855,-21.290771484375,24.273681640625,-3.593505859375
0.986,-23.693115234375,21.270751953125,1.931884765625
0.9865,-26.415771484375,18.868408203125,7.056884765625
0.987,-25.815185546875,14.063720703125,11.381103515625
0.9875,-26.415771484375,10.300048828125,15.825439453125
0.988,-25.254638671875,6.696533203125,18.267822265625
0.9885,-23.372802734375,1.531494140625,21.631103515625
0.989,-20.650146484375,-3.313232421875,23.673095703125
0.9895,-18.007568359375,-8.678466796875,26.395751953125
0.99,-13.082763671875,-13.202880859375,25.955322265625
0.9905,-8.518310546875,-17.126708984375,25.274658203125
0.991,-5.195068359375,-19.489013671875,24.353759765625
0.9915,1.171142578125,-22.491943359375,21.110595703125
0.992,6.135986328125,-24.854248046875,18.628173828125
0.9925,11.421142578125,-25.374755859375,13.903564453125
0.993,15.505126953125,-25.935302734375,10.540283203125
0.9935,18.788330078125,-24.694091796875,6.015869140625
0.994,21.631103515625,-23.452880859375,1.971923828125
0.9945,23.833251953125,-20.489990234375,-3.193115234375
0.995,26.435791015625,-17.887451171875,-8.478271484375
0.9955,25.474853515625,-12.962646484375,-12.522216796875
0.996,25.875244140625,-9.359130859375,-16.566162109375
0.9965,24.634033203125,-5.955810546875,-18.848388671875
0.997,22.431884765625,-0.470458984375,-22.171630859375
0.9975,19.869384765625,4.414306640625,-24.373779296875
0.998,16.345947265625,9.939697265625,-26.295654296875
0.9985,11.981689453125,13.943603515625,-25.975341796875
0.999,7.497314453125,17.627197265625,-25.134521484375
0.9995,3.693603515625,19.869384765625,-23.572998046875
