wavelength,x,y,z
0.0,0.410400390625,-6.716552734375,4.093994140625
0.0005,-0.630615234375,-6.796630859375,5.175048828125
0.001,-1.311279296875,-6.916748046875,5.975830078125
0.0015,-2.312255859375,-6.276123046875,6.416259765625
0.002,-3.673583984375,-4.914794921875,6.736572265625
0.0025,-4.874755859375,-3.593505859375,6.936767578125
0.003,-5.915771484375,-2.192138671875,6.896728515625
0.0035,-6.356201171875,-1.151123046875,6.696533203125
0.004,-6.356201171875,-0.350341796875,6.216064453125
0.0045,-6.115966796875,0.650634765625,5.335205078125
0.005,-5.755615234375,1.891845703125,4.093994140625
0.0055,-5.555419921875,3.293212890625,2.732666015625
0.006,-5.275146484375,4.494384765625,1.451416015625
0.0065,-4.954833984375,5.255126953125,0.570556640625
0.007,-4.234130859375,5.575439453125,-0.390380859375
0.0075,-3.072998046875,5.735595703125,-1.591552734375
0.008,-1.791748046875,5.975830078125,-3.113037109375
0.0085,-0.470458984375,6.055908203125,-4.554443359375
0.009,0.490478515625,6.135986328125,-5.515380859375
0.0095,1.171142578125,6.055908203125,-6.276123046875
0.01,2.292236328125,5.255126953125,-6.716552734375
0.0105,3.693603515625,3.853759765625,-6.996826171875
0.011,4.894775390625,2.492431640625,-7.116943359375
0.0115,5.735595703125,1.131103515625,-6.996826171875
0.012,6.095947265625,0.290283203125,-6.796630859375
0.0125,5.975830078125,-0.630615234375,-6.196044921875
0.013,5.655517578125,-1.751708984375,-5.114990234375
0.0135,5.375244140625,-3.072998046875,-3.833740234375
0.014,5.094970703125,-4.474365234375,-2.432373046875
0.0145,4.814697265625,-5.515380859375,-1.271240234375
0.015,4.454345703125,-6.115966796875,-0.430419921875
0.0155,3.533447265625,-6.396240234375,0.650634765625
0.016,2.252197265625,-6.516357421875,2.052001953125
0.0165,0.890869140625,-6.756591796875,3.613525390625
0.017,-0.390380859375,-6.796630859375,4.894775390625
0.0175,-1.151123046875,-6.916748046875,5.735595703125
0.018,-1.951904296875,-6.516357421875,6.376220703125
0.0185,-3.233154296875,-5.435302734375,6.736572265625
0.019,-4.514404296875,-4.033935546875,6.976806640625
0.0195,-5.675537109375,-2.592529296875,7.016845703125
0.02,-6.276123046875,-1.431396484375,6.776611328125
0.0205,-6.436279296875,-0.630615234375,6.456298828125
0.021,-6.276123046875,0.370361328125,5.735595703125
0.0215,-5.915771484375,1.531494140625,4.494384765625
0.022,-5.675537109375,2.932861328125,3.173095703125
0.0225,-5.395263671875,4.214111328125,1.851806640625
0.023,-5.114990234375,5.135009765625,0.770751953125
0.0235,-4.514404296875,5.615478515625,0.010009765625
0.024,-3.553466796875,5.775634765625,-1.191162109375
0.0245,-2.152099609375,5.935791015625,-2.712646484375
0.025,-0.790771484375,6.095947265625,-4.234130859375
0.0255,0.290283203125,6.135986328125,-5.395263671875
0.026,0.970947265625,6.256103515625,-6.156005859375
0.0265,1.971923828125,5.615478515625,-6.676513671875
0.027,3.413330078125,4.254150390625,-6.996826171875
0.0275,4.614501953125,2.892822265625,-7.156982421875
0.028,5.615478515625,1.491455078125,-7.076904296875
0.0285,6.095947265625,0.450439453125,-6.876708984375
0.029,6.055908203125,-0.470458984375,-6.396240234375
0.0295,5.775634765625,-1.431396484375,-5.475341796875
0.03,5.455322265625,-2.632568359375,-4.194091796875
0.0305,5.215087890625,-4.073974609375,-2.832763671875
0.031,4.854736328125,-5.235107421875,-1.551513671875
0.0315,4.614501953125,-5.955810546875,-0.630615234375
0.032,3.853759765625,-6.276123046875,0.330322265625
0.0325,2.692626953125,-6.436279296875,1.531494140625
0.033,1.331298828125,-6.676513671875,3.052978515625
0.0335,0.010009765625,-6.756591796875,4.454345703125
0.034,-0.950927734375,-6.756591796875,5.415283203125
0.0345,-1.591552734375,-6.676513671875,6.095947265625
0.035,-2.632568359375,-5.875732421875,6.496337890625
0.0355,-3.953857421875,-4.514404296875,6.736572265625
0.036,-5.114990234375,-3.153076171875,6.856689453125
0.0365,-5.955810546875,-1.831787109375,6.696533203125
0.037,-6.276123046875,-0.990966796875,6.536376953125
0.0375,-6.156005859375,-0.270263671875,5.935791015625
0.038,-5.835693359375,0.850830078125,4.974853515625
0.0385,-5.635498046875,2.052001953125,3.773681640625
0.039,-5.355224609375,3.413330078125,2.452392578125
0.0395,-5.114990234375,4.494384765625,1.331298828125
0.04,-4.754638671875,5.094970703125,0.570556640625
0.0405,-4.033935546875,5.415283203125,-0.470458984375
0.041,-2.832763671875,5.495361328125,-1.671630859375
0.0415,-1.631591796875,5.815673828125,-3.193115234375
0.042,-0.430419921875,5.895751953125,-4.474365234375
0.0425,0.370361328125,6.135986328125,-5.435302734375
0.043,1.171142578125,5.895751953125,-6.075927734375
0.0435,2.372314453125,4.974853515625,-6.476318359375
0.044,3.653564453125,3.693603515625,-6.756591796875
0.0445,4.774658203125,2.332275390625,-6.876708984375
0.045,5.495361328125,1.131103515625,-6.716552734375
0.0455,5.735595703125,0.410400390625,-6.556396484375
0.046,5.655517578125,-0.510498046875,-5.955810546875
0.0465,5.375244140625,-1.591552734375,-4.874755859375
0.047,5.175048828125,-2.872802734375,-3.713623046875
0.0475,4.974853515625,-4.194091796875,-2.392333984375
0.048,4.774658203125,-5.155029296875,-1.431396484375
0.0485,4.294189453125,-5.755615234375,-0.630615234375
0.049,3.453369140625,-6.035888671875,0.490478515625
0.0495,2.252197265625,-6.276123046875,1.771728515625
0.05,0.930908203125,-6.396240234375,3.333251953125
0.0505,-0.190185546875,-6.556396484375,4.494384765625
0.051,-0.790771484375,-6.716552734375,5.295166015625
0.0515,-1.671630859375,-6.276123046875,5.815673828125
0.052,-2.912841796875,-5.155029296875,6.176025390625
0.0525,-4.154052734375,-3.953857421875,6.416259765625
0.053,-5.114990234375,-2.672607421875,6.456298828125
0.0535,-5.715576171875,-1.671630859375,6.416259765625
0.054,-5.755615234375,-0.990966796875,6.095947265625
0.0545,-5.635498046875,-0.150146484375,5.415283203125
0.055,-5.435302734375,0.970947265625,4.414306640625
0.0555,-5.315185546875,2.292236328125,3.213134765625
0.056,-5.074951171875,3.493408203125,2.092041015625
0.0565,-4.954833984375,4.334228515625,1.251220703125
0.057,-4.434326171875,4.734619140625,0.490478515625
0.0575,-3.553466796875,4.974853515625,-0.670654296875
0.058,-2.512451171875,5.415283203125,-1.951904296875
0.0585,-1.271240234375,5.575439453125,-3.353271484375
0.059,-0.470458984375,5.775634765625,-4.434326171875
0.0595,0.330322265625,5.895751953125,-5.195068359375
0.06,1.291259765625,5.415283203125,-5.755615234375
0.0605,2.532470703125,4.334228515625,-6.115966796875
0.061,3.693603515625,3.173095703125,-6.396240234375
0.0615,4.614501953125,1.971923828125,-6.436279296875
0.062,5.135009765625,1.171142578125,-6.436279296875
0.0625,5.215087890625,0.450439453125,-6.115966796875
0.063,5.094970703125,-0.550537109375,-5.395263671875
0.0635,4.974853515625,-1.631591796875,-4.474365234375
0.064,4.854736328125,-2.912841796875,-3.273193359375
0.0645,4.734619140625,-4.114013671875,-2.232177734375
0.065,4.534423828125,-4.874755859375,-1.471435546875
0.0655,3.973876953125,-5.395263671875,-0.670654296875
0.066,3.052978515625,-5.595458984375,0.570556640625
0.0665,1.971923828125,-5.995849609375,1.931884765625
0.067,0.930908203125,-6.196044921875,3.213134765625
0.0675,0.170166015625,-6.516357421875,4.294189453125
0.068,-0.670654296875,-6.436279296875,4.974853515625
0.0685,-1.751708984375,-5.755615234375,5.495361328125
0.069,-2.912841796875,-4.754638671875,5.895751953125
0.0695,-4.114013671875,-3.553466796875,6.135986328125
0.07,-4.954833984375,-2.512451171875,6.135986328125
0.0705,-5.275146484375,-1.791748046875,6.135986328125
0.071,-5.395263671875,-1.031005859375,5.735595703125
0.0715,-5.235107421875,0.010009765625,4.934814453125
0.072,-5.195068359375,1.131103515625,4.013916015625
0.0725,-5.114990234375,2.372314453125,2.892822265625
0.073,-5.034912109375,3.373291015625,2.052001953125
0.0735,-4.754638671875,4.013916015625,1.251220703125
0.074,-4.114013671875,4.494384765625,0.370361328125
0.0745,-3.193115234375,4.854736328125,-0.910888671875
0.075,-2.152099609375,5.255126953125,-2.272216796875
0.0755,-1.231201171875,5.495361328125,-3.433349609375
0.076,-0.550537109375,5.815673828125,-4.474365234375
0.0765,0.450439453125,5.615478515625,-5.114990234375
0.077,1.571533203125,4.774658203125,-5.595458984375
0.0775,2.812744140625,3.773681640625,-5.995849609375
0.078,3.853759765625,2.612548828125,-6.156005859375
0.0785,4.574462890625,1.691650390625,-6.276123046875
0.079,4.854736328125,1.010986328125,-6.115966796875
0.0795,4.854736328125,0.250244140625,-5.635498046875
0.08,4.814697265625,-0.830810546875,-4.834716796875
0.0805,4.774658203125,-2.112060546875,-3.873779296875
0.081,4.654541015625,-3.313232421875,-2.792724609375
0.0815,4.614501953125,-4.274169921875,-1.991943359375
0.082,4.214111328125,-4.794677734375,-1.231201171875
0.0825,3.493408203125,-5.155029296875,-0.270263671875
0.083,2.572509765625,-5.595458984375,1.091064453125
0.0835,1.491455078125,-5.915771484375,2.412353515625
0.084,0.690673828125,-6.236083984375,3.533447265625
0.0845,0.010009765625,-6.396240234375,4.414306640625
0.085,-0.990966796875,-6.035888671875,5.054931640625
0.0855,-2.192138671875,-5.155029296875,5.415283203125
0.086,-3.393310546875,-4.114013671875,5.815673828125
0.0865,-4.354248046875,-2.952880859375,5.935791015625
0.087,-4.954833984375,-2.272216796875,6.095947265625
0.0875,-5.114990234375,-1.551513671875,5.815673828125
0.088,-5.074951171875,-0.710693359375,5.215087890625
0.0885,-5.074951171875,0.370361328125,4.494384765625
0.089,-5.114990234375,1.651611328125,3.453369140625
0.0895,-5.034912109375,2.772705078125,2.492431640625
0.09,-4.874755859375,3.653564453125,1.771728515625
0.0905,-4.474365234375,4.174072265625,0.930908203125
0.091,-3.633544921875,4.534423828125,-0.270263671875
0.0915,-2.752685546875,5.054931640625,-1.551513671875
0.092,-1.751708984375,5.375244140625,-2.832763671875
0.0925,-0.990966796875,5.735595703125,-3.873779296875
0.093,-0.230224609375,5.735595703125,-4.674560546875
0.0935,0.970947265625,5.135009765625,-5.275146484375
0.094,2.212158203125,4.214111328125,-5.755615234375
0.0945,3.413330078125,3.052978515625,-6.035888671875
0.095,4.254150390625,2.052001953125,-6.156005859375
0.0955,4.734619140625,1.331298828125,-6.196044921875
0.096,4.854736328125,0.610595703125,-5.835693359375
0.0965,4.774658203125,-0.470458984375,-5.114990234375
0.097,4.814697265625,-1.631591796875,-4.234130859375
0.0975,4.734619140625,-2.912841796875,-3.193115234375
0.098,4.654541015625,-3.913818359375,-2.272216796875
0.0985,4.414306640625,-4.594482421875,-1.551513671875
0.099,3.773681640625,-5.074951171875,-0.590576171875
0.0995,2.892822265625,-5.435302734375,0.690673828125
0.1,1.811767578125,-5.835693359375,2.092041015625
0.1005,0.930908203125,-6.115966796875,3.253173828125
0.101,0.250244140625,-6.436279296875,4.294189453125
0.1015,-0.710693359375,-6.236083984375,4.934814453125
0.102,-1.951904296875,-5.395263671875,5.415283203125
0.1025,-3.153076171875,-4.354248046875,5.815673828125
0.103,-4.234130859375,-3.193115234375,6.015869140625
0.1035,-4.954833984375,-2.272216796875,6.095947265625
0.104,-5.195068359375,-1.591552734375,5.895751953125
0.1045,-5.155029296875,-0.830810546875,5.375244140625
0.105,-5.114990234375,0.290283203125,4.574462890625
0.1055,-5.114990234375,1.531494140625,3.533447265625
0.106,-4.994873046875,2.772705078125,2.532470703125
0.1065,-4.954833984375,3.693603515625,1.731689453125
0.107,-4.514404296875,4.174072265625,0.930908203125
0.1075,-3.713623046875,4.574462890625,-0.150146484375
0.108,-2.792724609375,5.054931640625,-1.471435546875
0.1085,-1.711669921875,5.375244140625,-2.832763671875
0.109,-0.910888671875,5.735595703125,-3.913818359375
0.1095,-0.190185546875,5.815673828125,-4.794677734375
0.11,0.930908203125,5.335205078125,-5.435302734375
0.1105,2.172119140625,4.334228515625,-5.835693359375
0.111,3.453369140625,3.173095703125,-6.196044921875
0.1115,4.414306640625,2.052001953125,-6.276123046875
0.112,4.934814453125,1.251220703125,-6.316162109375
0.1125,5.054931640625,0.490478515625,-5.995849609375
0.113,4.934814453125,-0.550537109375,-5.235107421875
0.1135,4.814697265625,-1.671630859375,-4.314208984375
0.114,4.814697265625,-3.032958984375,-3.193115234375
0.1145,4.694580078125,-4.114013671875,-2.152099609375
0.115,4.494384765625,-4.874755859375,-1.391357421875
0.1155,3.853759765625,-5.275146484375,-0.510498046875
0.116,2.852783203125,-5.595458984375,0.770751953125
0.1165,1.771728515625,-5.995849609375,2.212158203125
0.117,0.770751953125,-6.276123046875,3.493408203125
0.1175,0.050048828125,-6.516357421875,4.494384765625
0.118,-0.870849609375,-6.356201171875,5.175048828125
0.1185,-2.031982421875,-5.555419921875,5.655517578125
0.119,-3.313232421875,-4.434326171875,6.015869140625
0.1195,-4.514404296875,-3.193115234375,6.256103515625
0.12,-5.195068359375,-2.072021484375,6.216064453125
0.1205,-5.515380859375,-1.431396484375,6.095947265625
0.121,-5.435302734375,-0.670654296875,5.575439453125
0.1215,-5.275146484375,0.450439453125,4.614501953125
0.122,-5.275146484375,1.771728515625,3.573486328125
0.1225,-5.114990234375,3.052978515625,2.412353515625
0.123,-4.994873046875,3.973876953125,1.531494140625
0.1235,-4.554443359375,4.534423828125,0.770751953125
0.124,-3.793701171875,4.854736328125,-0.310302734375
0.1245,-2.712646484375,5.175048828125,-1.591552734375
0.125,-1.591552734375,5.535400390625,-3.072998046875
0.1255,-0.630615234375,5.735595703125,-4.194091796875
0.126,0.130126953125,6.015869140625,-5.155029296875
0.1265,1.091064453125,5.535400390625,-5.715576171875
0.127,2.412353515625,4.494384765625,-6.156005859375
0.1275,3.693603515625,3.253173828125,-6.476318359375
0.128,4.734619140625,1.971923828125,-6.556396484375
0.1285,5.295166015625,0.970947265625,-6.556396484375
0.129,5.415283203125,0.250244140625,-6.236083984375
0.1295,5.295166015625,-0.790771484375,-5.515380859375
0.13,5.094970703125,-1.911865234375,-4.394287109375
0.1305,5.014892578125,-3.353271484375,-3.153076171875
0.131,4.814697265625,-4.514404296875,-1.991943359375
0.1315,4.614501953125,-5.355224609375,-1.151123046875
0.132,3.973876953125,-5.755615234375,-0.270263671875
0.1325,2.892822265625,-5.955810546875,1.051025390625
0.133,1.651611328125,-6.356201171875,2.532470703125
0.1335,0.450439453125,-6.516357421875,3.973876953125
0.134,-0.470458984375,-6.716552734375,4.974853515625
0.1345,-1.231201171875,-6.596435546875,5.695556640625
0.135,-2.352294921875,-5.795654296875,6.216064453125
0.1355,-3.713623046875,-4.514404296875,6.536376953125
0.136,-4.954833984375,-3.153076171875,6.696533203125
0.1365,-5.755615234375,-1.951904296875,6.616455078125
0.137,-6.115966796875,-1.111083984375,6.416259765625
0.1375,-6.035888671875,-0.310302734375,5.815673828125
0.138,-5.755615234375,0.970947265625,4.734619140625
0.1385,-5.555419921875,2.252197265625,3.533447265625
0.139,-5.355224609375,3.693603515625,2.212158203125
0.1395,-5.114990234375,4.654541015625,1.131103515625
0.14,-4.674560546875,5.255126953125,0.330322265625
0.1405,-3.833740234375,5.495361328125,-0.710693359375
0.141,-2.512451171875,5.655517578125,-2.112060546875
0.1415,-1.231201171875,5.935791015625,-3.713623046875
0.142,0.010009765625,6.055908203125,-4.914794921875
0.1425,0.650634765625,6.135986328125,-5.795654296875
0.143,1.571533203125,5.735595703125,-6.396240234375
0.1435,2.932861328125,4.534423828125,-6.756591796875
0.144,4.214111328125,3.173095703125,-6.996826171875
0.1445,5.335205078125,1.731689453125,-7.036865234375
0.145,5.895751953125,0.610595703125,-6.836669921875
0.1455,5.975830078125,-0.310302734375,-6.476318359375
0.146,5.735595703125,-1.151123046875,-5.715576171875
0.1465,5.415283203125,-2.432373046875,-4.394287109375
0.147,5.255126953125,-3.793701171875,-3.072998046875
0.1475,4.934814453125,-5.034912109375,-1.711669921875
0.148,4.614501953125,-5.875732421875,-0.790771484375
0.1485,3.973876953125,-6.276123046875,0.130126953125
0.149,2.892822265625,-6.396240234375,1.291259765625
0.1495,1.531494140625,-6.596435546875,2.812744140625
0.15,0.170166015625,-6.716552734375,4.334228515625
0.1505,-0.870849609375,-6.796630859375,5.375244140625
0.151,-1.511474609375,-6.796630859375,6.135986328125
0.1515,-2.512451171875,-6.115966796875,6.536376953125
0.152,-3.873779296875,-4.674560546875,6.856689453125
0.1525,-5.114990234375,-3.353271484375,6.976806640625
0.153,-6.035888671875,-1.991943359375,6.896728515625
0.1535,-6.476318359375,-0.990966796875,6.656494140625
0.154,-6.356201171875,-0.190185546875,6.095947265625
0.1545,-6.035888671875,0.890869140625,5.135009765625
0.155,-5.715576171875,2.092041015625,3.853759765625
0.1555,-5.475341796875,3.533447265625,2.492431640625
0.156,-5.195068359375,4.654541015625,1.291259765625
0.1565,-4.834716796875,5.375244140625,0.450439453125
0.157,-4.114013671875,5.615478515625,-0.550537109375
0.1575,-2.872802734375,5.735595703125,-1.791748046875
0.158,-1.591552734375,6.015869140625,-3.313232421875
0.1585,-0.310302734375,6.095947265625,-4.714599609375
0.159,0.610595703125,6.216064453125,-5.675537109375
0.1595,1.291259765625,6.055908203125,-6.316162109375
0.16,2.492431640625,5.135009765625,-6.756591796875
0.1605,3.853759765625,3.693603515625,-7.036865234375
0.161,5.054931640625,2.292236328125,-7.116943359375
0.1615,5.775634765625,0.970947265625,-6.996826171875
0.162,6.095947265625,0.170166015625,-6.716552734375
0.1625,5.935791015625,-0.750732421875,-6.115966796875
0.163,5.575439453125,-1.831787109375,-4.994873046875
0.1635,5.375244140625,-3.193115234375,-3.673583984375
0.164,5.094970703125,-4.554443359375,-2.272216796875
0.1645,4.814697265625,-5.595458984375,-1.191162109375
0.165,4.414306640625,-6.156005859375,-0.350341796875
0.1655,3.493408203125,-6.396240234375,0.730712890625
0.166,2.172119140625,-6.516357421875,2.132080078125
0.1665,0.770751953125,-6.716552734375,3.733642578125
0.167,-0.510498046875,-6.796630859375,4.974853515625
0.1675,-1.151123046875,-6.916748046875,5.815673828125
0.168,-1.991943359375,-6.476318359375,6.416259765625
0.1685,-3.273193359375,-5.315185546875,6.696533203125
0.169,-4.594482421875,-3.953857421875,6.976806640625
0.1695,-5.755615234375,-2.552490234375,6.976806640625
0.17,-6.356201171875,-1.311279296875,6.776611328125
0.1705,-6.396240234375,-0.590576171875,6.416259765625
0.171,-6.196044921875,0.410400390625,5.615478515625
0.1715,-5.835693359375,1.611572265625,4.414306640625
0.172,-5.635498046875,3.052978515625,3.052978515625
0.1725,-5.395263671875,4.334228515625,1.731689453125
0.173,-5.074951171875,5.175048828125,0.730712890625
0.1735,-4.474365234375,5.575439453125,-0.190185546875
0.174,-3.393310546875,5.735595703125,-1.311279296875
0.1745,-2.072021484375,5.975830078125,-2.832763671875
0.175,-0.670654296875,6.135986328125,-4.354248046875
0.1755,0.410400390625,6.216064453125,-5.475341796875
0.176,1.091064453125,6.256103515625,-6.276123046875
0.1765,2.092041015625,5.495361328125,-6.716552734375
0.177,3.533447265625,4.134033203125,-7.036865234375
0.1775,4.734619140625,2.732666015625,-7.237060546875
0.178,5.735595703125,1.371337890625,-7.076904296875
0.1785,6.135986328125,0.330322265625,-6.916748046875
0.179,6.095947265625,-0.590576171875,-6.356201171875
0.1795,5.775634765625,-1.551513671875,-5.395263671875
0.18,5.415283203125,-2.832763671875,-4.033935546875
0.1805,5.255126953125,-4.274169921875,-2.592529296875
0.181,4.854736328125,-5.395263671875,-1.351318359375
0.1815,4.534423828125,-6.115966796875,-0.510498046875
0.182,3.693603515625,-6.356201171875,0.490478515625
0.1825,2.492431640625,-6.476318359375,1.771728515625
0.183,1.131103515625,-6.716552734375,3.293212890625
0.1835,-0.310302734375,-6.716552734375,4.654541015625
0.184,-1.071044921875,-6.796630859375,5.615478515625
0.1845,-1.751708984375,-6.676513671875,6.216064453125
0.185,-2.832763671875,-5.755615234375,6.616455078125
0.1855,-4.194091796875,-4.394287109375,6.776611328125
0.186,-5.315185546875,-2.952880859375,6.896728515625
0.1865,-6.115966796875,-1.631591796875,6.696533203125
0.187,-6.316162109375,-0.910888671875,6.456298828125
0.1875,-6.115966796875,0.010009765625,5.855712890625
0.188,-5.755615234375,1.051025390625,4.814697265625
0.1885,-5.555419921875,2.252197265625,3.573486328125
0.189,-5.315185546875,3.613525390625,2.252197265625
0.1895,-5.074951171875,4.614501953125,1.171142578125
0.19,-4.674560546875,5.175048828125,0.370361328125
0.1905,-3.873779296875,5.415283203125,-0.630615234375
0.191,-2.672607421875,5.575439453125,-1.871826171875
0.1915,-1.431396484375,5.855712890625,-3.313232421875
0.192,-0.310302734375,5.935791015625,-4.594482421875
0.1925,0.450439453125,6.095947265625,-5.515380859375
0.193,1.291259765625,5.775634765625,-6.115966796875
0.1935,2.412353515625,4.814697265625,-6.476318359375
0.194,3.693603515625,3.613525390625,-6.716552734375
0.1945,4.814697265625,2.252197265625,-6.876708984375
0.195,5.495361328125,1.131103515625,-6.716552734375
0.1955,5.735595703125,0.370361328125,-6.516357421875
0.196,5.615478515625,-0.550537109375,-5.915771484375
0.1965,5.335205078125,-1.631591796875,-4.834716796875
0.197,5.175048828125,-2.912841796875,-3.633544921875
0.1975,4.974853515625,-4.274169921875,-2.312255859375
0.198,4.774658203125,-5.195068359375,-1.391357421875
0.1985,4.254150390625,-5.755615234375,-0.590576171875
0.199,3.373291015625,-5.995849609375,0.570556640625
0.1995,2.212158203125,-6.276123046875,1.931884765625
0.2,0.890869140625,-6.436279296875,3.413330078125
0.2005,-0.190185546875,-6.676513671875,4.534423828125
0.201,-0.830810546875,-6.796630859375,5.415283203125
0.2015,-1.791748046875,-6.316162109375,5.935791015625
0.202,-3.032958984375,-5.114990234375,6.256103515625
0.2025,-4.274169921875,-3.873779296875,6.536376953125
0.203,-5.315185546875,-2.552490234375,6.536376953125
0.2035,-5.835693359375,-1.591552734375,6.496337890625
0.204,-5.875732421875,-0.830810546875,6.095947265625
0.2045,-5.715576171875,0.130126953125,5.335205078125
0.205,-5.475341796875,1.251220703125,4.294189453125
0.2055,-5.355224609375,2.612548828125,3.052978515625
0.206,-5.155029296875,3.813720703125,1.891845703125
0.2065,-4.954833984375,4.574462890625,1.051025390625
0.207,-4.314208984375,4.974853515625,0.250244140625
0.2075,-3.353271484375,5.175048828125,-0.990966796875
0.208,-2.232177734375,5.535400390625,-2.352294921875
0.2085,-0.990966796875,5.655517578125,-3.753662109375
0.209,-0.230224609375,5.895751953125,-4.834716796875
0.2095,0.610595703125,5.855712890625,-5.555419921875
0.21,1.611572265625,5.255126953125,-6.035888671875
0.2105,2.852783203125,4.134033203125,-6.356201171875
0.211,4.093994140625,2.852783203125,-6.556396484375
0.2115,4.934814453125,1.611572265625,-6.516357421875
0.212,5.375244140625,0.850830078125,-6.436279296875
0.2125,5.335205078125,0.090087890625,-6.035888671875
0.213,5.094970703125,-0.990966796875,-5.155029296875
0.2135,4.974853515625,-2.112060546875,-4.154052734375
0.214,4.854736328125,-3.393310546875,-2.912841796875
0.2145,4.694580078125,-4.514404296875,-1.871826171875
0.215,4.454345703125,-5.155029296875,-1.111083984375
0.2155,3.773681640625,-5.515380859375,-0.270263671875
0.216,2.732666015625,-5.755615234375,0.970947265625
0.2165,1.571533203125,-6.115966796875,2.412353515625
0.217,0.530517578125,-6.316162109375,3.653564453125
0.2175,-0.310302734375,-6.596435546875,4.614501953125
0.218,-0.990966796875,-6.356201171875,5.295166015625
0.2185,-2.072021484375,-5.595458984375,5.695556640625
0.219,-3.273193359375,-4.514404296875,6.055908203125
0.2195,-4.434326171875,-3.273193359375,6.216064453125
0.22,-5.155029296875,-2.232177734375,6.216064453125
0.2205,-5.435302734375,-1.551513671875,6.095947265625
0.221,-5.435302734375,-0.790771484375,5.615478515625
0.2215,-5.235107421875,0.250244140625,4.814697265625
0.222,-5.235107421875,1.411376953125,3.853759765625
0.2225,-5.114990234375,2.692626953125,2.692626953125
0.223,-4.994873046875,3.693603515625,1.811767578125
0.2235,-4.634521484375,4.254150390625,1.091064453125
0.224,-3.993896484375,4.614501953125,0.170166015625
0.2245,-3.072998046875,4.974853515625,-1.151123046875
0.225,-1.951904296875,5.295166015625,-2.512451171875
0.2255,-1.071044921875,5.535400390625,-3.713623046875
0.226,-0.390380859375,5.855712890625,-4.594482421875
0.2265,0.610595703125,5.535400390625,-5.235107421875
0.227,1.771728515625,4.734619140625,-5.675537109375
0.2275,2.932861328125,3.693603515625,-6.075927734375
0.228,3.973876953125,2.532470703125,-6.196044921875
0.2285,4.694580078125,1.571533203125,-6.276123046875
0.229,4.894775390625,0.930908203125,-6.115966796875
0.2295,4.894775390625,0.130126953125,-5.595458984375
0.23,4.814697265625,-0.950927734375,-4.794677734375
0.2305,4.814697265625,-2.192138671875,-3.793701171875
0.231,4.654541015625,-3.393310546875,-2.712646484375
0.2315,4.614501953125,-4.314208984375,-1.951904296875
0.232,4.174072265625,-4.834716796875,-1.151123046875
0.2325,3.413330078125,-5.235107421875,-0.190185546875
0.233,2.532470703125,-5.715576171875,1.171142578125
0.2335,1.371337890625,-5.955810546875,2.532470703125
0.234,0.650634765625,-6.276123046875,3.613525390625
0.2345,0.010009765625,-6.396240234375,4.454345703125
0.235,-1.071044921875,-5.995849609375,5.054931640625
0.2355,-2.232177734375,-5.114990234375,5.455322265625
0.236,-3.393310546875,-4.033935546875,5.815673828125
0.2365,-4.394287109375,-2.912841796875,5.935791015625
0.237,-4.954833984375,-2.232177734375,6.055908203125
0.2375,-5.114990234375,-1.511474609375,5.815673828125
0.238,-5.074951171875,-0.670654296875,5.175048828125
0.2385,-5.074951171875,0.450439453125,4.454345703125
0.239,-5.074951171875,1.731689453125,3.413330078125
0.2395,-4.994873046875,2.852783203125,2.492431640625
0.24,-4.874755859375,3.613525390625,1.771728515625
0.2405,-4.434326171875,4.134033203125,0.930908203125
0.241,-3.633544921875,4.494384765625,-0.270263671875
0.2415,-2.712646484375,5.014892578125,-1.591552734375
0.242,-1.711669921875,5.375244140625,-2.872802734375
0.2425,-0.990966796875,5.735595703125,-3.913818359375
0.243,-0.150146484375,5.695556640625,-4.714599609375
0.2435,1.010986328125,5.094970703125,-5.275146484375
0.244,2.212158203125,4.174072265625,-5.755615234375
0.2445,3.453369140625,3.052978515625,-6.035888671875
0.245,4.294189453125,2.052001953125,-6.156005859375
0.2455,4.734619140625,1.291259765625,-6.156005859375
0.246,4.814697265625,0.610595703125,-5.795654296875
0.2465,4.734619140625,-0.470458984375,-5.114990234375
0.247,4.814697265625,-1.671630859375,-4.154052734375
0.2475,4.734619140625,-2.912841796875,-3.113037109375
0.248,4.694580078125,-3.993896484375,-2.232177734375
0.2485,4.414306640625,-4.634521484375,-1.431396484375
0.249,3.693603515625,-5.114990234375,-0.510498046875
0.2495,2.812744140625,-5.515380859375,0.770751953125
0.25,1.771728515625,-5.875732421875,2.172119140625
0.2505,0.890869140625,-6.156005859375,3.373291015625
0.251,0.170166015625,-6.436279296875,4.334228515625
0.2515,-0.790771484375,-6.115966796875,4.974853515625
0.252,-1.991943359375,-5.315185546875,5.415283203125
0.2525,-3.233154296875,-4.234130859375,5.815673828125
0.253,-4.314208984375,-3.072998046875,6.015869140625
0.2535,-4.994873046875,-2.232177734375,6.095947265625
0.254,-5.195068359375,-1.551513671875,5.895751953125
0.2545,-5.155029296875,-0.710693359375,5.255126953125
0.255,-5.074951171875,0.370361328125,4.494384765625
0.2555,-5.114990234375,1.651611328125,3.493408203125
0.256,-4.994873046875,2.852783203125,2.412353515625
0.2565,-4.874755859375,3.693603515625,1.611572265625
0.257,-4.434326171875,4.174072265625,0.890869140625
0.2575,-3.673583984375,4.534423828125,-0.270263671875
0.258,-2.712646484375,5.014892578125,-1.551513671875
0.2585,-1.671630859375,5.375244140625,-2.872802734375
0.259,-0.910888671875,5.695556640625,-3.953857421875
0.2595,-0.150146484375,5.735595703125,-4.794677734375
0.26,0.970947265625,5.255126953125,-5.395263671875
0.2605,2.212158203125,4.294189453125,-5.795654296875
0.261,3.493408203125,3.093017578125,-6.115966796875
0.2615,4.374267578125,1.971923828125,-6.236083984375
0.262,4.894775390625,1.251220703125,-6.276123046875
0.2625,4.974853515625,0.530517578125,-5.915771484375
0.263,4.854736328125,-0.510498046875,-5.195068359375
0.2635,4.814697265625,-1.631591796875,-4.234130859375
0.264,4.774658203125,-2.912841796875,-3.193115234375
0.2645,4.654541015625,-4.114013671875,-2.192138671875
0.265,4.454345703125,-4.834716796875,-1.431396484375
0.2655,3.813720703125,-5.275146484375,-0.590576171875
0.266,2.852783203125,-5.475341796875,0.690673828125
0.2665,1.851806640625,-5.915771484375,2.092041015625
0.267,0.770751953125,-6.196044921875,3.373291015625
0.2675,0.090087890625,-6.476318359375,4.414306640625
0.268,-0.790771484375,-6.356201171875,5.094970703125
0.2685,-1.951904296875,-5.515380859375,5.575439453125
0.269,-3.193115234375,-4.474365234375,5.935791015625
0.2695,-4.394287109375,-3.193115234375,6.176025390625
0.27,-5.155029296875,-2.192138671875,6.216064453125
0.2705,-5.435302734375,-1.471435546875,6.055908203125
0.271,-5.435302734375,-0.670654296875,5.535400390625
0.2715,-5.235107421875,0.410400390625,4.614501953125
0.272,-5.195068359375,1.651611328125,3.613525390625
0.2725,-5.114990234375,2.892822265625,2.492431640625
0.273,-4.994873046875,3.893798828125,1.571533203125
0.2735,-4.594482421875,4.414306640625,0.770751953125
0.274,-3.793701171875,4.814697265625,-0.270263671875
0.2745,-2.752685546875,5.135009765625,-1.591552734375
0.275,-1.591552734375,5.495361328125,-3.032958984375
0.2755,-0.670654296875,5.735595703125,-4.154052734375
0.276,0.130126953125,5.935791015625,-5.114990234375
0.2765,1.051025390625,5.455322265625,-5.675537109375
0.277,2.372314453125,4.414306640625,-6.115966796875
0.2775,3.653564453125,3.173095703125,-6.436279296875
0.278,4.694580078125,1.931884765625,-6.476318359375
0.2785,5.255126953125,1.010986328125,-6.516357421875
0.279,5.375244140625,0.290283203125,-6.156005859375
0.2795,5.215087890625,-0.750732421875,-5.395263671875
0.28,5.054931640625,-1.951904296875,-4.314208984375
0.2805,4.974853515625,-3.353271484375,-3.072998046875
0.281,4.814697265625,-4.554443359375,-1.951904296875
0.2815,4.534423828125,-5.395263671875,-1.151123046875
0.282,3.893798828125,-5.715576171875,-0.270263671875
0.2825,2.812744140625,-5.915771484375,1.091064453125
0.283,1.571533203125,-6.276123046875,2.572509765625
0.2835,0.410400390625,-6.476318359375,3.973876953125
0.284,-0.510498046875,-6.716552734375,5.014892578125
0.2845,-1.231201171875,-6.516357421875,5.695556640625
0.285,-2.392333984375,-5.715576171875,6.135986328125
0.2855,-3.753662109375,-4.434326171875,6.496337890625
0.286,-4.994873046875,-3.032958984375,6.656494140625
0.2865,-5.755615234375,-1.791748046875,6.536376953125
0.287,-6.075927734375,-1.031005859375,6.376220703125
0.2875,-5.915771484375,-0.230224609375,5.735595703125
0.288,-5.635498046875,1.010986328125,4.614501953125
0.2885,-5.475341796875,2.292236328125,3.453369140625
0.289,-5.315185546875,3.653564453125,2.092041015625
0.2895,-5.074951171875,4.614501953125,1.091064453125
0.29,-4.594482421875,5.175048828125,0.290283203125
0.2905,-3.753662109375,5.415283203125,-0.750732421875
0.291,-2.432373046875,5.575439453125,-2.152099609375
0.2915,-1.151123046875,5.895751953125,-3.713623046875
0.292,0.010009765625,6.015869140625,-4.874755859375
0.2925,0.650634765625,6.135986328125,-5.795654296875
0.293,1.571533203125,5.655517578125,-6.356201171875
0.2935,2.892822265625,4.454345703125,-6.676513671875
0.294,4.214111328125,3.173095703125,-6.916748046875
0.2945,5.295166015625,1.731689453125,-6.956787109375
0.295,5.815673828125,0.610595703125,-6.756591796875
0.2955,5.895751953125,-0.270263671875,-6.396240234375
0.296,5.695556640625,-1.111083984375,-5.635498046875
0.2965,5.335205078125,-2.352294921875,-4.354248046875
0.297,5.135009765625,-3.793701171875,-3.032958984375
0.2975,4.854736328125,-5.034912109375,-1.751708984375
0.298,4.614501953125,-5.795654296875,-0.790771484375
0.2985,3.933837890625,-6.156005859375,0.130126953125
0.299,2.852783203125,-6.276123046875,1.291259765625
0.2995,1.531494140625,-6.516357421875,2.772705078125
0.3,0.170166015625,-6.636474609375,4.294189453125
0.3005,-0.790771484375,-6.716552734375,5.295166015625
0.301,-1.431396484375,-6.756591796875,6.055908203125
0.3015,-2.472412109375,-6.035888671875,6.456298828125
0.302,-3.833740234375,-4.674560546875,6.696533203125
0.3025,-5.074951171875,-3.313232421875,6.896728515625
0.303,-5.995849609375,-1.951904296875,6.816650390625
0.3035,-6.396240234375,-0.990966796875,6.616455078125
0.304,-6.276123046875,-0.190185546875,6.095947265625
0.3045,-5.955810546875,0.890869140625,5.094970703125
0.305,-5.675537109375,2.092041015625,3.813720703125
0.3055,-5.475341796875,3.493408203125,2.412353515625
0.306,-5.155029296875,4.654541015625,1.251220703125
0.3065,-4.834716796875,5.375244140625,0.410400390625
0.307,-4.033935546875,5.575439453125,-0.590576171875
0.3075,-2.832763671875,5.735595703125,-1.831787109375
0.308,-1.551513671875,5.975830078125,-3.353271484375
0.3085,-0.270263671875,6.055908203125,-4.754638671875
0.309,0.610595703125,6.216064453125,-5.715576171875
0.3095,1.331298828125,5.975830078125,-6.356201171875
0.31,2.532470703125,5.054931640625,-6.716552734375
0.3105,3.853759765625,3.653564453125,-6.996826171875
0.311,5.094970703125,2.212158203125,-7.076904296875
0.3115,5.815673828125,0.970947265625,-6.916748046875
0.312,6.095947265625,0.090087890625,-6.676513671875
0.3125,5.895751953125,-0.830810546875,-6.035888671875
0.313,5.535400390625,-1.991943359375,-4.834716796875
0.3135,5.295166015625,-3.353271484375,-3.553466796875
0.314,5.054931640625,-4.634521484375,-2.152099609375
0.3145,4.774658203125,-5.635498046875,-1.071044921875
0.315,4.294189453125,-6.156005859375,-0.270263671875
0.3155,3.373291015625,-6.396240234375,0.850830078125
0.316,2.052001953125,-6.476318359375,2.252197265625
0.3165,0.610595703125,-6.676513671875,3.853759765625
0.317,-0.590576171875,-6.756591796875,5.054931640625
0.3175,-1.231201171875,-6.876708984375,5.895751953125
0.318,-2.072021484375,-6.396240234375,6.376220703125
0.3185,-3.353271484375,-5.155029296875,6.696533203125
0.319,-4.674560546875,-3.833740234375,6.896728515625
0.3195,-5.755615234375,-2.432373046875,6.896728515625
0.32,-6.276123046875,-1.271240234375,6.696533203125
0.3205,-6.356201171875,-0.510498046875,6.336181640625
0.321,-6.115966796875,0.450439453125,5.575439453125
0.3215,-5.795654296875,1.571533203125,4.254150390625
0.322,-5.595458984375,3.052978515625,2.932861328125
0.3225,-5.315185546875,4.334228515625,1.611572265625
0.323,-4.994873046875,5.175048828125,0.690673828125
0.3235,-4.394287109375,5.535400390625,-0.270263671875
0.324,-3.313232421875,5.695556640625,-1.311279296875
0.3245,-1.991943359375,5.895751953125,-2.832763671875
0.325,-0.630615234375,6.095947265625,-4.354248046875
0.3255,0.370361328125,6.176025390625,-5.435302734375
0.326,1.091064453125,6.216064453125,-6.236083984375
0.3265,2.052001953125,5.455322265625,-6.676513671875
0.327,3.493408203125,4.134033203125,-6.956787109375
0.3275,4.774658203125,2.732666015625,-7.156982421875
0.328,5.695556640625,1.331298828125,-7.076904296875
0.3285,6.095947265625,0.330322265625,-6.916748046875
0.329,6.055908203125,-0.590576171875,-6.356201171875
0.3295,5.735595703125,-1.591552734375,-5.355224609375
0.33,5.415283203125,-2.872802734375,-4.033935546875
0.3305,5.215087890625,-4.314208984375,-2.552490234375
0.331,4.894775390625,-5.435302734375,-1.351318359375
0.3315,4.534423828125,-6.156005859375,-0.510498046875
0.332,3.693603515625,-6.396240234375,0.570556640625
0.3325,2.412353515625,-6.516357421875,1.851806640625
0.333,1.051025390625,-6.716552734375,3.453369140625
0.3335,-0.310302734375,-6.756591796875,4.814697265625
0.334,-1.111083984375,-6.876708984375,5.735595703125
0.3345,-1.831787109375,-6.596435546875,6.336181640625
0.335,-2.992919921875,-5.635498046875,6.696533203125
0.3355,-4.354248046875,-4.234130859375,6.896728515625
0.336,-5.515380859375,-2.792724609375,6.976806640625
0.3365,-6.236083984375,-1.551513671875,6.736572265625
0.337,-6.396240234375,-0.750732421875,6.496337890625
0.3375,-6.236083984375,0.170166015625,5.775634765625
0.338,-5.835693359375,1.291259765625,4.654541015625
0.3385,-5.635498046875,2.612548828125,3.373291015625
0.339,-5.315185546875,3.933837890625,1.971923828125
0.3395,-5.034912109375,4.934814453125,0.930908203125
0.34,-4.554443359375,5.415283203125,0.130126953125
0.3405,-3.713623046875,5.615478515625,-0.910888671875
0.341,-2.432373046875,5.735595703125,-2.232177734375
0.3415,-1.151123046875,5.935791015625,-3.753662109375
0.342,0.090087890625,6.015869140625,-4.954833984375
0.3425,0.770751953125,6.176025390625,-5.835693359375
0.343,1.571533203125,5.735595703125,-6.356201171875
0.3435,2.812744140625,4.614501953125,-6.676513671875
0.344,4.053955078125,3.333251953125,-6.916748046875
0.3445,5.135009765625,1.891845703125,-6.916748046875
0.345,5.775634765625,0.770751953125,-6.756591796875
0.3455,5.815673828125,0.010009765625,-6.476318359375
0.346,5.695556640625,-0.870849609375,-5.755615234375
0.3465,5.375244140625,-1.991943359375,-4.594482421875
0.347,5.135009765625,-3.353271484375,-3.353271484375
0.3475,4.934814453125,-4.594482421875,-1.991943359375
0.348,4.654541015625,-5.515380859375,-1.111083984375
0.3485,4.134033203125,-5.915771484375,-0.310302734375
0.349,3.173095703125,-6.115966796875,0.890869140625
0.3495,1.931884765625,-6.396240234375,2.252197265625
0.35,0.570556640625,-6.516357421875,3.773681640625
0.3505,-0.470458984375,-6.676513671875,4.854736328125
0.351,-1.111083984375,-6.716552734375,5.655517578125
0.3515,-2.031982421875,-6.156005859375,6.095947265625
0.352,-3.273193359375,-4.994873046875,6.416259765625
0.3525,-4.514404296875,-3.753662109375,6.656494140625
0.353,-5.475341796875,-2.432373046875,6.576416015625
0.3535,-5.995849609375,-1.471435546875,6.496337890625
0.354,-5.955810546875,-0.670654296875,6.095947265625
0.3545,-5.755615234375,0.290283203125,5.255126953125
0.355,-5.515380859375,1.411376953125,4.174072265625
0.3555,-5.355224609375,2.812744140625,2.852783203125
0.356,-5.114990234375,3.973876953125,1.771728515625
0.3565,-4.874755859375,4.734619140625,0.930908203125
0.357,-4.234130859375,5.054931640625,0.090087890625
0.3575,-3.193115234375,5.255126953125,-1.151123046875
0.358,-2.112060546875,5.575439453125,-2.472412109375
0.3585,-0.910888671875,5.695556640625,-3.833740234375
0.359,0.010009765625,5.935791015625,-4.834716796875
0.3595,0.690673828125,5.855712890625,-5.595458984375
0.36,1.731689453125,5.175048828125,-6.075927734375
0.3605,2.972900390625,3.973876953125,-6.396240234375
0.361,4.174072265625,2.692626953125,-6.556396484375
0.3615,4.974853515625,1.531494140625,-6.556396484375
0.362,5.415283203125,0.770751953125,-6.476318359375
0.3625,5.375244140625,0.050048828125,-6.035888671875
0.363,5.135009765625,-0.990966796875,-5.114990234375
0.3635,4.974853515625,-2.112060546875,-4.114013671875
0.364,4.814697265625,-3.473388671875,-2.872802734375
0.3645,4.654541015625,-4.514404296875,-1.871826171875
0.365,4.414306640625,-5.195068359375,-1.071044921875
0.3655,3.733642578125,-5.515380859375,-0.190185546875
0.366,2.692626953125,-5.795654296875,1.051025390625
0.3665,1.571533203125,-6.115966796875,2.452392578125
0.367,0.530517578125,-6.276123046875,3.693603515625
0.3675,-0.310302734375,-6.556396484375,4.694580078125
0.368,-1.031005859375,-6.356201171875,5.295166015625
0.3685,-2.152099609375,-5.595458984375,5.735595703125
0.369,-3.353271484375,-4.514404296875,6.055908203125
0.3695,-4.514404296875,-3.273193359375,6.216064453125
0.37,-5.195068359375,-2.232177734375,6.256103515625
0.3705,-5.475341796875,-1.511474609375,6.095947265625
0.371,-5.475341796875,-0.750732421875,5.615478515625
0.3715,-5.275146484375,0.290283203125,4.814697265625
0.372,-5.195068359375,1.491455078125,3.773681640625
0.3725,-5.114990234375,2.732666015625,2.612548828125
0.373,-4.994873046875,3.773681640625,1.771728515625
0.3735,-4.634521484375,4.334228515625,1.010986328125
0.374,-3.913818359375,4.694580078125,0.050048828125
0.3745,-2.992919921875,5.054931640625,-1.231201171875
0.375,-1.871826171875,5.375244140625,-2.632568359375
0.3755,-0.990966796875,5.615478515625,-3.833740234375
0.376,-0.270263671875,5.895751953125,-4.754638671875
0.3765,0.690673828125,5.495361328125,-5.395263671875
0.377,1.891845703125,4.614501953125,-5.755615234375
0.3775,3.052978515625,3.533447265625,-6.156005859375
0.378,4.134033203125,2.372314453125,-6.276123046875
0.3785,4.814697265625,1.491455078125,-6.356201171875
0.379,5.014892578125,0.770751953125,-6.115966796875
0.3795,4.934814453125,-0.150146484375,-5.515380859375
0.38,4.854736328125,-1.151123046875,-4.674560546875
0.3805,4.814697265625,-2.432373046875,-3.593505859375
0.381,4.654541015625,-3.633544921875,-2.552490234375
0.3815,4.574462890625,-4.514404296875,-1.751708984375
0.382,4.093994140625,-4.994873046875,-0.950927734375
0.3825,3.253173828125,-5.355224609375,0.210205078125
0.383,2.292236328125,-5.755615234375,1.451416015625
0.3835,1.251220703125,-6.035888671875,2.812744140625
0.384,0.450439453125,-6.316162109375,3.893798828125
0.3845,-0.390380859375,-6.396240234375,4.654541015625
0.385,-1.311279296875,-5.915771484375,5.215087890625
0.3855,-2.512451171875,-5.034912109375,5.575439453125
0.386,-3.673583984375,-3.873779296875,5.895751953125
0.3865,-4.554443359375,-2.712646484375,5.975830078125
0.387,-5.074951171875,-2.031982421875,6.055908203125
0.3875,-5.155029296875,-1.311279296875,5.735595703125
0.388,-5.074951171875,-0.470458984375,5.054931640625
0.3885,-5.074951171875,0.650634765625,4.254150390625
0.389,-5.034912109375,1.931884765625,3.173095703125
0.3895,-4.954833984375,3.012939453125,2.252197265625
0.39,-4.794677734375,3.773681640625,1.531494140625
0.3905,-4.274169921875,4.254150390625,0.730712890625
0.391,-3.473388671875,4.614501953125,-0.470458984375
0.3915,-2.552490234375,5.094970703125,-1.751708984375
0.392,-1.591552734375,5.375244140625,-2.992919921875
0.3925,-0.830810546875,5.735595703125,-4.033935546875
0.393,0.050048828125,5.615478515625,-4.794677734375
0.3935,1.131103515625,4.974853515625,-5.315185546875
0.394,2.292236328125,4.134033203125,-5.755615234375
0.3945,3.493408203125,2.972900390625,-6.035888671875
0.395,4.334228515625,2.011962890625,-6.156005859375
0.3955,4.734619140625,1.291259765625,-6.156005859375
0.396,4.814697265625,0.570556640625,-5.795654296875
0.3965,4.774658203125,-0.510498046875,-5.074951171875
0.397,4.774658203125,-1.671630859375,-4.154052734375
0.3975,4.734619140625,-2.912841796875,-3.113037109375
0.398,4.654541015625,-3.953857421875,-2.232177734375
0.3985,4.334228515625,-4.634521484375,-1.471435546875
0.399,3.693603515625,-5.074951171875,-0.510498046875
0.3995,2.852783203125,-5.475341796875,0.770751953125
0.4,1.771728515625,-5.835693359375,2.172119140625
0.4005,0.890869140625,-6.196044921875,3.333251953125
0.401,0.170166015625,-6.436279296875,4.294189453125
0.4015,-0.830810546875,-6.196044921875,4.934814453125
0.402,-1.951904296875,-5.315185546875,5.415283203125
0.4025,-3.193115234375,-4.314208984375,5.775634765625
0.403,-4.234130859375,-3.153076171875,5.975830078125
0.4035,-4.954833984375,-2.272216796875,6.095947265625
0.404,-5.114990234375,-1.591552734375,5.855712890625
0.4045,-5.155029296875,-0.790771484375,5.295166015625
0.405,-5.074951171875,0.330322265625,4.534423828125
0.4055,-5.114990234375,1.611572265625,3.533447265625
0.406,-4.994873046875,2.812744140625,2.492431640625
0.4065,-4.914794921875,3.693603515625,1.731689453125
0.407,-4.434326171875,4.174072265625,0.930908203125
0.4075,-3.673583984375,4.574462890625,-0.270263671875
0.408,-2.752685546875,5.054931640625,-1.511474609375
0.4085,-1.671630859375,5.295166015625,-2.872802734375
0.409,-0.910888671875,5.655517578125,-3.953857421875
0.4095,-0.150146484375,5.695556640625,-4.834716796875
0.41,1.010986328125,5.175048828125,-5.395263671875
0.4105,2.212158203125,4.214111328125,-5.755615234375
0.411,3.453369140625,3.093017578125,-6.115966796875
0.4115,4.334228515625,1.971923828125,-6.196044921875
0.412,4.854736328125,1.211181640625,-6.276123046875
0.4125,4.974853515625,0.490478515625,-5.875732421875
0.413,4.814697265625,-0.550537109375,-5.114990234375
0.4135,4.814697265625,-1.671630859375,-4.194091796875
0.414,4.734619140625,-2.952880859375,-3.113037109375
0.4145,4.614501953125,-4.073974609375,-2.112060546875
0.415,4.414306640625,-4.834716796875,-1.351318359375
0.4155,3.773681640625,-5.195068359375,-0.470458984375
0.416,2.812744140625,-5.515380859375,0.770751953125
0.4165,1.771728515625,-5.955810546875,2.212158203125
0.417,0.770751953125,-6.236083984375,3.413330078125
0.4175,0.010009765625,-6.556396484375,4.454345703125
0.418,-0.870849609375,-6.276123046875,5.094970703125
0.4185,-2.031982421875,-5.435302734375,5.575439453125
0.419,-3.233154296875,-4.394287109375,5.895751953125
0.4195,-4.394287109375,-3.153076171875,6.095947265625
0.42,-5.114990234375,-2.112060546875,6.176025390625
0.4205,-5.395263671875,-1.431396484375,6.015869140625
0.421,-5.355224609375,-0.630615234375,5.455322265625
0.4215,-5.195068359375,0.450439453125,4.614501953125
0.422,-5.155029296875,1.731689453125,3.533447265625
0.4225,-5.074951171875,2.972900390625,2.412353515625
0.423,-4.994873046875,3.933837890625,1.571533203125
0.4235,-4.514404296875,4.494384765625,0.770751953125
0.424,-3.713623046875,4.774658203125,-0.310302734375
0.4245,-2.752685546875,5.094970703125,-1.591552734375
0.425,-1.591552734375,5.415283203125,-2.992919921875
0.4255,-0.710693359375,5.695556640625,-4.154052734375
0.426,0.130126953125,5.855712890625,-5.034912109375
0.4265,1.091064453125,5.415283203125,-5.635498046875
0.427,2.332275390625,4.334228515625,-6.035888671875
0.4275,3.573486328125,3.173095703125,-6.356201171875
0.428,4.614501953125,1.931884765625,-6.436279296875
0.4285,5.135009765625,1.091064453125,-6.436279296875
0.429,5.255126953125,0.330322265625,-6.115966796875
0.4295,5.094970703125,-0.630615234375,-5.355224609375
0.43,4.974853515625,-1.791748046875,-4.314208984375
0.4305,4.894775390625,-3.153076171875,-3.153076171875
0.431,4.734619140625,-4.354248046875,-1.991943359375
0.4315,4.534423828125,-5.114990234375,-1.231201171875
0.432,3.893798828125,-5.515380859375,-0.350341796875
0.4325,2.852783203125,-5.795654296875,0.930908203125
0.433,1.731689453125,-6.156005859375,2.372314453125
0.4335,0.570556640625,-6.396240234375,3.693603515625
0.434,-0.310302734375,-6.596435546875,4.774658203125
0.4345,-1.071044921875,-6.476318359375,5.495361328125
0.435,-2.232177734375,-5.675537109375,5.935791015625
0.4355,-3.513427734375,-4.514404296875,6.296142578125
0.436,-4.754638671875,-3.193115234375,6.456298828125
0.4365,-5.515380859375,-1.951904296875,6.456298828125
0.437,-5.875732421875,-1.231201171875,6.336181640625
0.4375,-5.795654296875,-0.390380859375,5.735595703125
0.438,-5.555419921875,0.770751953125,4.694580078125
0.4385,-5.435302734375,2.092041015625,3.533447265625
0.439,-5.275146484375,3.453369140625,2.252197265625
0.4395,-5.074951171875,4.454345703125,1.291259765625
0.44,-4.634521484375,5.054931640625,0.450439453125
0.4405,-3.793701171875,5.255126953125,-0.630615234375
0.441,-2.552490234375,5.495361328125,-1.991943359375
0.4415,-1.351318359375,5.775634765625,-3.553466796875
0.442,-0.270263671875,5.935791015625,-4.794677734375
0.4425,0.570556640625,6.135986328125,-5.675537109375
0.443,1.491455078125,5.615478515625,-6.276123046875
0.4435,2.852783203125,4.454345703125,-6.596435546875
0.444,4.134033203125,3.133056640625,-6.876708984375
0.4445,5.175048828125,1.771728515625,-6.876708984375
0.445,5.775634765625,0.650634765625,-6.716552734375
0.4455,5.815673828125,-0.270263671875,-6.356201171875
0.446,5.655517578125,-1.151123046875,-5.515380859375
0.4465,5.295166015625,-2.432373046875,-4.234130859375
0.447,5.135009765625,-3.833740234375,-2.912841796875
0.4475,4.854736328125,-4.994873046875,-1.631591796875
0.448,4.574462890625,-5.835693359375,-0.710693359375
0.4485,3.853759765625,-6.236083984375,0.250244140625
0.449,2.732666015625,-6.396240234375,1.451416015625
0.4495,1.331298828125,-6.596435546875,2.932861328125
0.45,0.090087890625,-6.676513671875,4.414306640625
0.4505,-0.910888671875,-6.756591796875,5.415283203125
0.451,-1.591552734375,-6.676513671875,6.095947265625
0.4515,-2.632568359375,-5.875732421875,6.536376953125
0.452,-3.993896484375,-4.514404296875,6.776611328125
0.4525,-5.195068359375,-3.113037109375,6.896728515625
0.453,-6.035888671875,-1.751708984375,6.736572265625
0.4535,-6.396240234375,-0.870849609375,6.576416015625
0.454,-6.276123046875,0.050048828125,5.935791015625
0.4545,-5.915771484375,1.091064453125,4.894775390625
0.455,-5.635498046875,2.292236328125,3.613525390625
0.4555,-5.435302734375,3.733642578125,2.252197265625
0.456,-5.114990234375,4.814697265625,1.091064453125
0.4565,-4.754638671875,5.415283203125,0.250244140625
0.457,-3.873779296875,5.615478515625,-0.790771484375
0.4575,-2.632568359375,5.695556640625,-2.072021484375
0.458,-1.351318359375,6.015869140625,-3.553466796875
0.4585,0.010009765625,6.055908203125,-4.834716796875
0.459,0.730712890625,6.216064453125,-5.795654296875
0.4595,1.531494140625,5.895751953125,-6.396240234375
0.46,2.692626953125,4.854736328125,-6.796630859375
0.4605,3.973876953125,3.533447265625,-7.036865234375
0.461,5.175048828125,2.052001953125,-7.076904296875
0.4615,5.855712890625,0.850830078125,-6.916748046875
0.462,6.095947265625,0.010009765625,-6.676513671875
0.4625,5.895751953125,-0.910888671875,-5.955810546875
0.463,5.535400390625,-2.072021484375,-4.754638671875
0.4635,5.295166015625,-3.393310546875,-3.473388671875
0.464,5.054931640625,-4.714599609375,-2.072021484375
0.4645,4.734619140625,-5.755615234375,-1.031005859375
0.465,4.214111328125,-6.276123046875,-0.150146484375
0.4655,3.213134765625,-6.436279296875,0.930908203125
0.466,1.931884765625,-6.556396484375,2.372314453125
0.4665,0.530517578125,-6.716552734375,3.933837890625
0.467,-0.630615234375,-6.756591796875,5.094970703125
0.4675,-1.311279296875,-6.876708984375,5.975830078125
0.468,-2.232177734375,-6.316162109375,6.456298828125
0.4685,-3.553466796875,-5.074951171875,6.736572265625
0.469,-4.754638671875,-3.753662109375,6.936767578125
0.4695,-5.795654296875,-2.312255859375,6.896728515625
0.47,-6.356201171875,-1.231201171875,6.736572265625
0.4705,-6.396240234375,-0.430419921875,6.296142578125
0.471,-6.156005859375,0.610595703125,5.495361328125
0.4715,-5.795654296875,1.771728515625,4.214111328125
0.472,-5.595458984375,3.173095703125,2.852783203125
0.4725,-5.275146484375,4.414306640625,1.531494140625
0.473,-5.034912109375,5.255126953125,0.610595703125
0.4735,-4.354248046875,5.535400390625,-0.350341796875
0.474,-3.193115234375,5.735595703125,-1.471435546875
0.4745,-1.871826171875,5.975830078125,-3.032958984375
0.475,-0.510498046875,6.095947265625,-4.474365234375
0.4755,0.490478515625,6.176025390625,-5.515380859375
0.476,1.211181640625,6.135986328125,-6.276123046875
0.4765,2.252197265625,5.375244140625,-6.756591796875
0.477,3.653564453125,3.973876953125,-7.036865234375
0.4775,4.854736328125,2.572509765625,-7.156982421875
0.478,5.735595703125,1.251220703125,-7.076904296875
0.4785,6.135986328125,0.290283203125,-6.836669921875
0.479,6.055908203125,-0.670654296875,-6.276123046875
0.4795,5.735595703125,-1.711669921875,-5.195068359375
0.48,5.415283203125,-3.072998046875,-3.873779296875
0.4805,5.175048828125,-4.514404296875,-2.472412109375
0.481,4.854736328125,-5.595458984375,-1.271240234375
0.4815,4.494384765625,-6.276123046875,-0.390380859375
0.482,3.613525390625,-6.436279296875,0.650634765625
0.4825,2.292236328125,-6.556396484375,2.011962890625
0.483,0.890869140625,-6.796630859375,3.613525390625
0.4835,-0.430419921875,-6.796630859375,4.934814453125
0.484,-1.231201171875,-6.916748046875,5.855712890625
0.4845,-1.991943359375,-6.556396484375,6.416259765625
0.485,-3.193115234375,-5.475341796875,6.776611328125
0.4855,-4.514404296875,-4.114013671875,6.976806640625
0.486,-5.635498046875,-2.632568359375,7.056884765625
0.4865,-6.276123046875,-1.391357421875,6.776611328125
0.487,-6.436279296875,-0.630615234375,6.456298828125
0.4875,-6.276123046875,0.330322265625,5.735595703125
0.488,-5.875732421875,1.451416015625,4.534423828125
0.4885,-5.635498046875,2.772705078125,3.213134765625
0.489,-5.315185546875,4.093994140625,1.891845703125
0.4895,-5.074951171875,4.974853515625,0.810791015625
0.49,-4.514404296875,5.495361328125,0.010009765625
0.4905,-3.553466796875,5.695556640625,-1.031005859375
0.491,-2.272216796875,5.775634765625,-2.432373046875
0.4915,-0.990966796875,5.975830078125,-3.913818359375
0.492,0.210205078125,6.015869140625,-5.074951171875
0.4925,0.890869140625,6.135986328125,-5.915771484375
0.493,1.731689453125,5.655517578125,-6.436279296875
0.4935,3.012939453125,4.494384765625,-6.716552734375
0.494,4.174072265625,3.173095703125,-6.916748046875
0.4945,5.215087890625,1.811767578125,-6.916748046875
0.495,5.735595703125,0.730712890625,-6.756591796875
0.4955,5.895751953125,0.010009765625,-6.396240234375
0.496,5.655517578125,-0.990966796875,-5.675537109375
0.4965,5.335205078125,-2.112060546875,-4.514404296875
0.497,5.094970703125,-3.433349609375,-3.233154296875
0.4975,4.814697265625,-4.674560546875,-1.991943359375
0.498,4.654541015625,-5.515380859375,-1.111083984375
0.4985,4.053955078125,-5.915771484375,-0.230224609375
0.499,3.052978515625,-6.156005859375,0.930908203125
0.4995,1.851806640625,-6.396240234375,2.292236328125
0.5,0.570556640625,-6.476318359375,3.773681640625
0.5005,-0.510498046875,-6.636474609375,4.854736328125
0.501,-1.151123046875,-6.716552734375,5.655517578125
0.5015,-2.072021484375,-6.115966796875,6.135986328125
0.502,-3.353271484375,-4.954833984375,6.416259765625
0.5025,-4.554443359375,-3.673583984375,6.656494140625
0.503,-5.475341796875,-2.352294921875,6.616455078125
0.5035,-5.955810546875,-1.431396484375,6.536376953125
0.504,-6.035888671875,-0.670654296875,6.095947265625
0.5045,-5.755615234375,0.330322265625,5.255126953125
0.505,-5.595458984375,1.451416015625,4.134033203125
0.5055,-5.435302734375,2.852783203125,2.852783203125
0.506,-5.155029296875,4.013916015625,1.731689453125
0.5065,-4.914794921875,4.814697265625,0.890869140625
0.507,-4.234130859375,5.175048828125,0.010009765625
0.5075,-3.193115234375,5.375244140625,-1.271240234375
0.508,-1.991943359375,5.735595703125,-2.672607421875
0.5085,-0.790771484375,5.815673828125,-3.993896484375
0.509,0.090087890625,6.055908203125,-5.074951171875
0.5095,0.850830078125,5.895751953125,-5.755615234375
0.51,1.971923828125,5.094970703125,-6.236083984375
0.5105,3.213134765625,3.893798828125,-6.516357421875
0.511,4.414306640625,2.572509765625,-6.676513671875
0.5115,5.175048828125,1.371337890625,-6.596435546875
0.512,5.535400390625,0.610595703125,-6.476318359375
0.5125,5.455322265625,-0.310302734375,-5.955810546875
0.513,5.255126953125,-1.311279296875,-4.994873046875
0.5135,5.054931640625,-2.592529296875,-3.873779296875
0.514,4.854736328125,-3.833740234375,-2.592529296875
0.5145,4.654541015625,-4.834716796875,-1.591552734375
0.515,4.334228515625,-5.475341796875,-0.790771484375
0.5155,3.533447265625,-5.755615234375,0.250244140625
0.516,2.452392578125,-5.995849609375,1.451416015625
0.5165,1.211181640625,-6.236083984375,2.932861328125
0.517,0.210205078125,-6.396240234375,4.093994140625
0.5175,-0.590576171875,-6.596435546875,5.054931640625
0.518,-1.431396484375,-6.276123046875,5.615478515625
0.5185,-2.552490234375,-5.315185546875,5.975830078125
0.519,-3.753662109375,-4.194091796875,6.256103515625
0.5195,-4.794677734375,-2.912841796875,6.336181640625
0.52,-5.435302734375,-1.951904296875,6.336181640625
0.5205,-5.635498046875,-1.271240234375,6.055908203125
0.521,-5.595458984375,-0.430419921875,5.495361328125
0.5215,-5.395263671875,0.610595703125,4.534423828125
0.522,-5.275146484375,1.931884765625,3.493408203125
0.5225,-5.074951171875,3.133056640625,2.332275390625
0.523,-4.954833984375,4.093994140625,1.451416015625
0.5235,-4.514404296875,4.574462890625,0.690673828125
0.524,-3.713623046875,4.894775390625,-0.390380859375
0.5245,-2.712646484375,5.215087890625,-1.591552734375
0.525,-1.591552734375,5.455322265625,-2.952880859375
0.5255,-0.710693359375,5.735595703125,-4.073974609375
0.526,0.050048828125,5.855712890625,-4.994873046875
0.5265,1.010986328125,5.455322265625,-5.555419921875
0.527,2.172119140625,4.494384765625,-5.955810546875
0.5275,3.373291015625,3.373291015625,-6.276123046875
0.528,4.334228515625,2.212158203125,-6.316162109375
0.5285,4.974853515625,1.291259765625,-6.396240234375
0.529,5.094970703125,0.610595703125,-6.115966796875
0.5295,4.974853515625,-0.390380859375,-5.475341796875
0.53,4.894775390625,-1.351318359375,-4.594482421875
0.5305,4.814697265625,-2.592529296875,-3.553466796875
0.531,4.694580078125,-3.753662109375,-2.432373046875
0.5315,4.574462890625,-4.634521484375,-1.671630859375
0.532,4.053955078125,-5.114990234375,-0.830810546875
0.5325,3.213134765625,-5.435302734375,0.330322265625
0.533,2.212158203125,-5.795654296875,1.611572265625
0.5335,1.131103515625,-6.035888671875,2.892822265625
0.534,0.410400390625,-6.356201171875,3.973876953125
0.5345,-0.470458984375,-6.396240234375,4.774658203125
0.535,-1.471435546875,-5.795654296875,5.295166015625
0.5355,-2.592529296875,-4.914794921875,5.695556640625
0.536,-3.793701171875,-3.793701171875,5.935791015625
0.5365,-4.674560546875,-2.712646484375,6.015869140625
0.537,-5.114990234375,-2.031982421875,6.055908203125
0.5375,-5.275146484375,-1.311279296875,5.695556640625
0.538,-5.155029296875,-0.390380859375,5.054931640625
0.5385,-5.114990234375,0.770751953125,4.174072265625
0.539,-5.074951171875,2.011962890625,3.173095703125
0.5395,-4.994873046875,3.093017578125,2.252197265625
0.54,-4.794677734375,3.853759765625,1.531494140625
0.5405,-4.234130859375,4.334228515625,0.650634765625
0.541,-3.393310546875,4.694580078125,-0.590576171875
0.5415,-2.432373046875,5.094970703125,-1.831787109375
0.542,-1.551513671875,5.415283203125,-3.032958984375
0.5425,-0.830810546875,5.735595703125,-4.114013671875
0.543,0.130126953125,5.615478515625,-4.834716796875
0.5435,1.291259765625,4.934814453125,-5.395263671875
0.544,2.412353515625,4.013916015625,-5.755615234375
0.5445,3.533447265625,2.852783203125,-6.075927734375
0.545,4.334228515625,1.931884765625,-6.196044921875
0.5455,4.734619140625,1.211181640625,-6.156005859375
0.546,4.814697265625,0.490478515625,-5.755615234375
0.5465,4.774658203125,-0.590576171875,-5.034912109375
0.547,4.814697265625,-1.791748046875,-4.114013671875
0.5475,4.694580078125,-2.992919921875,-3.072998046875
0.548,4.654541015625,-4.033935546875,-2.232177734375
0.5485,4.334228515625,-4.634521484375,-1.431396484375
0.549,3.653564453125,-5.114990234375,-0.430419921875
0.5495,2.772705078125,-5.515380859375,0.890869140625
0.55,1.731689453125,-5.835693359375,2.252197265625
0.5505,0.890869140625,-6.196044921875,3.373291015625
0.551,0.130126953125,-6.396240234375,4.334228515625
0.5515,-0.910888671875,-6.115966796875,4.974853515625
0.552,-2.031982421875,-5.275146484375,5.415283203125
0.5525,-3.233154296875,-4.234130859375,5.775634765625
0.553,-4.274169921875,-3.113037109375,5.935791015625
0.5535,-4.994873046875,-2.312255859375,6.055908203125
0.554,-5.155029296875,-1.591552734375,5.815673828125
0.5545,-5.114990234375,-0.670654296875,5.215087890625
0.555,-5.114990234375,0.410400390625,4.494384765625
0.5555,-5.074951171875,1.651611328125,3.453369140625
0.556,-4.994873046875,2.812744140625,2.492431640625
0.5565,-4.874755859375,3.693603515625,1.691650390625
0.557,-4.434326171875,4.214111328125,0.890869140625
0.5575,-3.593505859375,4.574462890625,-0.310302734375
0.558,-2.712646484375,5.054931640625,-1.591552734375
0.5585,-1.671630859375,5.335205078125,-2.872802734375
0.559,-0.950927734375,5.735595703125,-3.953857421875
0.5595,0.010009765625,5.735595703125,-4.794677734375
0.56,1.091064453125,5.135009765625,-5.395263671875
0.5605,2.252197265625,4.134033203125,-5.795654296875
0.561,3.493408203125,2.972900390625,-6.115966796875
0.5615,4.334228515625,1.931884765625,-6.236083984375
0.562,4.814697265625,1.251220703125,-6.236083984375
0.5625,4.894775390625,0.490478515625,-5.835693359375
0.563,4.814697265625,-0.590576171875,-5.074951171875
0.5635,4.814697265625,-1.671630859375,-4.194091796875
0.564,4.734619140625,-2.912841796875,-3.072998046875
0.5645,4.614501953125,-4.033935546875,-2.192138671875
0.565,4.414306640625,-4.714599609375,-1.431396484375
0.5655,3.733642578125,-5.155029296875,-0.470458984375
0.566,2.812744140625,-5.515380859375,0.770751953125
0.5665,1.771728515625,-5.875732421875,2.172119140625
0.567,0.810791015625,-6.156005859375,3.373291015625
0.5675,0.130126953125,-6.476318359375,4.374267578125
0.568,-0.830810546875,-6.236083984375,5.054931640625
0.5685,-2.031982421875,-5.435302734375,5.495361328125
0.569,-3.233154296875,-4.394287109375,5.895751953125
0.5695,-4.354248046875,-3.193115234375,6.055908203125
0.57,-5.074951171875,-2.232177734375,6.135986328125
0.5705,-5.275146484375,-1.551513671875,5.975830078125
0.571,-5.275146484375,-0.710693359375,5.415283203125
0.5715,-5.155029296875,0.370361328125,4.574462890625
0.572,-5.155029296875,1.651611328125,3.573486328125
0.5725,-5.034912109375,2.852783203125,2.492431640625
0.573,-4.954833984375,3.813720703125,1.651611328125
0.5735,-4.514404296875,4.334228515625,0.890869140625
0.574,-3.713623046875,4.694580078125,-0.270263671875
0.5745,-2.752685546875,5.094970703125,-1.551513671875
0.575,-1.631591796875,5.415283203125,-2.912841796875
0.5755,-0.830810546875,5.735595703125,-4.073974609375
0.576,0.010009765625,5.895751953125,-4.954833984375
0.5765,1.051025390625,5.375244140625,-5.595458984375
0.577,2.292236328125,4.334228515625,-6.035888671875
0.5775,3.533447265625,3.133056640625,-6.356201171875
0.578,4.534423828125,1.971923828125,-6.396240234375
0.5785,5.094970703125,1.131103515625,-6.396240234375
0.579,5.175048828125,0.370361328125,-6.075927734375
0.5795,5.094970703125,-0.670654296875,-5.275146484375
0.58,4.974853515625,-1.791748046875,-4.274169921875
0.5805,4.854736328125,-3.193115234375,-3.072998046875
0.581,4.734619140625,-4.314208984375,-2.031982421875
0.5815,4.494384765625,-5.074951171875,-1.231201171875
0.582,3.853759765625,-5.475341796875,-0.350341796875
0.5825,2.812744140625,-5.755615234375,0.970947265625
0.583,1.651611328125,-6.115966796875,2.412353515625
0.5835,0.610595703125,-6.356201171875,3.733642578125
0.584,-0.270263671875,-6.596435546875,4.774658203125
0.5845,-1.111083984375,-6.436279296875,5.455322265625
0.585,-2.272216796875,-5.635498046875,5.935791015625
0.5855,-3.593505859375,-4.474365234375,6.256103515625
0.586,-4.754638671875,-3.072998046875,6.456298828125
0.5865,-5.475341796875,-1.951904296875,6.416259765625
0.587,-5.755615234375,-1.231201171875,6.216064453125
0.5875,-5.715576171875,-0.390380859375,5.695556640625
0.588,-5.475341796875,0.810791015625,4.614501953125
0.5885,-5.395263671875,2.052001953125,3.493408203125
0.589,-5.195068359375,3.453369140625,2.252197265625
0.5895,-5.034912109375,4.414306640625,1.291259765625
0.59,-4.554443359375,4.934814453125,0.490478515625
0.5905,-3.753662109375,5.215087890625,-0.630615234375
0.591,-2.512451171875,5.455322265625,-2.031982421875
0.5915,-1.311279296875,5.775634765625,-3.553466796875
0.592,-0.310302734375,5.935791015625,-4.674560546875
0.5925,0.490478515625,6.095947265625,-5.595458984375
0.593,1.491455078125,5.495361328125,-6.156005859375
0.5935,2.852783203125,4.334228515625,-6.596435546875
0.594,4.134033203125,3.052978515625,-6.836669921875
0.5945,5.135009765625,1.731689453125,-6.876708984375
0.595,5.735595703125,0.690673828125,-6.716552734375
0.5955,5.735595703125,-0.190185546875,-6.316162109375
0.596,5.575439453125,-1.151123046875,-5.475341796875
0.5965,5.255126953125,-2.392333984375,-4.194091796875
0.597,5.094970703125,-3.793701171875,-2.912841796875
0.5975,4.854736328125,-4.954833984375,-1.671630859375
0.598,4.574462890625,-5.755615234375,-0.790771484375
0.5985,3.853759765625,-6.115966796875,0.170166015625
0.599,2.692626953125,-6.276123046875,1.411376953125
0.5995,1.371337890625,-6.476318359375,2.932861328125
0.6,0.130126953125,-6.596435546875,4.334228515625
0.6005,-0.790771484375,-6.756591796875,5.335205078125
0.601,-1.551513671875,-6.676513671875,6.015869140625
0.6015,-2.712646484375,-5.835693359375,6.456298828125
0.602,-3.993896484375,-4.434326171875,6.736572265625
0.6025,-5.195068359375,-3.072998046875,6.896728515625
0.603,-6.035888671875,-1.751708984375,6.696533203125
0.6035,-6.316162109375,-0.910888671875,6.536376953125
0.604,-6.156005859375,0.010009765625,5.895751953125
0.6045,-5.835693359375,1.091064453125,4.854736328125
0.605,-5.635498046875,2.372314453125,3.573486328125
0.6055,-5.395263671875,3.733642578125,2.212158203125
0.606,-5.114990234375,4.774658203125,1.131103515625
0.6065,-4.674560546875,5.375244140625,0.290283203125
0.607,-3.873779296875,5.615478515625,-0.750732421875
0.6075,-2.592529296875,5.735595703125,-2.072021484375
0.608,-1.271240234375,5.975830078125,-3.593505859375
0.6085,0.010009765625,6.015869140625,-4.874755859375
0.609,0.690673828125,6.135986328125,-5.795654296875
0.6095,1.531494140625,5.775634765625,-6.396240234375
0.61,2.812744140625,4.774658203125,-6.796630859375
0.6105,4.134033203125,3.413330078125,-7.076904296875
0.611,5.255126953125,1.971923828125,-7.076904296875
0.6115,5.895751953125,0.770751953125,-6.876708984375
0.612,6.055908203125,0.010009765625,-6.596435546875
0.6125,5.895751953125,-0.990966796875,-5.875732421875
0.613,5.535400390625,-2.192138671875,-4.674560546875
0.6135,5.295166015625,-3.553466796875,-3.313232421875
0.614,5.014892578125,-4.834716796875,-1.951904296875
0.6145,4.734619140625,-5.755615234375,-0.990966796875
0.615,4.134033203125,-6.196044921875,0.010009765625
0.6155,3.133056640625,-6.396240234375,1.091064453125
0.616,1.771728515625,-6.556396484375,2.532470703125
0.6165,0.370361328125,-6.716552734375,4.093994140625
0.617,-0.710693359375,-6.796630859375,5.175048828125
0.6175,-1.391357421875,-6.916748046875,5.975830078125
0.618,-2.312255859375,-6.236083984375,6.456298828125
0.6185,-3.713623046875,-4.914794921875,6.776611328125
0.619,-4.874755859375,-3.553466796875,6.976806640625
0.6195,-5.875732421875,-2.192138671875,6.896728515625
0.62,-6.356201171875,-1.151123046875,6.696533203125
0.6205,-6.316162109375,-0.350341796875,6.216064453125
0.621,-6.115966796875,0.650634765625,5.375244140625
0.6215,-5.755615234375,1.891845703125,4.093994140625
0.622,-5.555419921875,3.333251953125,2.732666015625
0.6225,-5.235107421875,4.494384765625,1.451416015625
0.623,-4.954833984375,5.255126953125,0.570556640625
0.6235,-4.234130859375,5.575439453125,-0.390380859375
0.624,-3.072998046875,5.735595703125,-1.591552734375
0.6245,-1.791748046875,5.895751953125,-3.072998046875
0.625,-0.470458984375,5.975830078125,-4.514404296875
0.6255,0.450439453125,6.095947265625,-5.515380859375
0.626,1.211181640625,6.055908203125,-6.236083984375
0.6265,2.292236328125,5.255126953125,-6.716552734375
0.627,3.653564453125,3.933837890625,-6.996826171875
0.6275,4.854736328125,2.532470703125,-7.116943359375
0.628,5.695556640625,1.211181640625,-6.996826171875
0.6285,6.095947265625,0.330322265625,-6.796630859375
0.629,5.935791015625,-0.630615234375,-6.236083984375
0.6295,5.655517578125,-1.671630859375,-5.155029296875
0.63,5.415283203125,-2.952880859375,-3.873779296875
0.6305,5.135009765625,-4.354248046875,-2.472412109375
0.631,4.854736328125,-5.435302734375,-1.311279296875
0.6315,4.494384765625,-6.115966796875,-0.470458984375
0.632,3.573486328125,-6.356201171875,0.610595703125
0.6325,2.292236328125,-6.556396484375,1.971923828125
0.633,0.930908203125,-6.756591796875,3.533447265625
0.6335,-0.350341796875,-6.876708984375,4.814697265625
0.634,-1.111083984375,-6.916748046875,5.775634765625
0.6345,-1.951904296875,-6.556396484375,6.376220703125
0.635,-3.193115234375,-5.475341796875,6.736572265625
0.6355,-4.514404296875,-4.114013671875,6.976806640625
0.636,-5.635498046875,-2.632568359375,7.016845703125
0.6365,-6.276123046875,-1.431396484375,6.776611328125
0.637,-6.436279296875,-0.630615234375,6.456298828125
0.6375,-6.276123046875,0.370361328125,5.735595703125
0.638,-5.915771484375,1.571533203125,4.494384765625
0.6385,-5.715576171875,2.932861328125,3.173095703125
0.639,-5.395263671875,4.214111328125,1.811767578125
0.6395,-5.074951171875,5.135009765625,0.770751953125
0.64,-4.514404296875,5.575439453125,0.010009765625
0.6405,-3.513427734375,5.735595703125,-1.231201171875
0.641,-2.152099609375,5.895751953125,-2.672607421875
0.6415,-0.790771484375,6.055908203125,-4.234130859375
0.642,0.330322265625,6.095947265625,-5.315185546875
0.6425,1.010986328125,6.216064453125,-6.115966796875
0.643,1.931884765625,5.575439453125,-6.596435546875
0.6435,3.333251953125,4.294189453125,-6.916748046875
0.644,4.534423828125,2.892822265625,-7.076904296875
0.6445,5.495361328125,1.531494140625,-7.036865234375
0.645,6.015869140625,0.490478515625,-6.796630859375
0.6455,5.975830078125,-0.390380859375,-6.396240234375
0.646,5.735595703125,-1.311279296875,-5.515380859375
0.6465,5.415283203125,-2.552490234375,-4.234130859375
0.647,5.175048828125,-3.913818359375,-2.872802734375
0.6475,4.854736328125,-5.074951171875,-1.591552734375
0.648,4.574462890625,-5.875732421875,-0.710693359375
0.6485,3.853759765625,-6.236083984375,0.250244140625
0.649,2.732666015625,-6.396240234375,1.411376953125
0.6495,1.411376953125,-6.596435546875,2.852783203125
0.65,0.130126953125,-6.596435546875,4.294189453125
0.6505,-0.830810546875,-6.716552734375,5.255126953125
0.651,-1.471435546875,-6.676513671875,5.975830078125
0.6515,-2.472412109375,-5.955810546875,6.416259765625
0.652,-3.793701171875,-4.674560546875,6.656494140625
0.6525,-4.954833984375,-3.313232421875,6.776611328125
0.653,-5.795654296875,-1.991943359375,6.656494140625
0.6535,-6.156005859375,-1.151123046875,6.536376953125
0.654,-6.115966796875,-0.390380859375,6.015869140625
0.6545,-5.795654296875,0.690673828125,5.054931640625
0.655,-5.635498046875,1.891845703125,3.893798828125
0.6555,-5.395263671875,3.253173828125,2.572509765625
0.656,-5.114990234375,4.334228515625,1.491455078125
0.6565,-4.834716796875,5.014892578125,0.650634765625
0.657,-4.114013671875,5.335205078125,-0.350341796875
0.6575,-2.952880859375,5.455322265625,-1.591552734375
0.658,-1.791748046875,5.815673828125,-3.032958984375
0.6585,-0.590576171875,5.895751953125,-4.314208984375
0.659,0.290283203125,6.095947265625,-5.275146484375
0.6595,1.051025390625,5.895751953125,-5.915771484375
0.66,2.252197265625,4.974853515625,-6.396240234375
0.6605,3.493408203125,3.773681640625,-6.676513671875
0.661,4.614501953125,2.412353515625,-6.756591796875
0.6615,5.335205078125,1.291259765625,-6.676513671875
0.662,5.615478515625,0.530517578125,-6.516357421875
0.6625,5.575439453125,-0.390380859375,-5.955810546875
0.663,5.295166015625,-1.431396484375,-4.954833984375
0.6635,5.094970703125,-2.672607421875,-3.793701171875
0.664,4.894775390625,-3.993896484375,-2.512451171875
0.6645,4.734619140625,-4.994873046875,-1.551513671875
0.665,4.294189453125,-5.555419921875,-0.710693359375
0.6655,3.453369140625,-5.875732421875,0.290283203125
0.666,2.372314453125,-6.075927734375,1.571533203125
0.6665,1.091064453125,-6.276123046875,3.052978515625
0.667,0.130126953125,-6.436279296875,4.174072265625
0.6675,-0.630615234375,-6.636474609375,5.094970703125
0.668,-1.471435546875,-6.276123046875,5.655517578125
0.6685,-2.712646484375,-5.275146484375,6.055908203125
0.669,-3.873779296875,-4.154052734375,6.336181640625
0.6695,-4.874755859375,-2.832763671875,6.376220703125
0.67,-5.475341796875,-1.911865234375,6.376220703125
0.6705,-5.675537109375,-1.151123046875,6.095947265625
0.671,-5.595458984375,-0.350341796875,5.455322265625
0.6715,-5.395263671875,0.770751953125,4.534423828125
0.672,-5.275146484375,2.052001953125,3.413330078125
0.6725,-5.114990234375,3.173095703125,2.292236328125
0.673,-4.954833984375,4.134033203125,1.451416015625
0.6735,-4.514404296875,4.534423828125,0.650634765625
0.674,-3.673583984375,4.934814453125,-0.470458984375
0.6745,-2.672607421875,5.255126953125,-1.711669921875
0.675,-1.471435546875,5.455322265625,-3.072998046875
0.6755,-0.630615234375,5.735595703125,-4.154052734375
0.676,0.170166015625,5.895751953125,-5.034912109375
0.6765,1.131103515625,5.415283203125,-5.635498046875
0.677,2.292236328125,4.454345703125,-6.035888671875
0.6775,3.533447265625,3.253173828125,-6.356201171875
0.678,4.494384765625,2.092041015625,-6.356201171875
0.6785,5.054931640625,1.291259765625,-6.396240234375
0.679,5.135009765625,0.570556640625,-6.115966796875
0.6795,5.054931640625,-0.430419921875,-5.435302734375
0.68,4.974853515625,-1.511474609375,-4.514404296875
0.6805,4.854736328125,-2.872802734375,-3.353271484375
0.681,4.734619140625,-3.993896484375,-2.352294921875
0.6815,4.534423828125,-4.794677734375,-1.591552734375
0.682,3.973876953125,-5.195068359375,-0.670654296875
0.6825,3.093017578125,-5.515380859375,0.490478515625
0.683,2.052001953125,-5.915771484375,1.891845703125
0.6835,0.970947265625,-6.115966796875,3.133056640625
0.684,0.250244140625,-6.436279296875,4.174072265625
0.6845,-0.630615234375,-6.396240234375,4.934814453125
0.685,-1.671630859375,-5.755615234375,5.415283203125
0.6855,-2.872802734375,-4.794677734375,5.815673828125
0.686,-4.033935546875,-3.593505859375,6.095947265625
0.6865,-4.834716796875,-2.552490234375,6.095947265625
0.687,-5.235107421875,-1.871826171875,6.095947265625
0.6875,-5.275146484375,-1.111083984375,5.735595703125
0.688,-5.155029296875,-0.190185546875,4.934814453125
0.6885,-5.155029296875,1.010986328125,4.013916015625
0.689,-5.074951171875,2.292236328125,2.892822265625
0.6895,-4.994873046875,3.293212890625,2.052001953125
0.69,-4.674560546875,3.973876953125,1.291259765625
0.6905,-4.114013671875,4.454345703125,0.410400390625
0.691,-3.233154296875,4.814697265625,-0.830810546875
0.6915,-2.232177734375,5.175048828125,-2.152099609375
0.692,-1.311279296875,5.495361328125,-3.313232421875
0.6925,-0.630615234375,5.815673828125,-4.314208984375
0.693,0.330322265625,5.575439453125,-4.994873046875
0.6935,1.491455078125,4.814697265625,-5.515380859375
0.694,2.692626953125,3.853759765625,-5.915771484375
0.6945,3.773681640625,2.692626953125,-6.115966796875
0.695,4.494384765625,1.811767578125,-6.236083984375
0.6955,4.774658203125,1.131103515625,-6.115966796875
0.696,4.814697265625,0.330322265625,-5.675537109375
0.6965,4.774658203125,-0.750732421875,-4.914794921875
0.697,4.814697265625,-1.951904296875,-3.993896484375
0.6975,4.654541015625,-3.193115234375,-2.952880859375
0.698,4.654541015625,-4.073974609375,-2.152099609375
0.6985,4.294189453125,-4.674560546875,-1.391357421875
0.699,3.533447265625,-5.114990234375,-0.350341796875
0.6995,2.692626953125,-5.595458984375,0.970947265625
0.7,1.611572265625,-5.875732421875,2.292236328125
0.7005,0.810791015625,-6.276123046875,3.413330078125
0.701,0.130126953125,-6.396240234375,4.334228515625
0.7015,-0.950927734375,-6.115966796875,4.974853515625
0.702,-2.072021484375,-5.195068359375,5.415283203125
0.7025,-3.313232421875,-4.194091796875,5.815673828125
0.703,-4.354248046875,-3.072998046875,5.935791015625
0.7035,-4.914794921875,-2.312255859375,6.095947265625
0.704,-5.155029296875,-1.591552734375,5.895751953125
0.7045,-5.114990234375,-0.790771484375,5.215087890625
0.705,-5.114990234375,0.330322265625,4.494384765625
0.7055,-5.114990234375,1.611572265625,3.453369140625
0.706,-5.034912109375,2.812744140625,2.532470703125
0.7065,-4.874755859375,3.653564453125,1.771728515625
0.707,-4.434326171875,4.174072265625,0.930908203125
0.7075,-3.593505859375,4.574462890625,-0.310302734375
0.708,-2.712646484375,5.094970703125,-1.591552734375
0.7085,-1.711669921875,5.375244140625,-2.872802734375
0.709,-0.990966796875,5.735595703125,-3.953857421875
0.7095,-0.150146484375,5.735595703125,-4.754638671875
0.71,1.051025390625,5.094970703125,-5.355224609375
0.7105,2.292236328125,4.174072265625,-5.795654296875
0.711,3.493408203125,3.012939453125,-6.115966796875
0.7115,4.334228515625,1.971923828125,-6.236083984375
0.712,4.774658203125,1.251220703125,-6.196044921875
0.7125,4.894775390625,0.490478515625,-5.875732421875
0.713,4.814697265625,-0.630615234375,-5.114990234375
0.7135,4.814697265625,-1.791748046875,-4.194091796875
0.714,4.734619140625,-3.032958984375,-3.072998046875
0.7145,4.654541015625,-4.073974609375,-2.112060546875
0.715,4.374267578125,-4.754638671875,-1.351318359375
0.7155,3.693603515625,-5.155029296875,-0.390380859375
0.716,2.732666015625,-5.555419921875,0.890869140625
0.7165,1.651611328125,-5.915771484375,2.292236328125
0.717,0.770751953125,-6.196044921875,3.453369140625
0.7175,0.050048828125,-6.436279296875,4.454345703125
0.718,-0.950927734375,-6.156005859375,5.094970703125
0.7185,-2.112060546875,-5.275146484375,5.535400390625
0.719,-3.353271484375,-4.234130859375,5.935791015625
0.7195,-4.434326171875,-3.072998046875,6.095947265625
0.72,-5.074951171875,-2.152099609375,6.135986328125
0.7205,-5.275146484375,-1.471435546875,5.895751953125
0.721,-5.275146484375,-0.630615234375,5.335205078125
0.7215,-5.155029296875,0.450439453125,4.494384765625
0.722,-5.155029296875,1.771728515625,3.493408203125
0.7225,-4.994873046875,2.972900390625,2.412353515625
0.723,-4.914794921875,3.853759765625,1.571533203125
0.7235,-4.434326171875,4.334228515625,0.770751953125
0.724,-3.593505859375,4.694580078125,-0.350341796875
0.7245,-2.672607421875,5.094970703125,-1.631591796875
0.725,-1.591552734375,5.415283203125,-2.952880859375
0.7255,-0.790771484375,5.735595703125,-4.073974609375
0.726,0.050048828125,5.815673828125,-4.914794921875
0.7265,1.091064453125,5.335205078125,-5.555419921875
0.727,2.332275390625,4.334228515625,-5.955810546875
0.7275,3.573486328125,3.133056640625,-6.276123046875
0.728,4.494384765625,1.931884765625,-6.356201171875
0.7285,5.054931640625,1.131103515625,-6.396240234375
0.729,5.135009765625,0.370361328125,-6.035888671875
0.7295,4.974853515625,-0.670654296875,-5.235107421875
0.73,4.894775390625,-1.791748046875,-4.314208984375
0.7305,4.814697265625,-3.072998046875,-3.153076171875
0.731,4.734619140625,-4.234130859375,-2.072021484375
0.7315,4.494384765625,-4.994873046875,-1.311279296875
0.732,3.853759765625,-5.395263671875,-0.390380859375
0.7325,2.812744140625,-5.635498046875,0.890869140625
0.733,1.731689453125,-6.035888671875,2.332275390625
0.7335,0.690673828125,-6.276123046875,3.573486328125
0.734,-0.150146484375,-6.556396484375,4.614501953125
0.7345,-0.990966796875,-6.396240234375,5.295166015625
0.735,-2.152099609375,-5.515380859375,5.775634765625
0.7355,-3.433349609375,-4.434326171875,6.135986328125
0.736,-4.594482421875,-3.193115234375,6.376220703125
0.7365,-5.355224609375,-2.112060546875,6.336181640625
0.737,-5.635498046875,-1.351318359375,6.135986328125
0.7375,-5.635498046875,-0.590576171875,5.615478515625
0.738,-5.395263671875,0.610595703125,4.614501953125
0.7385,-5.315185546875,1.931884765625,3.573486328125
0.739,-5.155029296875,3.213134765625,2.372314453125
0.7395,-5.034912109375,4.174072265625,1.451416015625
0.74,-4.594482421875,4.774658203125,0.610595703125
0.7405,-3.793701171875,5.094970703125,-0.510498046875
0.741,-2.632568359375,5.375244140625,-1.831787109375
0.7415,-1.431396484375,5.695556640625,-3.313232421875
0.742,-0.510498046875,5.895751953125,-4.514404296875
0.7425,0.290283203125,6.095947265625,-5.435302734375
0.743,1.331298828125,5.535400390625,-6.035888671875
0.7435,2.692626953125,4.414306640625,-6.396240234375
0.744,3.973876953125,3.133056640625,-6.756591796875
0.7445,5.014892578125,1.771728515625,-6.756591796875
0.745,5.575439453125,0.770751953125,-6.676513671875
0.7455,5.615478515625,0.010009765625,-6.316162109375
0.746,5.495361328125,-1.031005859375,-5.435302734375
0.7465,5.255126953125,-2.312255859375,-4.234130859375
0.747,5.094970703125,-3.713623046875,-2.912841796875
0.7475,4.854736328125,-4.914794921875,-1.711669921875
0.748,4.614501953125,-5.715576171875,-0.870849609375
0.7485,3.853759765625,-6.035888671875,0.170166015625
0.749,2.692626953125,-6.236083984375,1.411376953125
0.7495,1.371337890625,-6.476318359375,2.932861328125
0.75,0.130126953125,-6.636474609375,4.334228515625
0.7505,-0.790771484375,-6.756591796875,5.335205078125
0.751,-1.551513671875,-6.556396484375,6.015869140625
0.7515,-2.712646484375,-5.715576171875,6.496337890625
0.752,-4.033935546875,-4.354248046875,6.696533203125
0.7525,-5.275146484375,-2.952880859375,6.896728515625
0.753,-6.035888671875,-1.671630859375,6.696533203125
0.7535,-6.356201171875,-0.910888671875,6.456298828125
0.754,-6.156005859375,0.130126953125,5.815673828125
0.7545,-5.795654296875,1.251220703125,4.654541015625
0.755,-5.635498046875,2.532470703125,3.413330078125
0.7555,-5.355224609375,3.853759765625,2.052001953125
0.756,-5.074951171875,4.814697265625,0.970947265625
0.7565,-4.594482421875,5.415283203125,0.170166015625
0.757,-3.713623046875,5.615478515625,-0.910888671875
0.7575,-2.432373046875,5.735595703125,-2.272216796875
0.758,-1.151123046875,6.015869140625,-3.833740234375
0.7585,0.130126953125,6.015869140625,-4.994873046875
0.759,0.770751953125,6.176025390625,-5.915771484375
0.7595,1.651611328125,5.735595703125,-6.436279296875
0.76,3.012939453125,4.614501953125,-6.836669921875
0.7605,4.254150390625,3.173095703125,-7.076904296875
0.761,5.375244140625,1.771728515625,-7.076904296875
0.7615,5.895751953125,0.610595703125,-6.876708984375
0.762,6.055908203125,-0.230224609375,-6.556396484375
0.7625,5.855712890625,-1.111083984375,-5.795654296875
0.763,5.495361328125,-2.312255859375,-4.514404296875
0.7635,5.255126953125,-3.673583984375,-3.193115234375
0.764,4.974853515625,-4.954833984375,-1.871826171875
0.7645,4.654541015625,-5.795654296875,-0.870849609375
0.765,4.053955078125,-6.276123046875,0.090087890625
0.7655,3.012939453125,-6.436279296875,1.251220703125
0.766,1.651611328125,-6.596435546875,2.692626953125
0.7665,0.290283203125,-6.716552734375,4.214111328125
0.767,-0.790771484375,-6.756591796875,5.255126953125
0.7675,-1.431396484375,-6.836669921875,6.055908203125
0.768,-2.432373046875,-6.156005859375,6.536376953125
0.7685,-3.793701171875,-4.874755859375,6.816650390625
0.769,-4.994873046875,-3.513427734375,6.976806640625
0.7695,-5.955810546875,-2.112060546875,6.896728515625
0.77,-6.396240234375,-1.111083984375,6.696533203125
0.7705,-6.356201171875,-0.310302734375,6.176025390625
0.771,-6.115966796875,0.770751953125,5.255126953125
0.7715,-5.755615234375,2.011962890625,3.973876953125
0.772,-5.555419921875,3.453369140625,2.612548828125
0.7725,-5.235107421875,4.574462890625,1.411376953125
0.773,-4.914794921875,5.335205078125,0.490478515625
0.7735,-4.154052734375,5.615478515625,-0.510498046875
0.774,-2.992919921875,5.735595703125,-1.751708984375
0.7745,-1.631591796875,6.055908203125,-3.233154296875
0.775,-0.350341796875,6.095947265625,-4.634521484375
0.7755,0.570556640625,6.216064453125,-5.635498046875
0.776,1.291259765625,6.055908203125,-6.356201171875
0.7765,2.492431640625,5.135009765625,-6.836669921875
0.777,3.853759765625,3.773681640625,-7.076904296875
0.7775,5.014892578125,2.292236328125,-7.197021484375
0.778,5.815673828125,1.091064453125,-6.996826171875
0.7785,6.135986328125,0.170166015625,-6.796630859375
0.779,6.015869140625,-0.790771484375,-6.156005859375
0.7795,5.695556640625,-1.911865234375,-5.034912109375
0.78,5.415283203125,-3.193115234375,-3.713623046875
0.7805,5.135009765625,-4.634521484375,-2.272216796875
0.781,4.814697265625,-5.635498046875,-1.151123046875
0.7815,4.414306640625,-6.276123046875,-0.270263671875
0.782,3.493408203125,-6.476318359375,0.810791015625
0.7825,2.092041015625,-6.596435546875,2.252197265625
0.783,0.690673828125,-6.796630859375,3.853759765625
0.7835,-0.590576171875,-6.796630859375,5.054931640625
0.784,-1.271240234375,-6.916748046875,5.975830078125
0.7845,-2.112060546875,-6.516357421875,6.496337890625
0.785,-3.473388671875,-5.315185546875,6.856689453125
0.7855,-4.754638671875,-3.913818359375,7.016845703125
0.786,-5.795654296875,-2.432373046875,7.056884765625
0.7865,-6.396240234375,-1.271240234375,6.776611328125
0.787,-6.516357421875,-0.470458984375,6.416259765625
0.7875,-6.276123046875,0.530517578125,5.655517578125
0.788,-5.915771484375,1.771728515625,4.414306640625
0.7885,-5.675537109375,3.173095703125,3.012939453125
0.789,-5.355224609375,4.414306640625,1.611572265625
0.7895,-5.034912109375,5.255126953125,0.650634765625
0.79,-4.394287109375,5.695556640625,-0.310302734375
0.7905,-3.353271484375,5.815673828125,-1.431396484375
0.791,-1.991943359375,5.975830078125,-2.872802734375
0.7915,-0.630615234375,6.095947265625,-4.394287109375
0.792,0.450439453125,6.216064453125,-5.435302734375
0.7925,1.131103515625,6.176025390625,-6.276123046875
0.793,2.132080078125,5.455322265625,-6.716552734375
0.7935,3.493408203125,4.134033203125,-6.996826171875
0.794,4.734619140625,2.812744140625,-7.116943359375
0.7945,5.615478515625,1.411376953125,-7.036865234375
0.795,6.055908203125,0.410400390625,-6.836669921875
0.7955,6.015869140625,-0.510498046875,-6.356201171875
0.796,5.735595703125,-1.431396484375,-5.395263671875
0.7965,5.375244140625,-2.632568359375,-4.154052734375
0.797,5.135009765625,-3.993896484375,-2.792724609375
0.7975,4.814697265625,-5.155029296875,-1.551513671875
0.798,4.534423828125,-5.915771484375,-0.670654296875
0.7985,3.773681640625,-6.196044921875,0.290283203125
0.799,2.652587890625,-6.356201171875,1.491455078125
0.7995,1.331298828125,-6.556396484375,3.012939453125
0.8,0.050048828125,-6.596435546875,4.334228515625
0.8005,-0.830810546875,-6.756591796875,5.375244140625
0.801,-1.511474609375,-6.676513671875,5.975830078125
0.8015,-2.592529296875,-5.915771484375,6.416259765625
0.802,-3.873779296875,-4.554443359375,6.656494140625
0.8025,-5.034912109375,-3.233154296875,6.776611328125
0.803,-5.795654296875,-1.951904296875,6.656494140625
0.8035,-6.156005859375,-1.151123046875,6.536376953125
0.804,-6.035888671875,-0.350341796875,5.935791015625
0.8045,-5.795654296875,0.730712890625,4.974853515625
0.805,-5.595458984375,1.931884765625,3.853759765625
0.8055,-5.395263671875,3.253173828125,2.532470703125
0.806,-5.114990234375,4.334228515625,1.451416015625
0.8065,-4.834716796875,5.014892578125,0.650634765625
0.807,-4.073974609375,5.335205078125,-0.350341796875
0.8075,-2.912841796875,5.495361328125,-1.591552734375
0.808,-1.671630859375,5.815673828125,-3.072998046875
0.8085,-0.550537109375,5.895751953125,-4.434326171875
0.809,0.290283203125,6.135986328125,-5.395263671875
0.8095,1.091064453125,5.855712890625,-6.035888671875
0.81,2.332275390625,4.934814453125,-6.436279296875
0.8105,3.613525390625,3.693603515625,-6.716552734375
0.811,4.774658203125,2.332275390625,-6.876708984375
0.8115,5.455322265625,1.211181640625,-6.756591796875
0.812,5.695556640625,0.410400390625,-6.556396484375
0.8125,5.615478515625,-0.510498046875,-5.955810546875
0.813,5.335205078125,-1.591552734375,-4.834716796875
0.8135,5.175048828125,-2.912841796875,-3.633544921875
0.814,4.934814453125,-4.234130859375,-2.312255859375
0.8145,4.734619140625,-5.195068359375,-1.351318359375
0.815,4.214111328125,-5.715576171875,-0.590576171875
0.8155,3.333251953125,-5.955810546875,0.610595703125
0.816,2.172119140625,-6.236083984375,1.931884765625
0.8165,0.850830078125,-6.436279296875,3.453369140625
0.817,-0.230224609375,-6.556396484375,4.534423828125
0.8175,-0.910888671875,-6.756591796875,5.375244140625
0.818,-1.791748046875,-6.196044921875,5.895751953125
0.8185,-3.072998046875,-5.074951171875,6.256103515625
0.819,-4.234130859375,-3.833740234375,6.496337890625
0.8195,-5.195068359375,-2.552490234375,6.456298828125
0.82,-5.755615234375,-1.631591796875,6.416259765625
0.8205,-5.795654296875,-0.910888671875,6.055908203125
0.821,-5.635498046875,0.090087890625,5.295166015625
0.8215,-5.435302734375,1.171142578125,4.334228515625
0.822,-5.275146484375,2.492431640625,3.093017578125
0.8225,-5.074951171875,3.653564453125,1.931884765625
0.823,-4.874755859375,4.454345703125,1.131103515625
0.8235,-4.354248046875,4.854736328125,0.330322265625
0.824,-3.353271484375,5.094970703125,-0.830810546875
0.8245,-2.312255859375,5.415283203125,-2.192138671875
0.825,-1.151123046875,5.575439453125,-3.513427734375
0.8255,-0.390380859375,5.815673828125,-4.554443359375
0.826,0.450439453125,5.855712890625,-5.315185546875
0.8265,1.451416015625,5.295166015625,-5.875732421875
0.827,2.692626953125,4.214111328125,-6.236083984375
0.8275,3.853759765625,3.012939453125,-6.436279296875
0.828,4.734619140625,1.851806640625,-6.436279296875
0.8285,5.175048828125,1.010986328125,-6.436279296875
0.829,5.255126953125,0.290283203125,-6.075927734375
0.8295,5.094970703125,-0.710693359375,-5.275146484375
0.83,4.974853515625,-1.791748046875,-4.314208984375
0.8305,4.814697265625,-3.072998046875,-3.153076171875
0.831,4.694580078125,-4.194091796875,-2.112060546875
0.8315,4.494384765625,-4.954833984375,-1.351318359375
0.832,3.853759765625,-5.395263671875,-0.510498046875
0.8325,2.932861328125,-5.715576171875,0.730712890625
0.833,1.851806640625,-6.075927734375,2.132080078125
0.8335,0.770751953125,-6.276123046875,3.333251953125
0.834,0.090087890625,-6.556396484375,4.414306640625
0.8345,-0.790771484375,-6.436279296875,5.094970703125
0.835,-1.871826171875,-5.635498046875,5.575439453125
0.8355,-3.072998046875,-4.674560546875,5.935791015625
0.836,-4.194091796875,-3.473388671875,6.135986328125
0.8365,-4.994873046875,-2.432373046875,6.176025390625
0.837,-5.315185546875,-1.751708984375,6.095947265625
0.8375,-5.395263671875,-0.990966796875,5.695556640625
0.838,-5.235107421875,0.050048828125,4.854736328125
0.8385,-5.195068359375,1.251220703125,3.933837890625
0.839,-5.074951171875,2.452392578125,2.852783203125
0.8395,-4.994873046875,3.453369140625,1.971923828125
0.84,-4.714599609375,4.093994140625,1.251220703125
0.8405,-4.033935546875,4.494384765625,0.290283203125
0.841,-3.193115234375,4.854736328125,-0.990966796875
0.8415,-2.112060546875,5.215087890625,-2.312255859375
0.842,-1.231201171875,5.535400390625,-3.473388671875
0.8425,-0.510498046875,5.815673828125,-4.474365234375
0.843,0.450439453125,5.575439453125,-5.114990234375
0.8435,1.611572265625,4.774658203125,-5.595458984375
0.844,2.812744140625,3.773681640625,-5.995849609375
0.8445,3.853759765625,2.612548828125,-6.156005859375
0.845,4.614501953125,1.731689453125,-6.276123046875
0.8455,4.854736328125,1.010986328125,-6.115966796875
0.846,4.854736328125,0.250244140625,-5.635498046875
0.8465,4.814697265625,-0.870849609375,-4.834716796875
0.847,4.814697265625,-2.072021484375,-3.873779296875
0.8475,4.654541015625,-3.273193359375,-2.832763671875
0.848,4.614501953125,-4.194091796875,-2.031982421875
0.8485,4.214111328125,-4.834716796875,-1.231201171875
0.849,3.453369140625,-5.195068359375,-0.190185546875
0.8495,2.532470703125,-5.715576171875,1.131103515625
0.85,1.491455078125,-5.915771484375,2.452392578125
0.8505,0.690673828125,-6.276123046875,3.533447265625
0.851,0.010009765625,-6.436279296875,4.454345703125
0.8515,-1.071044921875,-5.955810546875,5.094970703125
0.852,-2.272216796875,-5.155029296875,5.495361328125
0.8525,-3.473388671875,-4.073974609375,5.855712890625
0.853,-4.394287109375,-2.952880859375,5.975830078125
0.8535,-4.954833984375,-2.272216796875,6.095947265625
0.854,-5.155029296875,-1.551513671875,5.855712890625
0.8545,-5.114990234375,-0.630615234375,5.175048828125
0.855,-5.114990234375,0.490478515625,4.454345703125
0.8555,-5.074951171875,1.771728515625,3.373291015625
0.856,-5.034912109375,2.892822265625,2.452392578125
0.8565,-4.874755859375,3.653564453125,1.651611328125
0.857,-4.394287109375,4.214111328125,0.810791015625
0.8575,-3.553466796875,4.574462890625,-0.390380859375
0.858,-2.632568359375,5.094970703125,-1.671630859375
0.8585,-1.631591796875,5.415283203125,-2.912841796875
0.859,-0.950927734375,5.775634765625,-4.033935546875
0.8595,0.010009765625,5.695556640625,-4.794677734375
0.86,1.131103515625,5.054931640625,-5.395263671875
0.8605,2.372314453125,4.134033203125,-5.835693359375
0.861,3.533447265625,2.932861328125,-6.115966796875
0.8615,4.374267578125,1.931884765625,-6.196044921875
0.862,4.774658203125,1.251220703125,-6.196044921875
0.8625,4.934814453125,0.490478515625,-5.835693359375
0.863,4.814697265625,-0.630615234375,-5.034912109375
0.8635,4.814697265625,-1.791748046875,-4.114013671875
0.864,4.734619140625,-3.032958984375,-3.032958984375
0.8645,4.654541015625,-4.114013671875,-2.152099609375
0.865,4.334228515625,-4.754638671875,-1.391357421875
0.8655,3.653564453125,-5.195068359375,-0.430419921875
0.866,2.772705078125,-5.555419921875,0.930908203125
0.8665,1.651611328125,-5.915771484375,2.292236328125
0.867,0.770751953125,-6.196044921875,3.453369140625
0.8675,0.130126953125,-6.436279296875,4.374267578125
0.868,-0.910888671875,-6.156005859375,5.054931640625
0.8685,-2.112060546875,-5.275146484375,5.495361328125
0.869,-3.353271484375,-4.234130859375,5.895751953125
0.8695,-4.354248046875,-3.072998046875,6.015869140625
0.87,-5.034912109375,-2.232177734375,6.095947265625
0.8705,-5.235107421875,-1.471435546875,5.895751953125
0.871,-5.195068359375,-0.630615234375,5.295166015625
0.8715,-5.155029296875,0.450439453125,4.494384765625
0.872,-5.114990234375,1.731689453125,3.493408203125
0.8725,-5.034912109375,2.852783203125,2.412353515625
0.873,-4.914794921875,3.773681640625,1.611572265625
0.8735,-4.514404296875,4.254150390625,0.850830078125
0.874,-3.593505859375,4.614501953125,-0.310302734375
0.8745,-2.712646484375,5.094970703125,-1.591552734375
0.875,-1.631591796875,5.375244140625,-2.912841796875
0.8755,-0.830810546875,5.735595703125,-4.033935546875
0.876,0.010009765625,5.775634765625,-4.874755859375
0.8765,1.091064453125,5.255126953125,-5.475341796875
0.877,2.332275390625,4.254150390625,-5.915771484375
0.8775,3.533447265625,3.093017578125,-6.236083984375
0.878,4.494384765625,1.931884765625,-6.276123046875
0.8785,4.974853515625,1.171142578125,-6.356201171875
0.879,5.094970703125,0.450439453125,-5.995849609375
0.8795,4.974853515625,-0.630615234375,-5.195068359375
0.88,4.934814453125,-1.791748046875,-4.234130859375
0.8805,4.814697265625,-3.153076171875,-3.072998046875
0.881,4.694580078125,-4.274169921875,-2.072021484375
0.8815,4.454345703125,-5.034912109375,-1.311279296875
0.882,3.853759765625,-5.395263671875,-0.390380859375
0.8825,2.772705078125,-5.675537109375,0.970947265625
0.883,1.651611328125,-6.075927734375,2.372314453125
0.8835,0.610595703125,-6.276123046875,3.653564453125
0.884,-0.190185546875,-6.556396484375,4.614501953125
0.8845,-1.031005859375,-6.316162109375,5.295166015625
0.885,-2.232177734375,-5.435302734375,5.775634765625
0.8855,-3.513427734375,-4.354248046875,6.135986328125
0.886,-4.634521484375,-3.072998046875,6.336181640625
0.8865,-5.355224609375,-2.031982421875,6.296142578125
0.887,-5.595458984375,-1.311279296875,6.095947265625
0.8875,-5.555419921875,-0.510498046875,5.575439453125
0.888,-5.355224609375,0.690673828125,4.534423828125
0.8885,-5.275146484375,1.931884765625,3.453369140625
0.889,-5.114990234375,3.213134765625,2.252197265625
0.8895,-4.994873046875,4.134033203125,1.371337890625
0.89,-4.514404296875,4.694580078125,0.610595703125
0.8905,-3.713623046875,5.014892578125,-0.550537109375
0.891,-2.552490234375,5.335205078125,-1.911865234375
0.8915,-1.391357421875,5.615478515625,-3.313232421875
0.892,-0.510498046875,5.815673828125,-4.474365234375
0.8925,0.330322265625,6.015869140625,-5.355224609375
0.893,1.331298828125,5.455322265625,-5.955810546875
0.8935,2.692626953125,4.334228515625,-6.356201171875
0.894,3.973876953125,3.093017578125,-6.636474609375
0.8945,4.934814453125,1.771728515625,-6.676513671875
0.895,5.455322265625,0.890869140625,-6.596435546875
0.8955,5.535400390625,0.090087890625,-6.236083984375
0.896,5.415283203125,-0.990966796875,-5.395263671875
0.8965,5.175048828125,-2.272216796875,-4.234130859375
0.897,5.054931640625,-3.673583984375,-2.952880859375
0.8975,4.814697265625,-4.834716796875,-1.791748046875
0.898,4.574462890625,-5.595458984375,-0.950927734375
0.8985,3.853759765625,-5.915771484375,0.090087890625
0.899,2.692626953125,-6.115966796875,1.331298828125
0.8995,1.411376953125,-6.436279296875,2.892822265625
0.9,0.250244140625,-6.596435546875,4.214111328125
0.9005,-0.630615234375,-6.716552734375,5.215087890625
0.901,-1.471435546875,-6.556396484375,5.895751953125
0.9015,-2.632568359375,-5.675537109375,6.416259765625
0.902,-3.993896484375,-4.354248046875,6.656494140625
0.9025,-5.155029296875,-2.912841796875,6.776611328125
0.903,-5.915771484375,-1.711669921875,6.616455078125
0.9035,-6.236083984375,-0.910888671875,6.456298828125
0.904,-6.075927734375,0.050048828125,5.775634765625
0.9045,-5.755615234375,1.131103515625,4.614501953125
0.905,-5.595458984375,2.492431640625,3.373291015625
0.9055,-5.395263671875,3.773681640625,2.052001953125
0.906,-5.034912109375,4.814697265625,0.970947265625
0.9065,-4.594482421875,5.295166015625,0.210205078125
0.907,-3.713623046875,5.575439453125,-0.910888671875
0.9075,-2.352294921875,5.735595703125,-2.312255859375
0.908,-1.111083984375,5.975830078125,-3.833740234375
0.9085,0.090087890625,6.055908203125,-5.034912109375
0.909,0.770751953125,6.216064453125,-5.915771484375
0.9095,1.731689453125,5.695556640625,-6.436279296875
0.91,3.052978515625,4.494384765625,-6.796630859375
0.9105,4.334228515625,3.133056640625,-7.036865234375
0.911,5.375244140625,1.731689453125,-7.036865234375
0.9115,5.895751953125,0.610595703125,-6.796630859375
0.912,6.015869140625,-0.310302734375,-6.436279296875
0.9125,5.775634765625,-1.271240234375,-5.635498046875
0.913,5.455322265625,-2.512451171875,-4.354248046875
0.9135,5.215087890625,-3.873779296875,-3.032958984375
0.914,4.934814453125,-5.074951171875,-1.671630859375
0.9145,4.614501953125,-5.915771484375,-0.710693359375
0.915,3.973876953125,-6.276123046875,0.250244140625
0.9155,2.852783203125,-6.436279296875,1.411376953125
0.916,1.491455078125,-6.636474609375,2.892822265625
0.9165,0.130126953125,-6.716552734375,4.414306640625
0.917,-0.910888671875,-6.756591796875,5.415283203125
0.9175,-1.551513671875,-6.756591796875,6.135986328125
0.918,-2.592529296875,-6.035888671875,6.576416015625
0.9185,-3.953857421875,-4.674560546875,6.856689453125
0.919,-5.155029296875,-3.273193359375,6.976806640625
0.9195,-6.035888671875,-1.911865234375,6.856689453125
0.92,-6.436279296875,-0.990966796875,6.656494140625
0.9205,-6.356201171875,-0.190185546875,6.095947265625
0.921,-6.035888671875,0.930908203125,5.094970703125
0.9215,-5.755615234375,2.172119140625,3.813720703125
0.922,-5.475341796875,3.613525390625,2.412353515625
0.9225,-5.155029296875,4.694580078125,1.211181640625
0.923,-4.834716796875,5.415283203125,0.370361328125
0.9235,-4.033935546875,5.615478515625,-0.630615234375
0.924,-2.792724609375,5.735595703125,-1.911865234375
0.9245,-1.511474609375,6.015869140625,-3.393310546875
0.925,-0.270263671875,6.055908203125,-4.754638671875
0.9255,0.610595703125,6.216064453125,-5.675537109375
0.926,1.331298828125,5.935791015625,-6.356201171875
0.9265,2.532470703125,5.014892578125,-6.756591796875
0.927,3.893798828125,3.653564453125,-6.996826171875
0.9275,5.094970703125,2.252197265625,-7.076904296875
0.928,5.775634765625,0.970947265625,-6.916748046875
0.9285,6.095947265625,0.130126953125,-6.716552734375
0.929,5.895751953125,-0.790771484375,-6.115966796875
0.9295,5.575439453125,-1.951904296875,-4.954833984375
0.93,5.335205078125,-3.193115234375,-3.633544921875
0.9305,5.094970703125,-4.554443359375,-2.272216796875
0.931,4.814697265625,-5.595458984375,-1.151123046875
0.9315,4.334228515625,-6.115966796875,-0.310302734375
0.932,3.413330078125,-6.396240234375,0.810791015625
0.9325,2.092041015625,-6.516357421875,2.212158203125
0.933,0.690673828125,-6.716552734375,3.773681640625
0.9335,-0.510498046875,-6.756591796875,4.974853515625
0.934,-1.151123046875,-6.876708984375,5.855712890625
0.9345,-2.072021484375,-6.396240234375,6.376220703125
0.935,-3.393310546875,-5.235107421875,6.696533203125
0.9355,-4.634521484375,-3.873779296875,6.976806640625
0.936,-5.715576171875,-2.432373046875,6.936767578125
0.9365,-6.316162109375,-1.351318359375,6.736572265625
0.937,-6.396240234375,-0.590576171875,6.416259765625
0.9375,-6.236083984375,0.410400390625,5.615478515625
0.938,-5.875732421875,1.651611328125,4.414306640625
0.9385,-5.675537109375,3.133056640625,3.012939453125
0.939,-5.355224609375,4.334228515625,1.691650390625
0.9395,-5.074951171875,5.215087890625,0.690673828125
0.94,-4.434326171875,5.615478515625,-0.270263671875
0.9405,-3.353271484375,5.775634765625,-1.391357421875
0.941,-1.991943359375,6.055908203125,-2.912841796875
0.9415,-0.630615234375,6.095947265625,-4.474365234375
0.942,0.370361328125,6.216064453125,-5.475341796875
0.9425,1.131103515625,6.216064453125,-6.276123046875
0.943,2.212158203125,5.455322265625,-6.756591796875
0.9435,3.613525390625,4.093994140625,-7.076904296875
0.944,4.814697265625,2.692626953125,-7.197021484375
0.9445,5.735595703125,1.291259765625,-7.076904296875
0.945,6.095947265625,0.250244140625,-6.916748046875
0.9455,6.055908203125,-0.670654296875,-6.356201171875
0.946,5.735595703125,-1.631591796875,-5.275146484375
0.9465,5.455322265625,-2.952880859375,-3.993896484375
0.947,5.175048828125,-4.354248046875,-2.552490234375
0.9475,4.814697265625,-5.435302734375,-1.271240234375
0.948,4.494384765625,-6.156005859375,-0.510498046875
0.9485,3.613525390625,-6.396240234375,0.610595703125
0.949,2.372314453125,-6.516357421875,1.931884765625
0.9495,0.970947265625,-6.716552734375,3.493408203125
0.95,-0.350341796875,-6.716552734375,4.774658203125
0.9505,-1.151123046875,-6.796630859375,5.695556640625
0.951,-1.871826171875,-6.556396484375,6.296142578125
0.9515,-3.032958984375,-5.635498046875,6.696533203125
0.952,-4.274169921875,-4.234130859375,6.856689453125
0.9525,-5.435302734375,-2.872802734375,6.896728515625
0.953,-6.115966796875,-1.631591796875,6.696533203125
0.9535,-6.396240234375,-0.830810546875,6.456298828125
0.954,-6.156005859375,0.130126953125,5.815673828125
0.9545,-5.795654296875,1.171142578125,4.694580078125
0.955,-5.595458984375,2.452392578125,3.493408203125
0.9555,-5.275146484375,3.773681640625,2.132080078125
0.956,-4.994873046875,4.694580078125,1.091064453125
0.9565,-4.594482421875,5.255126953125,0.290283203125
0.957,-3.793701171875,5.495361328125,-0.750732421875
0.9575,-2.552490234375,5.695556640625,-2.072021484375
0.958,-1.271240234375,5.895751953125,-3.553466796875
0.9585,-0.190185546875,5.935791015625,-4.754638671875
0.959,0.610595703125,6.135986328125,-5.635498046875
0.9595,1.411376953125,5.735595703125,-6.196044921875
0.96,2.692626953125,4.694580078125,-6.596435546875
0.9605,3.893798828125,3.493408203125,-6.836669921875
0.961,4.974853515625,2.052001953125,-6.876708984375
0.9615,5.575439453125,0.970947265625,-6.756591796875
0.962,5.735595703125,0.250244140625,-6.476318359375
0.9625,5.615478515625,-0.670654296875,-5.835693359375
0.963,5.335205078125,-1.791748046875,-4.754638671875
0.9635,5.175048828125,-3.153076171875,-3.513427734375
0.964,4.934814453125,-4.394287109375,-2.192138671875
0.9645,4.734619140625,-5.315185546875,-1.271240234375
0.965,4.134033203125,-5.795654296875,-0.390380859375
0.9655,3.213134765625,-6.075927734375,0.730712890625
0.966,2.052001953125,-6.316162109375,2.092041015625
0.9665,0.730712890625,-6.436279296875,3.573486328125
0.967,-0.270263671875,-6.596435546875,4.614501953125
0.9675,-0.950927734375,-6.716552734375,5.455322265625
0.968,-1.871826171875,-6.156005859375,5.975830078125
0.9685,-3.153076171875,-5.074951171875,6.296142578125
0.969,-4.354248046875,-3.833740234375,6.536376953125
0.9695,-5.315185546875,-2.512451171875,6.456298828125
0.97,-5.755615234375,-1.591552734375,6.416259765625
0.9705,-5.835693359375,-0.830810546875,6.055908203125
0.971,-5.635498046875,0.170166015625,5.255126953125
0.9715,-5.435302734375,1.251220703125,4.214111328125
0.972,-5.275146484375,2.572509765625,3.012939453125
0.9725,-5.074951171875,3.693603515625,1.891845703125
0.973,-4.874755859375,4.494384765625,1.091064453125
0.9735,-4.314208984375,4.894775390625,0.290283203125
0.974,-3.273193359375,5.135009765625,-0.990966796875
0.9745,-2.272216796875,5.495361328125,-2.312255859375
0.975,-1.071044921875,5.615478515625,-3.593505859375
0.9755,-0.310302734375,5.895751953125,-4.634521484375
0.976,0.530517578125,5.815673828125,-5.395263671875
0.9765,1.571533203125,5.175048828125,-5.875732421875
0.977,2.772705078125,4.093994140625,-6.276123046875
0.9775,3.893798828125,2.852783203125,-6.476318359375
0.978,4.774658203125,1.731689453125,-6.436279296875
0.9785,5.215087890625,0.970947265625,-6.436279296875
0.979,5.255126953125,0.250244140625,-6.035888671875
0.9795,5.094970703125,-0.790771484375,-5.155029296875
0.98,4.974853515625,-1.951904296875,-4.194091796875
0.9805,4.814697265625,-3.233154296875,-2.992919921875
0.981,4.694580078125,-4.314208984375,-2.031982421875
0.9815,4.454345703125,-5.034912109375,-1.231201171875
0.982,3.813720703125,-5.435302734375,-0.350341796875
0.9825,2.812744140625,-5.755615234375,0.930908203125
0.983,1.691650390625,-6.075927734375,2.332275390625
0.9835,0.650634765625,-6.236083984375,3.533447265625
0.984,0.010009765625,-6.556396484375,4.534423828125
0.9845,-0.910888671875,-6.396240234375,5.215087890625
0.985,-2.031982421875,-5.595458984375,5.615478515625
0.9855,-3.233154296875,-4.594482421875,6.015869140625
0.986,-4.354248046875,-3.353271484375,6.176025390625
0.9865,-5.074951171875,-2.312255859375,6.216064453125
0.987,-5.395263671875,-1.631591796875,6.095947265625
0.9875,-5.395263671875,-0.830810546875,5.615478515625
0.988,-5.275146484375,0.210205078125,4.814697265625
0.9885,-5.235107421875,1.451416015625,3.813720703125
0.989,-5.074951171875,2.692626953125,2.652587890625
0.9895,-4.994873046875,3.653564453125,1.851806640625
0.99,-4.634521484375,4.254150390625,1.010986328125
0.9905,-3.913818359375,4.614501953125,0.090087890625
0.991,-2.992919921875,5.054931640625,-1.231201171875
0.9915,-1.951904296875,5.335205078125,-2.552490234375
0.992,-1.071044921875,5.615478515625,-3.713623046875
0.9925,-0.350341796875,5.815673828125,-4.634521484375
0.993,0.650634765625,5.455322265625,-5.275146484375
0.9935,1.811767578125,4.534423828125,-5.755615234375
0.994,3.052978515625,3.573486328125,-6.115966796875
0.9945,4.013916015625,2.412353515625,-6.196044921875
0.995,4.694580078125,1.571533203125,-6.276123046875
0.9955,4.894775390625,0.890869140625,-6.075927734375
0.996,4.854736328125,0.010009765625,-5.515380859375
0.9965,4.814697265625,-1.071044921875,-4.674560546875
0.997,4.774658203125,-2.312255859375,-3.673583984375
0.9975,4.614501953125,-3.473388671875,-2.592529296875
0.998,4.534423828125,-4.354248046875,-1.871826171875
0.9985,4.093994140625,-4.874755859375,-1.031005859375
0.999,3.333251953125,-5.275146484375,0.090087890625
0.9995,2.412353515625,-5.715576171875,1.331298828125
