wavelength,x,y,z
0.0,-4.58447265625,3.90380859375,0.30029296875
0.0005,-4.62451171875,2.94287109375,1.22119140625
0.001,-4.90478515625,2.54248046875,1.90185546875
0.0015,-5.02490234375,1.66162109375,2.82275390625
0.002,-4.94482421875,1.02099609375,3.42333984375
0.0025,-4.10400390625,-0.14013671875,3.74365234375
0.003,-3.86376953125,-0.94091796875,4.22412109375
0.0035,-2.86279296875,-2.06201171875,4.34423828125
0.004,-2.50244140625,-2.70263671875,4.58447265625
0.0045,-1.58154296875,-3.74365234375,4.66455078125
0.005,-0.70068359375,-3.98388671875,4.06396484375
0.0055,0.02001953125,-4.46435546875,3.78369140625
0.006,1.02099609375,-4.66455078125,3.06298828125
0.0065,1.94189453125,-4.94482421875,2.38232421875
0.007,2.78271484375,-5.06494140625,1.70166015625
0.0075,3.54345703125,-5.10498046875,0.98095703125
0.008,3.66357421875,-4.22412109375,0.06005859375
0.0085,4.10400390625,-4.18408203125,-0.50048828125
0.009,4.14404296875,-3.18310546875,-1.54150390625
0.0095,4.38427734375,-2.86279296875,-2.06201171875
0.01,4.50439453125,-1.98193359375,-3.02294921875
0.0105,4.14404296875,-1.22119140625,-3.34326171875
0.011,3.50341796875,-0.14013671875,-3.78369140625
0.0115,3.06298828125,0.62060546875,-4.10400390625
0.012,2.26220703125,1.62158203125,-4.30419921875
0.0125,1.90185546875,2.26220703125,-4.50439453125
0.013,1.06103515625,3.18310546875,-4.50439453125
0.0135,0.14013671875,3.34326171875,-3.78369140625
0.014,-0.58056640625,3.90380859375,-3.70361328125
0.0145,-1.66162109375,4.10400390625,-2.74267578125
0.015,-2.42236328125,4.38427734375,-2.30224609375
0.0155,-3.26318359375,4.50439453125,-1.58154296875
0.016,-3.82373046875,4.34423828125,-0.90087890625
0.0165,-4.02392578125,3.62353515625,0.02001953125
0.017,-4.46435546875,3.46337890625,0.58056640625
0.0175,-4.58447265625,2.54248046875,1.58154296875
0.018,-4.78466796875,2.18212890625,2.14208984375
0.0185,-4.94482421875,1.42138671875,3.06298828125
0.019,-4.30419921875,0.50048828125,3.34326171875
0.0195,-3.90380859375,-0.50048828125,3.90380859375
0.02,-3.22314453125,-1.46142578125,4.14404296875
0.0205,-2.58251953125,-2.38232421875,4.42431640625
0.021,-2.06201171875,-3.06298828125,4.46435546875
0.0215,-1.26123046875,-3.78369140625,4.38427734375
0.022,-0.30029296875,-3.94384765625,3.66357421875
0.0225,0.34033203125,-4.50439453125,3.54345703125
0.023,1.62158203125,-4.66455078125,2.42236328125
0.0235,2.26220703125,-4.94482421875,2.10205078125
0.024,3.06298828125,-4.94482421875,1.30126953125
0.0245,3.42333984375,-4.58447265625,0.58056640625
0.025,3.66357421875,-4.02392578125,-0.26025390625
0.0255,3.98388671875,-3.66357421875,-0.94091796875
0.026,4.14404296875,-2.78271484375,-1.86181640625
0.0265,4.22412109375,-2.42236328125,-2.34228515625
0.027,4.30419921875,-1.62158203125,-3.18310546875
0.0275,3.50341796875,-0.62060546875,-3.34326171875
0.028,3.30322265625,0.18017578125,-3.86376953125
0.0285,2.46240234375,1.22119140625,-4.02392578125
0.029,2.06201171875,1.94189453125,-4.34423828125
0.0295,1.38134765625,2.58251953125,-4.30419921875
0.03,0.62060546875,3.18310546875,-4.10400390625
0.0305,-0.30029296875,3.38330078125,-3.42333984375
0.031,-0.98095703125,3.94384765625,-3.22314453125
0.0315,-2.22216796875,4.10400390625,-2.26220703125
0.032,-2.66259765625,4.34423828125,-1.98193359375
0.0325,-3.46337890625,4.22412109375,-1.18115234375
0.033,-3.70361328125,3.70361328125,-0.46044921875
0.0335,-4.10400390625,3.38330078125,0.26025390625
0.034,-4.34423828125,2.86279296875,1.10107421875
0.0345,-4.54443359375,2.26220703125,1.90185546875
0.035,-4.54443359375,1.70166015625,2.42236328125
0.0355,-4.58447265625,1.02099609375,3.06298828125
0.036,-3.70361328125,-0.14013671875,3.34326171875
0.0365,-3.58349609375,-0.86083984375,3.90380859375
0.037,-2.58251953125,-2.02197265625,4.02392578125
0.0375,-2.42236328125,-2.54248046875,4.34423828125
0.038,-1.58154296875,-3.22314453125,4.18408203125
0.0385,-0.82080078125,-3.66357421875,3.86376953125
0.039,0.02001953125,-3.98388671875,3.34326171875
0.0395,0.90087890625,-4.42431640625,2.94287109375
0.04,1.94189453125,-4.66455078125,2.10205078125
0.0405,2.38232421875,-4.78466796875,1.74169921875
0.041,3.10302734375,-4.70458984375,0.98095703125
0.0415,3.26318359375,-4.06396484375,0.14013671875
0.042,3.70361328125,-3.82373046875,-0.46044921875
0.0425,3.86376953125,-2.98291015625,-1.38134765625
0.043,4.14404296875,-2.62255859375,-1.98193359375
0.0435,3.98388671875,-1.94189453125,-2.54248046875
0.044,3.86376953125,-1.22119140625,-3.14306640625
0.0445,3.06298828125,-0.14013671875,-3.34326171875
0.045,2.94287109375,0.54052734375,-3.82373046875
0.0455,1.98193359375,1.62158203125,-3.98388671875
0.046,1.86181640625,2.06201171875,-4.22412109375
0.0465,0.98095703125,2.74267578125,-4.02392578125
0.047,0.18017578125,3.06298828125,-3.58349609375
0.0475,-0.62060546875,3.50341796875,-3.22314453125
0.048,-1.58154296875,3.86376953125,-2.58251953125
0.0485,-2.42236328125,4.10400390625,-2.06201171875
0.049,-2.86279296875,3.98388671875,-1.54150390625
0.0495,-3.46337890625,3.86376953125,-0.90087890625
0.05,-3.62353515625,3.26318359375,0.02001953125
0.0505,-4.10400390625,3.18310546875,0.50048828125
0.051,-4.22412109375,2.30224609375,1.54150390625
0.0515,-4.50439453125,2.10205078125,1.98193359375
0.052,-4.34423828125,1.30126953125,2.62255859375
0.0525,-4.02392578125,0.50048828125,3.06298828125
0.053,-3.38330078125,-0.58056640625,3.46337890625
0.0535,-3.06298828125,-1.34130859375,3.86376953125
0.054,-2.38232421875,-2.34228515625,4.14404296875
0.0545,-1.98193359375,-2.70263671875,4.14404296875
0.055,-1.22119140625,-3.38330078125,3.98388671875
0.0555,-0.38037109375,-3.66357421875,3.42333984375
0.056,0.38037109375,-4.14404296875,3.18310546875
0.0565,1.50146484375,-4.46435546875,2.30224609375
0.057,2.18212890625,-4.74462890625,1.94189453125
0.0575,2.66259765625,-4.50439453125,1.22119140625
0.058,3.14306640625,-4.34423828125,0.62060546875
0.0585,3.34326171875,-3.62353515625,-0.26025390625
0.059,3.70361328125,-3.46337890625,-0.82080078125
0.0595,3.94384765625,-2.62255859375,-1.82177734375
0.06,3.98388671875,-2.30224609375,-2.18212890625
0.0605,3.86376953125,-1.46142578125,-2.86279296875
0.061,3.30322265625,-0.58056640625,-3.18310546875
0.0615,2.90283203125,0.30029296875,-3.58349609375
0.062,2.30224609375,1.22119140625,-3.86376953125
0.0625,1.86181640625,2.06201171875,-4.18408203125
0.063,1.30126953125,2.38232421875,-3.94384765625
0.0635,0.54052734375,3.06298828125,-3.86376953125
0.064,-0.38037109375,3.26318359375,-3.18310546875
0.0645,-1.10107421875,3.74365234375,-3.02294921875
0.065,-2.26220703125,3.98388671875,-2.06201171875
0.0655,-2.78271484375,4.14404296875,-1.78173828125
0.066,-3.30322265625,3.86376953125,-0.94091796875
0.0665,-3.70361328125,3.62353515625,-0.30029296875
0.067,-3.94384765625,3.06298828125,0.50048828125
0.0675,-4.26416015625,2.62255859375,1.22119140625
0.068,-4.58447265625,1.98193359375,2.10205078125
0.0685,-4.38427734375,1.46142578125,2.46240234375
0.069,-4.26416015625,0.66064453125,3.18310546875
0.0695,-3.54345703125,-0.42041015625,3.42333984375
0.07,-3.22314453125,-1.26123046875,3.90380859375
0.0705,-2.42236328125,-2.26220703125,4.10400390625
0.071,-1.98193359375,-2.90283203125,4.34423828125
0.0715,-1.22119140625,-3.26318359375,3.86376953125
0.072,-0.54052734375,-3.86376953125,3.78369140625
0.0725,0.38037109375,-4.06396484375,3.02294921875
0.073,1.18115234375,-4.50439453125,2.70263671875
0.0735,2.38232421875,-4.78466796875,1.78173828125
0.074,2.74267578125,-4.62451171875,1.34130859375
0.0745,3.26318359375,-4.34423828125,0.58056640625
0.075,3.54345703125,-3.86376953125,-0.18017578125
0.0755,3.82373046875,-3.42333984375,-0.90087890625
0.076,3.98388671875,-2.78271484375,-1.70166015625
0.0765,4.30419921875,-2.26220703125,-2.54248046875
0.077,3.86376953125,-1.50146484375,-2.82275390625
0.0775,3.78369140625,-0.70068359375,-3.50341796875
0.078,2.86279296875,0.38037109375,-3.58349609375
0.0785,2.62255859375,1.06103515625,-4.10400390625
0.079,1.78173828125,2.18212890625,-4.22412109375
0.0795,1.34130859375,2.62255859375,-4.34423828125
0.08,0.42041015625,3.06298828125,-3.82373046875
0.0805,-0.30029296875,3.54345703125,-3.58349609375
0.081,-1.22119140625,3.78369140625,-2.86279296875
0.0815,-2.06201171875,4.14404296875,-2.46240234375
0.082,-3.18310546875,4.46435546875,-1.62158203125
0.0825,-3.46337890625,4.06396484375,-0.98095703125
0.083,-4.02392578125,3.86376953125,-0.26025390625
0.0835,-4.18408203125,3.18310546875,0.58056640625
0.084,-4.50439453125,2.86279296875,1.26123046875
0.0845,-4.62451171875,2.06201171875,2.18212890625
0.085,-4.86474609375,1.54150390625,2.86279296875
0.0855,-4.22412109375,0.54052734375,3.18310546875
0.086,-4.06396484375,-0.30029296875,3.86376953125
0.0865,-3.10302734375,-1.42138671875,3.90380859375
0.087,-2.82275390625,-2.06201171875,4.34423828125
0.0875,-1.94189453125,-3.18310546875,4.50439453125
0.088,-1.26123046875,-3.58349609375,4.22412109375
0.0885,-0.42041015625,-4.10400390625,3.82373046875
0.089,0.38037109375,-4.42431640625,3.38330078125
0.0895,1.30126953125,-4.66455078125,2.66259765625
0.09,2.26220703125,-4.86474609375,2.06201171875
0.0905,3.26318359375,-5.10498046875,1.30126953125
0.091,3.42333984375,-4.42431640625,0.50048828125
0.0915,3.94384765625,-4.34423828125,-0.18017578125
0.092,3.98388671875,-3.50341796875,-1.02099609375
0.0925,4.22412109375,-3.10302734375,-1.66162109375
0.093,4.42431640625,-2.22216796875,-2.66259765625
0.0935,4.34423828125,-1.62158203125,-3.18310546875
0.094,3.70361328125,-0.58056640625,-3.58349609375
0.0945,3.38330078125,0.26025390625,-4.02392578125
0.095,2.50244140625,1.26123046875,-4.14404296875
0.0955,2.14208984375,1.98193359375,-4.46435546875
0.096,1.30126953125,3.06298828125,-4.66455078125
0.0965,0.50048828125,3.26318359375,-4.14404296875
0.097,-0.30029296875,3.82373046875,-3.86376953125
0.0975,-1.26123046875,4.02392578125,-3.18310546875
0.098,-2.18212890625,4.34423828125,-2.54248046875
0.0985,-3.14306640625,4.54443359375,-1.82177734375
0.099,-3.98388671875,4.66455078125,-1.06103515625
0.0995,-4.10400390625,3.86376953125,-0.14013671875
0.1,-4.62451171875,3.82373046875,0.50048828125
0.1005,-4.70458984375,2.82275390625,1.46142578125
0.101,-4.90478515625,2.42236328125,2.06201171875
0.1015,-5.10498046875,1.54150390625,3.14306640625
0.102,-4.74462890625,0.74072265625,3.54345703125
0.1025,-4.10400390625,-0.38037109375,3.98388671875
0.103,-3.62353515625,-1.26123046875,4.34423828125
0.1035,-2.70263671875,-2.38232421875,4.50439453125
0.104,-2.26220703125,-3.06298828125,4.62451171875
0.1045,-1.34130859375,-4.10400390625,4.70458984375
0.105,-0.38037109375,-4.26416015625,3.90380859375
0.1055,0.30029296875,-4.74462890625,3.74365234375
0.106,1.54150390625,-4.90478515625,2.78271484375
0.1065,2.30224609375,-5.10498046875,2.22216796875
0.107,3.22314453125,-5.18505859375,1.42138671875
0.1075,3.86376953125,-5.06494140625,0.66064453125
0.108,3.98388671875,-4.22412109375,-0.30029296875
0.1085,4.34423828125,-4.02392578125,-0.90087890625
0.109,4.42431640625,-2.98291015625,-1.94189453125
0.1095,4.50439453125,-2.54248046875,-2.46240234375
0.11,4.66455078125,-1.70166015625,-3.46337890625
0.1105,4.02392578125,-0.78076171875,-3.74365234375
0.111,3.54345703125,0.22021484375,-4.14404296875
0.1115,2.86279296875,1.14111328125,-4.38427734375
0.112,2.10205078125,2.10205078125,-4.54443359375
0.1125,1.58154296875,2.70263671875,-4.66455078125
0.113,0.70068359375,3.58349609375,-4.62451171875
0.1135,-0.30029296875,3.70361328125,-3.82373046875
0.114,-0.98095703125,4.30419921875,-3.62353515625
0.1145,-2.26220703125,4.46435546875,-2.54248046875
0.115,-2.86279296875,4.66455078125,-2.10205078125
0.1155,-3.82373046875,4.66455078125,-1.26123046875
0.116,-4.26416015625,4.34423828125,-0.50048828125
0.1165,-4.50439453125,3.70361328125,0.42041015625
0.117,-4.86474609375,3.34326171875,1.10107421875
0.1175,-4.98486328125,2.38232421875,2.18212890625
0.118,-5.02490234375,1.94189453125,2.66259765625
0.1185,-5.10498046875,1.06103515625,3.62353515625
0.119,-4.30419921875,0.02001953125,3.86376953125
0.1195,-3.94384765625,-0.98095703125,4.34423828125
0.12,-3.06298828125,-2.10205078125,4.54443359375
0.1205,-2.38232421875,-3.06298828125,4.78466796875
0.121,-1.70166015625,-3.66357421875,4.66455078125
0.1215,-0.78076171875,-4.38427734375,4.50439453125
0.122,0.18017578125,-4.50439453125,3.66357421875
0.1225,0.94091796875,-4.98486328125,3.46337890625
0.123,2.34228515625,-5.14501953125,2.22216796875
0.1235,2.82275390625,-5.26513671875,1.82177734375
0.124,3.70361328125,-5.14501953125,0.90087890625
0.1245,3.98388671875,-4.62451171875,0.10009765625
0.125,4.18408203125,-4.02392578125,-0.70068359375
0.1255,4.50439453125,-3.50341796875,-1.54150390625
0.126,4.62451171875,-2.58251953125,-2.54248046875
0.1265,4.50439453125,-2.06201171875,-2.94287109375
0.127,4.50439453125,-1.22119140625,-3.78369140625
0.1275,3.54345703125,-0.06005859375,-3.86376953125
0.128,3.26318359375,0.70068359375,-4.34423828125
0.1285,2.22216796875,1.90185546875,-4.50439453125
0.129,1.78173828125,2.58251953125,-4.70458984375
0.1295,0.98095703125,3.18310546875,-4.54443359375
0.13,0.14013671875,3.82373046875,-4.18408203125
0.1305,-0.82080078125,3.94384765625,-3.42333984375
0.131,-1.62158203125,4.46435546875,-3.14306640625
0.1315,-2.86279296875,4.54443359375,-1.98193359375
0.132,-3.26318359375,4.62451171875,-1.66162109375
0.1325,-4.10400390625,4.50439453125,-0.78076171875
0.133,-4.30419921875,3.86376953125,0.10009765625
0.1335,-4.62451171875,3.46337890625,0.78076171875
0.134,-4.82470703125,2.66259765625,1.78173828125
0.1345,-5.06494140625,2.06201171875,2.58251953125
0.135,-4.82470703125,1.34130859375,3.06298828125
0.1355,-4.82470703125,0.58056640625,3.78369140625
0.136,-3.78369140625,-0.66064453125,3.90380859375
0.1365,-3.58349609375,-1.50146484375,4.46435546875
0.137,-2.42236328125,-2.82275390625,4.54443359375
0.1375,-2.06201171875,-3.30322265625,4.70458984375
0.138,-1.14111328125,-3.90380859375,4.42431640625
0.1385,-0.30029296875,-4.38427734375,3.98388671875
0.139,0.62060546875,-4.58447265625,3.34326171875
0.1395,1.58154296875,-5.02490234375,2.82275390625
0.14,2.74267578125,-5.18505859375,1.86181640625
0.1405,3.10302734375,-5.06494140625,1.34130859375
0.141,3.82373046875,-4.86474609375,0.50048828125
0.1415,3.94384765625,-4.10400390625,-0.38037109375
0.142,4.26416015625,-3.74365234375,-1.02099609375
0.1425,4.42431640625,-2.82275390625,-2.10205078125
0.143,4.54443359375,-2.30224609375,-2.70263671875
0.1435,4.22412109375,-1.50146484375,-3.18310546875
0.144,4.06396484375,-0.66064453125,-3.82373046875
0.1445,3.06298828125,0.46044921875,-3.94384765625
0.145,2.86279296875,1.14111328125,-4.38427734375
0.1455,1.78173828125,2.38232421875,-4.54443359375
0.146,1.46142578125,2.78271484375,-4.54443359375
0.1465,0.50048828125,3.46337890625,-4.22412109375
0.147,-0.38037109375,3.78369140625,-3.70361328125
0.1475,-1.22119140625,4.06396484375,-3.14306640625
0.148,-2.26220703125,4.38427734375,-2.42236328125
0.1485,-3.18310546875,4.62451171875,-1.74169921875
0.149,-3.54345703125,4.30419921875,-1.14111328125
0.1495,-4.14404296875,4.14404296875,-0.38037109375
0.15,-4.22412109375,3.34326171875,0.54052734375
0.1505,-4.62451171875,3.10302734375,1.10107421875
0.151,-4.78466796875,2.10205078125,2.22216796875
0.1515,-4.86474609375,1.78173828125,2.66259765625
0.152,-4.54443359375,0.82080078125,3.22314453125
0.1525,-4.18408203125,-0.14013671875,3.66357421875
0.153,-3.34326171875,-1.22119140625,3.98388671875
0.1535,-2.98291015625,-1.98193359375,4.34423828125
0.154,-2.14208984375,-3.06298828125,4.54443359375
0.1545,-1.62158203125,-3.34326171875,4.38427734375
0.155,-0.78076171875,-4.02392578125,4.14404296875
0.1555,0.18017578125,-4.22412109375,3.50341796875
0.156,0.98095703125,-4.70458984375,3.14306640625
0.1565,2.10205078125,-4.90478515625,2.18212890625
0.157,2.90283203125,-5.10498046875,1.62158203125
0.1575,3.26318359375,-4.66455078125,0.90087890625
0.158,3.78369140625,-4.50439453125,0.18017578125
0.1585,3.86376953125,-3.66357421875,-0.78076171875
0.159,4.22412109375,-3.38330078125,-1.34130859375
0.1595,4.42431640625,-2.42236328125,-2.46240234375
0.16,4.34423828125,-1.98193359375,-2.82275390625
0.1605,3.98388671875,-1.10107421875,-3.46337890625
0.161,3.38330078125,-0.14013671875,-3.74365234375
0.1615,2.82275390625,0.82080078125,-4.06396484375
0.162,2.26220703125,1.74169921875,-4.30419921875
0.1625,1.58154296875,2.62255859375,-4.50439453125
0.163,0.94091796875,2.86279296875,-4.10400390625
0.1635,0.14013671875,3.54345703125,-3.94384765625
0.164,-0.86083984375,3.70361328125,-3.18310546875
0.1645,-1.58154296875,4.10400390625,-2.86279296875
0.165,-2.74267578125,4.34423828125,-1.94189453125
0.1655,-3.26318359375,4.42431640625,-1.46142578125
0.166,-3.70361328125,3.90380859375,-0.62060546875
0.1665,-4.10400390625,3.70361328125,0.02001953125
0.167,-4.26416015625,2.98291015625,0.90087890625
0.1675,-4.50439453125,2.54248046875,1.54150390625
0.168,-4.82470703125,1.90185546875,2.50244140625
0.1685,-4.50439453125,1.26123046875,2.74267578125
0.169,-4.30419921875,0.30029296875,3.42333984375
0.1695,-3.50341796875,-0.66064453125,3.70361328125
0.17,-3.14306640625,-1.50146484375,4.10400390625
0.1705,-2.38232421875,-2.46240234375,4.22412109375
0.171,-1.94189453125,-3.14306640625,4.46435546875
0.1715,-1.10107421875,-3.46337890625,3.86376953125
0.172,-0.42041015625,-4.02392578125,3.82373046875
0.1725,0.62060546875,-4.18408203125,3.02294921875
0.173,1.30126953125,-4.62451171875,2.70263671875
0.1735,2.50244140625,-4.86474609375,1.78173828125
0.174,2.86279296875,-4.74462890625,1.30126953125
0.1745,3.34326171875,-4.34423828125,0.50048828125
0.175,3.62353515625,-3.94384765625,-0.26025390625
0.1755,3.86376953125,-3.38330078125,-0.98095703125
0.176,4.02392578125,-2.82275390625,-1.74169921875
0.1765,4.34423828125,-2.34228515625,-2.58251953125
0.177,3.82373046875,-1.50146484375,-2.82275390625
0.1775,3.74365234375,-0.66064453125,-3.50341796875
0.178,2.82275390625,0.38037109375,-3.62353515625
0.1785,2.62255859375,1.10107421875,-4.10400390625
0.179,1.82177734375,2.06201171875,-4.22412109375
0.1795,1.38134765625,2.58251953125,-4.30419921875
0.18,0.46044921875,2.98291015625,-3.74365234375
0.1805,-0.26025390625,3.46337890625,-3.54345703125
0.181,-1.14111328125,3.70361328125,-2.86279296875
0.1815,-1.94189453125,4.02392578125,-2.42236328125
0.182,-2.98291015625,4.30419921875,-1.66162109375
0.1825,-3.22314453125,3.90380859375,-1.10107421875
0.183,-3.78369140625,3.74365234375,-0.34033203125
0.1835,-3.90380859375,3.14306640625,0.38037109375
0.184,-4.22412109375,2.82275390625,1.06103515625
0.1845,-4.42431640625,2.06201171875,1.86181640625
0.185,-4.62451171875,1.62158203125,2.50244140625
0.1855,-3.98388671875,0.70068359375,2.86279296875
0.186,-3.90380859375,0.02001953125,3.46337890625
0.1865,-3.06298828125,-1.14111328125,3.66357421875
0.187,-2.86279296875,-1.78173828125,4.06396484375
0.1875,-2.06201171875,-2.78271484375,4.22412109375
0.188,-1.58154296875,-3.10302734375,4.02392578125
0.1885,-0.74072265625,-3.58349609375,3.70361328125
0.189,0.02001953125,-3.94384765625,3.30322265625
0.1895,0.94091796875,-4.26416015625,2.78271484375
0.19,1.78173828125,-4.58447265625,2.22216796875
0.1905,2.66259765625,-4.82470703125,1.58154296875
0.191,2.86279296875,-4.22412109375,0.82080078125
0.1915,3.46337890625,-4.22412109375,0.26025390625
0.192,3.54345703125,-3.46337890625,-0.62060546875
0.1925,3.86376953125,-3.22314453125,-1.26123046875
0.193,4.06396484375,-2.46240234375,-2.18212890625
0.1935,4.10400390625,-1.94189453125,-2.62255859375
0.194,3.50341796875,-0.94091796875,-3.06298828125
0.1945,3.26318359375,-0.18017578125,-3.54345703125
0.195,2.54248046875,0.82080078125,-3.70361328125
0.1955,2.26220703125,1.50146484375,-4.06396484375
0.196,1.54150390625,2.42236328125,-4.30419921875
0.1965,0.82080078125,2.66259765625,-3.82373046875
0.197,0.14013671875,3.22314453125,-3.66357421875
0.1975,-0.78076171875,3.50341796875,-3.02294921875
0.198,-1.58154296875,3.86376953125,-2.58251953125
0.1985,-2.50244140625,4.10400390625,-1.94189453125
0.199,-3.18310546875,4.18408203125,-1.34130859375
0.1995,-3.42333984375,3.58349609375,-0.58056640625
0.2,-3.90380859375,3.54345703125,0.02001953125
0.2005,-4.06396484375,2.74267578125,0.86083984375
0.201,-4.34423828125,2.42236328125,1.46142578125
0.2015,-4.58447265625,1.78173828125,2.42236328125
0.202,-4.30419921875,1.10107421875,2.74267578125
0.2025,-3.86376953125,0.10009765625,3.26318359375
0.203,-3.38330078125,-0.78076171875,3.66357421875
0.2035,-2.86279296875,-1.66162109375,3.90380859375
0.204,-2.38232421875,-2.38232421875,4.18408203125
0.2045,-1.70166015625,-3.18310546875,4.34423828125
0.205,-0.82080078125,-3.46337890625,3.70361328125
0.2055,-0.26025390625,-3.98388671875,3.66357421875
0.206,0.90087890625,-4.22412109375,2.78271484375
0.2065,1.58154296875,-4.58447265625,2.42236328125
0.207,2.54248046875,-4.78466796875,1.62158203125
0.2075,3.06298828125,-4.62451171875,1.02099609375
0.208,3.34326171875,-4.02392578125,0.18017578125
0.2085,3.70361328125,-3.86376953125,-0.42041015625
0.209,3.86376953125,-3.06298828125,-1.34130859375
0.2095,4.06396484375,-2.66259765625,-1.94189453125
0.21,4.22412109375,-1.94189453125,-2.82275390625
0.2105,3.66357421875,-1.06103515625,-3.06298828125
0.211,3.38330078125,-0.26025390625,-3.58349609375
0.2115,2.70263671875,0.74072265625,-3.82373046875
0.212,2.22216796875,1.58154296875,-4.14404296875
0.2125,1.66162109375,2.30224609375,-4.30419921875
0.213,0.94091796875,2.98291015625,-4.22412109375
0.2135,0.02001953125,3.18310546875,-3.54345703125
0.214,-0.62060546875,3.74365234375,-3.46337890625
0.2145,-1.78173828125,3.90380859375,-2.46240234375
0.215,-2.42236328125,4.22412109375,-2.18212890625
0.2155,-3.34326171875,4.34423828125,-1.34130859375
0.216,-3.66357421875,3.90380859375,-0.62060546875
0.2165,-3.98388671875,3.46337890625,0.06005859375
0.217,-4.26416015625,3.06298828125,0.78076171875
0.2175,-4.50439453125,2.38232421875,1.74169921875
0.218,-4.58447265625,1.90185546875,2.26220703125
0.2185,-4.78466796875,1.22119140625,3.06298828125
0.219,-3.90380859375,0.14013671875,3.30322265625
0.2195,-3.82373046875,-0.66064453125,3.90380859375
0.22,-2.82275390625,-1.82177734375,4.10400390625
0.2205,-2.46240234375,-2.50244140625,4.34423828125
0.221,-1.74169921875,-3.26318359375,4.38427734375
0.2215,-0.98095703125,-3.82373046875,4.14404296875
0.222,-0.10009765625,-4.02392578125,3.54345703125
0.2225,0.70068359375,-4.54443359375,3.22314453125
0.223,1.94189453125,-4.74462890625,2.18212890625
0.2235,2.50244140625,-4.94482421875,1.86181640625
0.224,3.34326171875,-4.94482421875,1.02099609375
0.2245,3.54345703125,-4.34423828125,0.22021484375
0.225,3.90380859375,-3.98388671875,-0.50048828125
0.2255,4.14404296875,-3.22314453125,-1.38134765625
0.226,4.34423828125,-2.58251953125,-2.22216796875
0.2265,4.22412109375,-1.98193359375,-2.74267578125
0.227,4.22412109375,-1.26123046875,-3.46337890625
0.2275,3.30322265625,-0.10009765625,-3.62353515625
0.228,3.18310546875,0.62060546875,-4.14404296875
0.2285,2.06201171875,1.86181640625,-4.26416015625
0.229,1.78173828125,2.42236328125,-4.50439453125
0.2295,0.94091796875,3.14306640625,-4.38427734375
0.23,0.10009765625,3.58349609375,-3.94384765625
0.2305,-0.78076171875,3.82373046875,-3.34326171875
0.231,-1.70166015625,4.26416015625,-2.86279296875
0.2315,-2.86279296875,4.46435546875,-1.94189453125
0.232,-3.26318359375,4.46435546875,-1.54150390625
0.2325,-4.02392578125,4.34423828125,-0.70068359375
0.233,-4.18408203125,3.58349609375,0.18017578125
0.2335,-4.54443359375,3.38330078125,0.78076171875
0.234,-4.78466796875,2.42236328125,1.90185546875
0.2345,-4.94482421875,1.94189453125,2.54248046875
0.235,-4.78466796875,1.18115234375,3.14306640625
0.2355,-4.58447265625,0.34033203125,3.74365234375
0.236,-3.62353515625,-0.86083984375,3.90380859375
0.2365,-3.38330078125,-1.62158203125,4.42431640625
0.237,-2.26220703125,-2.90283203125,4.54443359375
0.2375,-1.94189453125,-3.34326171875,4.62451171875
0.238,-0.98095703125,-4.06396484375,4.42431640625
0.2385,0.02001953125,-4.42431640625,3.86376953125
0.239,0.78076171875,-4.70458984375,3.26318359375
0.2395,1.94189453125,-5.06494140625,2.54248046875
0.24,3.10302734375,-5.26513671875,1.62158203125
0.2405,3.34326171875,-5.06494140625,1.06103515625
0.241,4.02392578125,-4.86474609375,0.30029296875
0.2415,4.10400390625,-3.94384765625,-0.66064453125
0.242,4.42431640625,-3.66357421875,-1.26123046875
0.2425,4.54443359375,-2.54248046875,-2.50244140625
0.243,4.62451171875,-2.10205078125,-2.98291015625
0.2435,4.26416015625,-1.18115234375,-3.54345703125
0.244,3.90380859375,-0.30029296875,-4.06396484375
0.2445,2.94287109375,0.82080078125,-4.14404296875
0.245,2.62255859375,1.58154296875,-4.54443359375
0.2455,1.54150390625,2.82275390625,-4.66455078125
0.246,1.14111328125,3.14306640625,-4.50439453125
0.2465,0.14013671875,3.82373046875,-4.22412109375
0.247,-0.78076171875,4.02392578125,-3.54345703125
0.2475,-1.58154296875,4.34423828125,-3.06298828125
0.248,-2.62255859375,4.62451171875,-2.26220703125
0.2485,-3.62353515625,4.74462890625,-1.50146484375
0.249,-3.94384765625,4.30419921875,-0.78076171875
0.2495,-4.50439453125,4.14404296875,0.02001953125
0.25,-4.54443359375,3.22314453125,0.94091796875
0.2505,-4.86474609375,2.94287109375,1.54150390625
0.251,-5.02490234375,1.94189453125,2.74267578125
0.2515,-4.98486328125,1.42138671875,3.10302734375
0.252,-4.62451171875,0.46044921875,3.70361328125
0.2525,-4.10400390625,-0.54052734375,4.10400390625
0.253,-3.26318359375,-1.58154296875,4.34423828125
0.2535,-2.74267578125,-2.42236328125,4.62451171875
0.254,-1.90185546875,-3.54345703125,4.82470703125
0.2545,-1.26123046875,-3.82373046875,4.42431640625
0.255,-0.38037109375,-4.50439453125,4.22412109375
0.2555,0.62060546875,-4.62451171875,3.38330078125
0.256,1.42138671875,-5.10498046875,2.86279296875
0.2565,2.66259765625,-5.26513671875,1.94189453125
0.257,3.42333984375,-5.38525390625,1.38134765625
0.2575,3.78369140625,-4.78466796875,0.46044921875
0.258,4.26416015625,-4.50439453125,-0.30029296875
0.2585,4.30419921875,-3.58349609375,-1.22119140625
0.259,4.50439453125,-3.18310546875,-1.86181640625
0.2595,4.78466796875,-2.22216796875,-3.06298828125
0.26,4.46435546875,-1.66162109375,-3.26318359375
0.2605,4.10400390625,-0.62060546875,-3.98388671875
0.261,3.38330078125,0.42041015625,-4.18408203125
0.2615,2.74267578125,1.30126953125,-4.46435546875
0.262,2.02197265625,2.26220703125,-4.62451171875
0.2625,1.30126953125,3.18310546875,-4.82470703125
0.263,0.50048828125,3.42333984375,-4.18408203125
0.2635,-0.34033203125,4.06396484375,-4.02392578125
0.264,-1.26123046875,4.02392578125,-3.18310546875
0.2645,-2.06201171875,4.46435546875,-2.74267578125
0.265,-3.34326171875,4.54443359375,-1.78173828125
0.2655,-3.86376953125,4.58447265625,-1.10107421875
0.266,-4.22412109375,4.02392578125,-0.18017578125
0.2665,-4.62451171875,3.70361328125,0.50048828125
0.267,-4.70458984375,2.90283203125,1.34130859375
0.2675,-4.86474609375,2.38232421875,2.06201171875
0.268,-5.14501953125,1.58154296875,3.10302734375
0.2685,-4.62451171875,0.86083984375,3.30322265625
0.269,-4.38427734375,-0.14013671875,3.98388671875
0.2695,-3.50341796875,-1.22119140625,4.14404296875
0.27,-3.06298828125,-1.94189453125,4.50439453125
0.2705,-2.22216796875,-3.02294921875,4.62451171875
0.271,-1.58154296875,-3.70361328125,4.66455078125
0.2715,-0.62060546875,-3.98388671875,3.98388671875
0.272,0.06005859375,-4.66455078125,3.82373046875
0.2725,1.14111328125,-4.70458984375,2.94287109375
0.273,1.78173828125,-5.14501953125,2.54248046875
0.2735,3.14306640625,-5.26513671875,1.58154296875
0.274,3.46337890625,-4.94482421875,0.90087890625
0.2745,3.90380859375,-4.50439453125,0.02001953125
0.275,4.14404296875,-3.98388671875,-0.70068359375
0.2755,4.34423828125,-3.34326171875,-1.54150390625
0.276,4.46435546875,-2.66259765625,-2.26220703125
0.2765,4.74462890625,-1.98193359375,-3.22314453125
0.277,3.98388671875,-0.98095703125,-3.42333984375
0.2775,3.82373046875,-0.14013671875,-4.06396484375
0.278,2.82275390625,0.94091796875,-4.10400390625
0.2785,2.50244140625,1.62158203125,-4.50439453125
0.279,1.58154296875,2.70263671875,-4.62451171875
0.2795,0.98095703125,3.22314453125,-4.50439453125
0.28,-0.06005859375,3.54345703125,-3.82373046875
0.2805,-0.74072265625,4.02392578125,-3.66357421875
0.281,-1.78173828125,4.18408203125,-2.70263671875
0.2815,-2.50244140625,4.46435546875,-2.26220703125
0.282,-3.66357421875,4.66455078125,-1.38134765625
0.2825,-3.82373046875,4.10400390625,-0.62060546875
0.283,-4.34423828125,3.86376953125,0.14013671875
0.2835,-4.50439453125,3.18310546875,0.90087890625
0.284,-4.70458984375,2.66259765625,1.58154296875
0.2845,-4.82470703125,1.94189453125,2.46240234375
0.285,-4.94482421875,1.30126953125,3.18310546875
0.2855,-4.14404296875,0.22021484375,3.42333984375
0.286,-4.02392578125,-0.58056640625,4.02392578125
0.2865,-2.98291015625,-1.66162109375,4.10400390625
0.287,-2.70263671875,-2.30224609375,4.42431640625
0.2875,-1.82177734375,-3.34326171875,4.54443359375
0.288,-1.14111328125,-3.70361328125,4.14404296875
0.2885,-0.30029296875,-4.14404296875,3.78369140625
0.289,0.58056640625,-4.50439453125,3.22314453125
0.2895,1.50146484375,-4.66455078125,2.58251953125
0.29,2.26220703125,-4.94482421875,2.06201171875
0.2905,3.22314453125,-5.10498046875,1.30126953125
0.291,3.38330078125,-4.34423828125,0.42041015625
0.2915,3.90380859375,-4.30419921875,-0.18017578125
0.292,3.98388671875,-3.46337890625,-1.06103515625
0.2925,4.26416015625,-3.06298828125,-1.70166015625
0.293,4.42431640625,-2.26220703125,-2.62255859375
0.2935,4.30419921875,-1.62158203125,-3.18310546875
0.294,3.58349609375,-0.50048828125,-3.54345703125
0.2945,3.34326171875,0.26025390625,-3.98388671875
0.295,2.50244140625,1.30126953125,-4.10400390625
0.2955,2.18212890625,1.94189453125,-4.46435546875
0.296,1.30126953125,2.86279296875,-4.58447265625
0.2965,0.50048828125,3.18310546875,-3.98388671875
0.297,-0.30029296875,3.66357421875,-3.78369140625
0.2975,-1.26123046875,3.98388671875,-3.02294921875
0.298,-2.10205078125,4.22412109375,-2.42236328125
0.2985,-2.90283203125,4.38427734375,-1.78173828125
0.299,-3.66357421875,4.42431640625,-1.10107421875
0.2995,-3.82373046875,3.66357421875,-0.18017578125
0.3,-4.30419921875,3.54345703125,0.30029296875
0.3005,-4.38427734375,2.62255859375,1.30126953125
0.301,-4.62451171875,2.30224609375,1.90185546875
0.3015,-4.78466796875,1.58154296875,2.78271484375
0.302,-4.42431640625,0.82080078125,3.14306640625
0.3025,-3.86376953125,-0.26025390625,3.58349609375
0.303,-3.38330078125,-1.06103515625,3.90380859375
0.3035,-2.66259765625,-2.02197265625,4.14404296875
0.304,-2.26220703125,-2.70263671875,4.34423828125
0.3045,-1.54150390625,-3.54345703125,4.34423828125
0.305,-0.62060546875,-3.74365234375,3.62353515625
0.3055,0.02001953125,-4.18408203125,3.58349609375
0.306,1.14111328125,-4.42431640625,2.66259765625
0.3065,1.86181640625,-4.74462890625,2.30224609375
0.307,2.70263671875,-4.82470703125,1.58154296875
0.3075,3.18310546875,-4.62451171875,0.90087890625
0.308,3.42333984375,-3.98388671875,0.06005859375
0.3085,3.78369140625,-3.82373046875,-0.50048828125
0.309,3.90380859375,-2.98291015625,-1.46142578125
0.3095,4.14404296875,-2.66259765625,-1.94189453125
0.31,4.26416015625,-1.94189453125,-2.86279296875
0.3105,3.66357421875,-1.02099609375,-3.06298828125
0.311,3.34326171875,-0.14013671875,-3.62353515625
0.3115,2.70263671875,0.78076171875,-3.82373046875
0.312,2.22216796875,1.54150390625,-4.14404296875
0.3125,1.66162109375,2.22216796875,-4.26416015625
0.313,0.98095703125,2.86279296875,-4.18408203125
0.3135,0.06005859375,3.14306640625,-3.54345703125
0.314,-0.58056640625,3.70361328125,-3.42333984375
0.3145,-1.78173828125,3.86376953125,-2.42236328125
0.315,-2.30224609375,4.14404296875,-2.22216796875
0.3155,-3.18310546875,4.22412109375,-1.42138671875
0.316,-3.54345703125,3.86376953125,-0.70068359375
0.3165,-3.86376953125,3.46337890625,0.02001953125
0.317,-4.14404296875,3.06298828125,0.66064453125
0.3175,-4.38427734375,2.38232421875,1.58154296875
0.318,-4.46435546875,1.94189453125,2.06201171875
0.3185,-4.54443359375,1.30126953125,2.86279296875
0.319,-3.78369140625,0.26025390625,3.06298828125
0.3195,-3.70361328125,-0.54052734375,3.70361328125
0.32,-2.82275390625,-1.62158203125,3.82373046875
0.3205,-2.54248046875,-2.26220703125,4.14404296875
0.321,-1.82177734375,-2.94287109375,4.10400390625
0.3215,-1.14111328125,-3.38330078125,3.90380859375
0.322,-0.30029296875,-3.66357421875,3.34326171875
0.3225,0.46044921875,-4.18408203125,3.14306640625
0.323,1.58154296875,-4.38427734375,2.26220703125
0.3235,2.06201171875,-4.62451171875,1.98193359375
0.324,2.82275390625,-4.62451171875,1.26123046875
0.3245,3.02294921875,-4.06396484375,0.50048828125
0.325,3.46337890625,-3.86376953125,-0.14013671875
0.3255,3.66357421875,-3.18310546875,-0.98095703125
0.326,3.94384765625,-2.82275390625,-1.66162109375
0.3265,3.98388671875,-2.18212890625,-2.26220703125
0.327,3.98388671875,-1.58154296875,-2.86279296875
0.3275,3.18310546875,-0.50048828125,-3.14306640625
0.328,3.14306640625,0.14013671875,-3.70361328125
0.3285,2.22216796875,1.22119140625,-3.86376953125
0.329,2.06201171875,1.74169921875,-4.22412109375
0.3295,1.26123046875,2.54248046875,-4.10400390625
0.33,0.50048828125,2.90283203125,-3.74365234375
0.3305,-0.30029296875,3.34326171875,-3.30322265625
0.331,-1.18115234375,3.70361328125,-2.86279296875
0.3315,-2.18212890625,3.98388671875,-2.18212890625
0.332,-2.62255859375,4.06396484375,-1.78173828125
0.3325,-3.34326171875,3.98388671875,-1.06103515625
0.333,-3.54345703125,3.38330078125,-0.30029296875
0.3335,-3.98388671875,3.26318359375,0.30029296875
0.334,-4.14404296875,2.42236328125,1.30126953125
0.3345,-4.42431640625,2.22216796875,1.82177734375
0.335,-4.34423828125,1.42138671875,2.46240234375
0.3355,-4.14404296875,0.74072265625,2.94287109375
0.336,-3.46337890625,-0.38037109375,3.26318359375
0.3365,-3.22314453125,-1.14111328125,3.74365234375
0.337,-2.38232421875,-2.18212890625,3.94384765625
0.3375,-2.18212890625,-2.54248046875,4.14404296875
0.338,-1.34130859375,-3.22314453125,3.98388671875
0.3385,-0.58056640625,-3.54345703125,3.50341796875
0.339,0.14013671875,-3.98388671875,3.22314453125
0.3395,1.30126953125,-4.34423828125,2.50244140625
0.34,2.06201171875,-4.62451171875,1.98193359375
0.3405,2.54248046875,-4.50439453125,1.42138671875
0.341,3.10302734375,-4.46435546875,0.78076171875
0.3415,3.26318359375,-3.70361328125,-0.06005859375
0.342,3.70361328125,-3.62353515625,-0.62060546875
0.3425,3.86376953125,-2.70263671875,-1.70166015625
0.343,4.10400390625,-2.46240234375,-2.10205078125
0.3435,3.94384765625,-1.58154296875,-2.82275390625
0.344,3.54345703125,-0.78076171875,-3.18310546875
0.3445,2.94287109375,0.14013671875,-3.54345703125
0.345,2.54248046875,0.98095703125,-3.94384765625
0.3455,1.86181640625,1.98193359375,-4.18408203125
0.346,1.42138671875,2.34228515625,-4.10400390625
0.3465,0.62060546875,3.06298828125,-3.98388671875
0.347,-0.30029296875,3.26318359375,-3.26318359375
0.3475,-0.98095703125,3.78369140625,-3.10302734375
0.348,-2.22216796875,3.98388671875,-2.18212890625
0.3485,-2.82275390625,4.22412109375,-1.78173828125
0.349,-3.34326171875,3.98388671875,-0.98095703125
0.3495,-3.82373046875,3.78369140625,-0.34033203125
0.35,-3.98388671875,3.14306640625,0.46044921875
0.3505,-4.30419921875,2.82275390625,1.10107421875
0.351,-4.54443359375,1.98193359375,2.10205078125
0.3515,-4.50439453125,1.58154296875,2.46240234375
0.352,-4.34423828125,0.70068359375,3.18310546875
0.3525,-3.66357421875,-0.30029296875,3.42333984375
0.353,-3.22314453125,-1.22119140625,3.82373046875
0.3535,-2.54248046875,-2.10205078125,4.10400390625
0.354,-2.06201171875,-2.98291015625,4.34423828125
0.3545,-1.34130859375,-3.26318359375,3.98388671875
0.355,-0.62060546875,-3.90380859375,3.86376953125
0.3555,0.30029296875,-4.02392578125,3.14306640625
0.356,1.06103515625,-4.54443359375,2.90283203125
0.3565,2.30224609375,-4.78466796875,1.90185546875
0.357,2.78271484375,-4.82470703125,1.42138671875
0.3575,3.30322265625,-4.50439453125,0.62060546875
0.358,3.66357421875,-4.14404296875,-0.06005859375
0.3585,3.86376953125,-3.50341796875,-0.86083984375
0.359,4.10400390625,-2.98291015625,-1.58154296875
0.3595,4.38427734375,-2.30224609375,-2.54248046875
0.36,4.06396484375,-1.70166015625,-2.86279296875
0.3605,3.90380859375,-0.82080078125,-3.58349609375
0.361,3.06298828125,0.18017578125,-3.78369140625
0.3615,2.74267578125,1.02099609375,-4.14404296875
0.362,1.90185546875,2.10205078125,-4.34423828125
0.3625,1.42138671875,2.78271484375,-4.50439453125
0.363,0.50048828125,3.14306640625,-3.94384765625
0.3635,-0.26025390625,3.74365234375,-3.82373046875
0.364,-1.22119140625,3.86376953125,-2.98291015625
0.3645,-1.94189453125,4.22412109375,-2.62255859375
0.365,-3.22314453125,4.50439453125,-1.62158203125
0.3655,-3.58349609375,4.26416015625,-1.06103515625
0.366,-4.10400390625,3.94384765625,-0.26025390625
0.3665,-4.34423828125,3.42333984375,0.50048828125
0.367,-4.50439453125,2.90283203125,1.22119140625
0.3675,-4.70458984375,2.18212890625,2.10205078125
0.368,-4.98486328125,1.50146484375,2.94287109375
0.3685,-4.34423828125,0.62060546875,3.18310546875
0.369,-4.22412109375,-0.22021484375,3.86376953125
0.3695,-3.22314453125,-1.26123046875,3.98388671875
0.37,-2.94287109375,-1.98193359375,4.38427734375
0.3705,-1.98193359375,-3.18310546875,4.50439453125
0.371,-1.42138671875,-3.66357421875,4.46435546875
0.3715,-0.50048828125,-4.02392578125,3.86376953125
0.372,0.22021484375,-4.50439453125,3.66357421875
0.3725,1.22119140625,-4.62451171875,2.82275390625
0.373,2.06201171875,-4.98486328125,2.30224609375
0.3735,3.22314453125,-5.26513671875,1.42138671875
0.374,3.50341796875,-4.70458984375,0.66064453125
0.3745,4.02392578125,-4.50439453125,-0.10009765625
0.375,4.14404296875,-3.74365234375,-0.94091796875
0.3755,4.38427734375,-3.26318359375,-1.62158203125
0.376,4.50439453125,-2.46240234375,-2.58251953125
0.3765,4.62451171875,-1.86181640625,-3.38330078125
0.377,3.86376953125,-0.78076171875,-3.66357421875
0.3775,3.74365234375,0.10009765625,-4.18408203125
0.378,2.66259765625,1.22119140625,-4.22412109375
0.3785,2.34228515625,1.94189453125,-4.54443359375
0.379,1.34130859375,3.10302734375,-4.74462890625
0.3795,0.62060546875,3.46337890625,-4.38427734375
0.38,-0.34033203125,3.90380859375,-3.86376953125
0.3805,-1.14111328125,4.22412109375,-3.42333984375
0.381,-2.10205078125,4.38427734375,-2.58251953125
0.3815,-2.94287109375,4.62451171875,-1.94189453125
0.382,-4.02392578125,4.78466796875,-1.14111328125
0.3825,-4.14404296875,3.98388671875,-0.26025390625
0.383,-4.70458984375,3.86376953125,0.42041015625
0.3835,-4.70458984375,2.98291015625,1.34130859375
0.384,-4.94482421875,2.46240234375,1.94189453125
0.3845,-5.06494140625,1.58154296875,2.94287109375
0.385,-4.98486328125,0.90087890625,3.54345703125
0.3855,-4.14404296875,-0.26025390625,3.86376953125
0.386,-3.90380859375,-1.02099609375,4.34423828125
0.3865,-2.86279296875,-2.14208984375,4.42431640625
0.387,-2.42236328125,-2.82275390625,4.62451171875
0.3875,-1.50146484375,-3.86376953125,4.74462890625
0.388,-0.66064453125,-4.10400390625,4.14404296875
0.3885,0.10009765625,-4.54443359375,3.86376953125
0.389,1.10107421875,-4.82470703125,3.14306640625
0.3895,1.98193359375,-5.02490234375,2.42236328125
0.39,2.86279296875,-5.14501953125,1.70166015625
0.3905,3.74365234375,-5.22509765625,0.94091796875
0.391,3.86376953125,-4.38427734375,0.02001953125
0.3915,4.34423828125,-4.30419921875,-0.58056640625
0.392,4.34423828125,-3.34326171875,-1.62158203125
0.3925,4.50439453125,-2.90283203125,-2.22216796875
0.393,4.66455078125,-1.98193359375,-3.22314453125
0.3935,4.34423828125,-1.14111328125,-3.66357421875
0.394,3.70361328125,-0.06005859375,-4.02392578125
0.3945,3.22314453125,0.78076171875,-4.38427734375
0.395,2.34228515625,1.86181640625,-4.50439453125
0.3955,1.94189453125,2.54248046875,-4.70458984375
0.396,0.98095703125,3.50341796875,-4.78466796875
0.3965,0.02001953125,3.70361328125,-3.98388671875
0.397,-0.70068359375,4.18408203125,-3.82373046875
0.3975,-1.90185546875,4.46435546875,-2.86279296875
0.398,-2.70263671875,4.62451171875,-2.26220703125
0.3985,-3.58349609375,4.74462890625,-1.46142578125
0.399,-4.22412109375,4.54443359375,-0.66064453125
0.3995,-4.38427734375,3.78369140625,0.26025390625
0.4,-4.78466796875,3.54345703125,0.78076171875
0.4005,-4.86474609375,2.42236328125,1.94189453125
0.401,-4.98486328125,2.06201171875,2.42236328125
0.4015,-5.10498046875,1.26123046875,3.42333984375
0.402,-4.50439453125,0.30029296875,3.70361328125
0.4025,-3.94384765625,-0.74072265625,4.14404296875
0.403,-3.26318359375,-1.74169921875,4.42431640625
0.4035,-2.50244140625,-2.70263671875,4.58447265625
0.404,-1.94189453125,-3.30322265625,4.62451171875
0.4045,-1.10107421875,-4.10400390625,4.54443359375
0.405,-0.10009765625,-4.22412109375,3.70361328125
0.4055,0.54052734375,-4.74462890625,3.58349609375
0.406,1.90185546875,-4.94482421875,2.42236328125
0.4065,2.46240234375,-5.10498046875,2.06201171875
0.407,3.34326171875,-5.10498046875,1.22119140625
0.4075,3.78369140625,-4.78466796875,0.46044921875
0.408,3.98388671875,-4.14404296875,-0.46044921875
0.4085,4.30419921875,-3.82373046875,-1.10107421875
0.409,4.46435546875,-2.86279296875,-2.18212890625
0.4095,4.50439453125,-2.42236328125,-2.54248046875
0.41,4.58447265625,-1.54150390625,-3.50341796875
0.4105,3.78369140625,-0.50048828125,-3.70361328125
0.411,3.46337890625,0.34033203125,-4.18408203125
0.4115,2.58251953125,1.42138671875,-4.34423828125
0.412,2.06201171875,2.26220703125,-4.62451171875
0.4125,1.42138671875,2.86279296875,-4.58447265625
0.413,0.54052734375,3.58349609375,-4.42431640625
0.4135,-0.50048828125,3.78369140625,-3.58349609375
0.414,-1.22119140625,4.30419921875,-3.42333984375
0.4145,-2.54248046875,4.46435546875,-2.26220703125
0.415,-3.02294921875,4.62451171875,-1.94189453125
0.4155,-3.86376953125,4.50439453125,-1.02099609375
0.416,-4.18408203125,3.98388671875,-0.26025390625
0.4165,-4.50439453125,3.46337890625,0.54052734375
0.417,-4.74462890625,2.90283203125,1.34130859375
0.4175,-4.90478515625,2.18212890625,2.30224609375
0.418,-4.82470703125,1.62158203125,2.74267578125
0.4185,-4.82470703125,0.82080078125,3.54345703125
0.419,-3.86376953125,-0.34033203125,3.70361328125
0.4195,-3.70361328125,-1.14111328125,4.22412109375
0.42,-2.62255859375,-2.34228515625,4.38427734375
0.4205,-2.26220703125,-2.94287109375,4.58447265625
0.421,-1.42138671875,-3.58349609375,4.34423828125
0.4215,-0.62060546875,-4.10400390625,4.06396484375
0.422,0.30029296875,-4.26416015625,3.34326171875
0.4225,1.14111328125,-4.78466796875,3.02294921875
0.423,2.34228515625,-4.90478515625,1.98193359375
0.4235,2.70263671875,-4.94482421875,1.62158203125
0.424,3.46337890625,-4.90478515625,0.78076171875
0.4245,3.62353515625,-4.22412109375,0.02001953125
0.425,3.98388671875,-3.90380859375,-0.70068359375
0.4255,4.14404296875,-3.06298828125,-1.62158203125
0.426,4.38427734375,-2.58251953125,-2.30224609375
0.4265,4.18408203125,-1.90185546875,-2.82275390625
0.427,4.14404296875,-1.14111328125,-3.46337890625
0.4275,3.18310546875,0.02001953125,-3.62353515625
0.428,3.10302734375,0.70068359375,-4.14404296875
0.4285,2.02197265625,1.94189453125,-4.26416015625
0.429,1.86181640625,2.38232421875,-4.54443359375
0.4295,0.90087890625,3.06298828125,-4.26416015625
0.43,0.10009765625,3.50341796875,-3.86376953125
0.4305,-0.78076171875,3.82373046875,-3.26318359375
0.431,-1.74169921875,4.22412109375,-2.78271484375
0.4315,-2.82275390625,4.46435546875,-1.98193359375
0.432,-3.18310546875,4.30419921875,-1.54150390625
0.4325,-3.90380859375,4.18408203125,-0.74072265625
0.433,-4.06396484375,3.46337890625,0.14013671875
0.4335,-4.50439453125,3.30322265625,0.78076171875
0.434,-4.62451171875,2.34228515625,1.86181640625
0.4345,-4.86474609375,2.02197265625,2.42236328125
0.435,-4.58447265625,1.14111328125,2.98291015625
0.4355,-4.34423828125,0.34033203125,3.54345703125
0.436,-3.46337890625,-0.82080078125,3.74365234375
0.4365,-3.18310546875,-1.58154296875,4.18408203125
0.437,-2.22216796875,-2.70263671875,4.34423828125
0.4375,-1.90185546875,-3.06298828125,4.34423828125
0.438,-1.02099609375,-3.70361328125,4.10400390625
0.4385,-0.14013671875,-3.98388671875,3.54345703125
0.439,0.62060546875,-4.38427734375,3.14306640625
0.4395,1.70166015625,-4.62451171875,2.38232421875
0.44,2.54248046875,-4.98486328125,1.78173828125
0.4405,2.86279296875,-4.66455078125,1.14111328125
0.441,3.46337890625,-4.50439453125,0.46044921875
0.4415,3.54345703125,-3.70361328125,-0.42041015625
0.442,3.98388671875,-3.54345703125,-0.98095703125
0.4425,4.10400390625,-2.58251953125,-2.02197265625
0.443,4.22412109375,-2.30224609375,-2.42236328125
0.4435,3.98388671875,-1.38134765625,-3.02294921875
0.444,3.54345703125,-0.58056640625,-3.38330078125
0.4445,2.86279296875,0.46044921875,-3.70361328125
0.445,2.50244140625,1.22119140625,-4.06396484375
0.4455,1.78173828125,2.18212890625,-4.34423828125
0.446,1.34130859375,2.46240234375,-4.14404296875
0.4465,0.50048828125,3.18310546875,-3.98388671875
0.447,-0.42041015625,3.38330078125,-3.30322265625
0.4475,-1.14111328125,3.90380859375,-3.06298828125
0.448,-2.26220703125,4.06396484375,-2.22216796875
0.4485,-2.90283203125,4.30419921875,-1.78173828125
0.449,-3.34326171875,3.90380859375,-1.02099609375
0.4495,-3.82373046875,3.82373046875,-0.38037109375
0.45,-3.98388671875,3.10302734375,0.50048828125
0.4505,-4.34423828125,2.86279296875,1.10107421875
0.451,-4.58447265625,2.06201171875,2.10205078125
0.4515,-4.50439453125,1.62158203125,2.42236328125
0.452,-4.34423828125,0.74072265625,3.14306640625
0.4525,-3.70361328125,-0.26025390625,3.38330078125
0.453,-3.26318359375,-1.14111328125,3.86376953125
0.4535,-2.58251953125,-2.06201171875,4.06396484375
0.454,-2.10205078125,-2.82275390625,4.34423828125
0.4545,-1.42138671875,-3.10302734375,3.90380859375
0.455,-0.74072265625,-3.74365234375,3.82373046875
0.4555,0.22021484375,-3.86376953125,3.06298828125
0.456,0.94091796875,-4.42431640625,2.86279296875
0.4565,2.06201171875,-4.66455078125,1.94189453125
0.457,2.54248046875,-4.74462890625,1.54150390625
0.4575,3.02294921875,-4.30419921875,0.78076171875
0.458,3.34326171875,-3.98388671875,0.14013671875
0.4585,3.54345703125,-3.46337890625,-0.62060546875
0.459,3.82373046875,-2.94287109375,-1.30126953125
0.4595,4.14404296875,-2.42236328125,-2.18212890625
0.46,3.82373046875,-1.86181640625,-2.42236328125
0.4605,3.74365234375,-1.06103515625,-3.14306640625
0.461,2.90283203125,0.02001953125,-3.30322265625
0.4615,2.74267578125,0.66064453125,-3.82373046875
0.462,1.94189453125,1.66162109375,-3.98388671875
0.4625,1.70166015625,2.22216796875,-4.22412109375
0.463,0.82080078125,2.62255859375,-3.78369140625
0.4635,0.18017578125,3.18310546875,-3.66357421875
0.464,-0.78076171875,3.34326171875,-3.02294921875
0.4645,-1.54150390625,3.86376953125,-2.70263671875
0.465,-2.58251953125,4.10400390625,-1.94189453125
0.4655,-2.94287109375,3.98388671875,-1.46142578125
0.466,-3.54345703125,3.82373046875,-0.66064453125
0.4665,-3.74365234375,3.30322265625,0.06005859375
0.467,-4.14404296875,2.94287109375,0.78076171875
0.4675,-4.30419921875,2.30224609375,1.58154296875
0.468,-4.62451171875,1.94189453125,2.26220703125
0.4685,-4.14404296875,1.06103515625,2.58251953125
0.469,-4.02392578125,0.30029296875,3.26318359375
0.4695,-3.18310546875,-0.82080078125,3.46337890625
0.47,-3.02294921875,-1.46142578125,3.94384765625
0.4705,-2.18212890625,-2.54248046875,4.14404296875
0.471,-1.78173828125,-2.90283203125,4.10400390625
0.4715,-0.98095703125,-3.38330078125,3.70361328125
0.472,-0.26025390625,-3.82373046875,3.34326171875
0.4725,0.62060546875,-4.14404296875,2.82275390625
0.473,1.54150390625,-4.50439453125,2.26220703125
0.4735,2.50244140625,-4.74462890625,1.66162109375
0.474,2.70263671875,-4.26416015625,1.02099609375
0.4745,3.26318359375,-4.18408203125,0.42041015625
0.475,3.38330078125,-3.50341796875,-0.38037109375
0.4755,3.74365234375,-3.26318359375,-1.02099609375
0.476,3.90380859375,-2.54248046875,-1.94189453125
0.4765,4.10400390625,-2.10205078125,-2.42236328125
0.477,3.58349609375,-1.14111328125,-2.86279296875
0.4775,3.38330078125,-0.50048828125,-3.34326171875
0.478,2.58251953125,0.58056640625,-3.58349609375
0.4785,2.38232421875,1.26123046875,-3.98388671875
0.479,1.66162109375,2.26220703125,-4.26416015625
0.4795,1.10107421875,2.54248046875,-3.94384765625
0.48,0.30029296875,3.10302734375,-3.74365234375
0.4805,-0.58056640625,3.38330078125,-3.18310546875
0.481,-1.38134765625,3.78369140625,-2.78271484375
0.4815,-2.34228515625,4.10400390625,-2.06201171875
0.482,-3.18310546875,4.30419921875,-1.50146484375
0.4825,-3.34326171875,3.70361328125,-0.70068359375
0.483,-3.90380859375,3.66357421875,-0.14013671875
0.4835,-4.02392578125,2.86279296875,0.78076171875
0.484,-4.34423828125,2.58251953125,1.38134765625
0.4845,-4.62451171875,1.86181640625,2.34228515625
0.485,-4.46435546875,1.26123046875,2.74267578125
0.4855,-3.94384765625,0.22021484375,3.26318359375
0.486,-3.58349609375,-0.62060546875,3.70361328125
0.4865,-2.86279296875,-1.58154296875,3.86376953125
0.487,-2.46240234375,-2.34228515625,4.18408203125
0.4875,-1.78173828125,-3.18310546875,4.38427734375
0.488,-0.94091796875,-3.46337890625,3.74365234375
0.4885,-0.30029296875,-4.02392578125,3.66357421875
0.489,0.70068359375,-4.22412109375,2.86279296875
0.4895,1.46142578125,-4.54443359375,2.50244140625
0.49,2.46240234375,-4.74462890625,1.70166015625
0.4905,3.06298828125,-4.74462890625,1.10107421875
0.491,3.30322265625,-4.10400390625,0.26025390625
0.4915,3.70361328125,-3.94384765625,-0.30029296875
0.492,3.82373046875,-3.14306640625,-1.18115234375
0.4925,4.06396484375,-2.78271484375,-1.78173828125
0.493,4.34423828125,-2.06201171875,-2.74267578125
0.4935,3.86376953125,-1.26123046875,-3.02294921875
0.494,3.50341796875,-0.34033203125,-3.58349609375
0.4945,2.90283203125,0.54052734375,-3.82373046875
0.495,2.42236328125,1.38134765625,-4.14404296875
0.4955,1.78173828125,2.18212890625,-4.34423828125
0.496,1.14111328125,2.94287109375,-4.42431640625
0.4965,0.18017578125,3.14306640625,-3.70361328125
0.497,-0.46044921875,3.74365234375,-3.66357421875
0.4975,-1.62158203125,3.94384765625,-2.70263671875
0.498,-2.26220703125,4.26416015625,-2.34228515625
0.4985,-3.34326171875,4.46435546875,-1.46142578125
0.499,-3.78369140625,4.14404296875,-0.78076171875
0.4995,-4.10400390625,3.66357421875,0.06005859375
0.5,-4.42431640625,3.30322265625,0.70068359375
0.5005,-4.54443359375,2.54248046875,1.66162109375
0.501,-4.70458984375,2.02197265625,2.26220703125
0.5015,-4.90478515625,1.30126953125,3.18310546875
0.502,-4.14404296875,0.30029296875,3.38330078125
0.5025,-3.90380859375,-0.62060546875,3.98388671875
0.503,-2.98291015625,-1.66162109375,4.10400390625
0.5035,-2.54248046875,-2.50244140625,4.42431640625
0.504,-1.78173828125,-3.30322265625,4.38427734375
0.5045,-1.06103515625,-3.94384765625,4.30419921875
0.505,-0.14013671875,-4.14404296875,3.54345703125
0.5055,0.58056640625,-4.54443359375,3.38330078125
0.506,1.86181640625,-4.74462890625,2.30224609375
0.5065,2.42236328125,-4.94482421875,1.94189453125
0.507,3.34326171875,-5.02490234375,1.14111328125
0.5075,3.58349609375,-4.46435546875,0.34033203125
0.508,3.90380859375,-4.06396484375,-0.42041015625
0.5085,4.14404296875,-3.46337890625,-1.22119140625
0.509,4.34423828125,-2.74267578125,-2.06201171875
0.5095,4.34423828125,-2.18212890625,-2.62255859375
0.51,4.46435546875,-1.46142578125,-3.46337890625
0.5105,3.54345703125,-0.30029296875,-3.66357421875
0.511,3.38330078125,0.42041015625,-4.18408203125
0.5115,2.30224609375,1.62158203125,-4.30419921875
0.512,1.98193359375,2.22216796875,-4.62451171875
0.5125,1.14111328125,3.06298828125,-4.58447265625
0.513,0.30029296875,3.58349609375,-4.22412109375
0.5135,-0.66064453125,3.86376953125,-3.54345703125
0.514,-1.54150390625,4.38427734375,-3.18310546875
0.5145,-2.74267578125,4.54443359375,-2.10205078125
0.515,-3.22314453125,4.58447265625,-1.70166015625
0.5155,-4.14404296875,4.58447265625,-0.82080078125
0.516,-4.34423828125,3.86376953125,0.06005859375
0.5165,-4.66455078125,3.54345703125,0.78076171875
0.517,-4.86474609375,2.70263671875,1.78173828125
0.5175,-5.02490234375,2.06201171875,2.58251953125
0.518,-4.90478515625,1.30126953125,3.14306640625
0.5185,-4.82470703125,0.54052734375,3.86376953125
0.519,-3.78369140625,-0.70068359375,3.94384765625
0.5195,-3.54345703125,-1.46142578125,4.50439453125
0.52,-2.34228515625,-2.86279296875,4.54443359375
0.5205,-1.98193359375,-3.34326171875,4.66455078125
0.521,-1.06103515625,-4.06396484375,4.46435546875
0.5215,-0.22021484375,-4.42431640625,3.98388671875
0.522,0.62060546875,-4.62451171875,3.34326171875
0.5225,1.66162109375,-5.06494140625,2.74267578125
0.523,2.82275390625,-5.14501953125,1.78173828125
0.5235,3.18310546875,-5.02490234375,1.30126953125
0.524,3.90380859375,-4.94482421875,0.46044921875
0.5245,3.98388671875,-4.10400390625,-0.46044921875
0.525,4.34423828125,-3.82373046875,-1.02099609375
0.5255,4.46435546875,-2.74267578125,-2.18212890625
0.526,4.58447265625,-2.34228515625,-2.70263671875
0.5265,4.34423828125,-1.50146484375,-3.30322265625
0.527,4.14404296875,-0.66064453125,-3.86376953125
0.5275,3.18310546875,0.50048828125,-3.98388671875
0.528,2.90283203125,1.14111328125,-4.50439453125
0.5285,1.78173828125,2.42236328125,-4.58447265625
0.529,1.54150390625,2.78271484375,-4.66455078125
0.5295,0.50048828125,3.58349609375,-4.42431640625
0.53,-0.42041015625,3.90380859375,-3.78369140625
0.5305,-1.26123046875,4.22412109375,-3.30322265625
0.531,-2.38232421875,4.54443359375,-2.54248046875
0.5315,-3.34326171875,4.78466796875,-1.78173828125
0.532,-3.70361328125,4.50439453125,-1.14111328125
0.5325,-4.42431640625,4.38427734375,-0.34033203125
0.533,-4.50439453125,3.50341796875,0.62060546875
0.5335,-4.86474609375,3.22314453125,1.26123046875
0.534,-5.02490234375,2.14208984375,2.46240234375
0.5345,-5.10498046875,1.74169921875,2.90283203125
0.535,-4.78466796875,0.78076171875,3.54345703125
0.5355,-4.34423828125,-0.22021484375,4.02392578125
0.536,-3.46337890625,-1.38134765625,4.22412109375
0.5365,-3.02294921875,-2.22216796875,4.62451171875
0.537,-2.02197265625,-3.38330078125,4.70458984375
0.5375,-1.46142578125,-3.62353515625,4.50439453125
0.538,-0.58056640625,-4.34423828125,4.22412109375
0.5385,0.38037109375,-4.50439453125,3.50341796875
0.539,1.18115234375,-4.86474609375,3.10302734375
0.5395,2.42236328125,-5.06494140625,2.06201171875
0.54,3.14306640625,-5.22509765625,1.46142578125
0.5405,3.50341796875,-4.78466796875,0.70068359375
0.541,4.02392578125,-4.54443359375,0.02001953125
0.5415,4.02392578125,-3.66357421875,-0.94091796875
0.542,4.38427734375,-3.38330078125,-1.50146484375
0.5425,4.50439453125,-2.38232421875,-2.70263671875
0.543,4.42431640625,-1.94189453125,-2.94287109375
0.5435,4.14404296875,-0.98095703125,-3.62353515625
0.544,3.50341796875,0.02001953125,-3.90380859375
0.5445,2.86279296875,0.90087890625,-4.18408203125
0.545,2.26220703125,1.78173828125,-4.50439453125
0.5455,1.58154296875,2.82275390625,-4.70458984375
0.546,0.94091796875,3.06298828125,-4.26416015625
0.5465,0.06005859375,3.78369140625,-4.14404296875
0.547,-0.94091796875,3.90380859375,-3.26318359375
0.5475,-1.66162109375,4.38427734375,-3.02294921875
0.548,-2.90283203125,4.54443359375,-1.98193359375
0.5485,-3.54345703125,4.62451171875,-1.50146484375
0.549,-3.94384765625,4.14404296875,-0.62060546875
0.5495,-4.42431640625,3.90380859375,0.14013671875
0.55,-4.54443359375,3.14306640625,1.02099609375
0.5505,-4.82470703125,2.70263671875,1.70166015625
0.551,-5.10498046875,1.86181640625,2.78271484375
0.5515,-4.74462890625,1.30126953125,3.06298828125
0.552,-4.50439453125,0.26025390625,3.78369140625
0.5525,-3.70361328125,-0.90087890625,3.98388671875
0.553,-3.18310546875,-1.78173828125,4.34423828125
0.5535,-2.42236328125,-2.70263671875,4.50439453125
0.554,-1.82177734375,-3.54345703125,4.70458984375
0.5545,-0.98095703125,-3.78369140625,4.10400390625
0.555,-0.22021484375,-4.42431640625,3.94384765625
0.5555,0.82080078125,-4.50439453125,3.06298828125
0.556,1.58154296875,-4.86474609375,2.70263671875
0.5565,2.82275390625,-5.10498046875,1.66162109375
0.557,3.22314453125,-4.94482421875,1.14111328125
0.5575,3.70361328125,-4.50439453125,0.26025390625
0.558,3.98388671875,-4.02392578125,-0.46044921875
0.5585,4.10400390625,-3.38330078125,-1.26123046875
0.559,4.22412109375,-2.78271484375,-1.98193359375
0.5595,4.50439453125,-2.14208984375,-2.86279296875
0.56,3.98388671875,-1.42138671875,-3.06298828125
0.5605,3.86376953125,-0.62060546875,-3.78369140625
0.561,2.90283203125,0.50048828125,-3.86376953125
0.5615,2.66259765625,1.26123046875,-4.26416015625
0.562,1.78173828125,2.30224609375,-4.38427734375
0.5625,1.34130859375,2.82275390625,-4.46435546875
0.563,0.38037109375,3.18310546875,-3.86376953125
0.5635,-0.34033203125,3.74365234375,-3.70361328125
0.564,-1.30126953125,3.86376953125,-2.90283203125
0.5645,-2.06201171875,4.26416015625,-2.54248046875
0.565,-3.18310546875,4.50439453125,-1.66162109375
0.5655,-3.46337890625,4.18408203125,-1.10107421875
0.566,-4.06396484375,3.94384765625,-0.26025390625
0.5665,-4.22412109375,3.34326171875,0.54052734375
0.567,-4.54443359375,2.90283203125,1.22119140625
0.5675,-4.70458984375,2.18212890625,2.10205078125
0.568,-4.98486328125,1.62158203125,2.82275390625
0.5685,-4.30419921875,0.66064453125,3.10302734375
0.569,-4.18408203125,-0.18017578125,3.78369140625
0.5695,-3.18310546875,-1.30126953125,3.90380859375
0.57,-2.94287109375,-1.94189453125,4.34423828125
0.5705,-2.06201171875,-3.06298828125,4.50439453125
0.571,-1.46142578125,-3.46337890625,4.34423828125
0.5715,-0.58056640625,-3.90380859375,3.86376953125
0.572,0.22021484375,-4.30419921875,3.46337890625
0.5725,1.14111328125,-4.50439453125,2.74267578125
0.573,1.98193359375,-4.82470703125,2.22216796875
0.5735,3.02294921875,-5.02490234375,1.42138671875
0.574,3.18310546875,-4.42431640625,0.66064453125
0.5745,3.70361328125,-4.30419921875,0.02001953125
0.575,3.78369140625,-3.50341796875,-0.82080078125
0.5755,4.06396484375,-3.14306640625,-1.42138671875
0.576,4.18408203125,-2.42236328125,-2.38232421875
0.5765,4.22412109375,-1.90185546875,-2.90283203125
0.577,3.58349609375,-0.86083984375,-3.26318359375
0.5775,3.38330078125,-0.10009765625,-3.70361328125
0.578,2.54248046875,0.94091796875,-3.86376953125
0.5785,2.26220703125,1.58154296875,-4.18408203125
0.579,1.54150390625,2.58251953125,-4.42431640625
0.5795,0.82080078125,2.82275390625,-3.98388671875
0.58,0.02001953125,3.38330078125,-3.70361328125
0.5805,-0.82080078125,3.66357421875,-3.14306640625
0.581,-1.66162109375,3.98388671875,-2.62255859375
0.5815,-2.54248046875,4.22412109375,-1.98193359375
0.582,-3.34326171875,4.34423828125,-1.38134765625
0.5825,-3.54345703125,3.70361328125,-0.54052734375
0.583,-4.06396484375,3.66357421875,0.02001953125
0.5835,-4.14404296875,2.86279296875,0.90087890625
0.584,-4.50439453125,2.54248046875,1.46142578125
0.5845,-4.66455078125,1.78173828125,2.42236328125
0.585,-4.50439453125,1.18115234375,2.78271484375
0.5855,-3.98388671875,0.14013671875,3.34326171875
0.586,-3.58349609375,-0.66064453125,3.74365234375
0.5865,-2.90283203125,-1.62158203125,3.98388671875
0.587,-2.50244140625,-2.34228515625,4.22412109375
0.5875,-1.78173828125,-3.18310546875,4.34423828125
0.588,-0.98095703125,-3.38330078125,3.74365234375
0.5885,-0.34033203125,-3.98388671875,3.70361328125
0.589,0.70068359375,-4.18408203125,2.86279296875
0.5895,1.42138671875,-4.54443359375,2.50244140625
0.59,2.38232421875,-4.74462890625,1.74169921875
0.5905,2.90283203125,-4.62451171875,1.18115234375
0.591,3.18310546875,-4.06396484375,0.34033203125
0.5915,3.58349609375,-3.86376953125,-0.22021484375
0.592,3.70361328125,-3.18310546875,-1.14111328125
0.5925,3.98388671875,-2.86279296875,-1.66162109375
0.593,4.18408203125,-2.18212890625,-2.58251953125
0.5935,3.70361328125,-1.34130859375,-2.82275390625
0.594,3.38330078125,-0.50048828125,-3.34326171875
0.5945,2.78271484375,0.38037109375,-3.58349609375
0.595,2.42236328125,1.14111328125,-3.90380859375
0.5955,1.86181640625,1.94189453125,-4.14404296875
0.596,1.30126953125,2.58251953125,-4.14404296875
0.5965,0.38037109375,2.82275390625,-3.54345703125
0.597,-0.22021484375,3.38330078125,-3.50341796875
0.5975,-1.26123046875,3.58349609375,-2.62255859375
0.598,-1.90185546875,3.98388671875,-2.42236328125
0.5985,-2.86279296875,4.14404296875,-1.66162109375
0.599,-3.18310546875,3.86376953125,-1.06103515625
0.5995,-3.62353515625,3.54345703125,-0.30029296875
0.6,-3.90380859375,3.14306640625,0.30029296875
0.6005,-4.14404296875,2.58251953125,1.14111328125
0.601,-4.38427734375,2.14208984375,1.78173828125
0.6015,-4.58447265625,1.58154296875,2.54248046875
0.602,-3.90380859375,0.62060546875,2.86279296875
0.6025,-3.82373046875,-0.14013671875,3.50341796875
0.603,-3.02294921875,-1.22119140625,3.66357421875
0.6035,-2.74267578125,-1.90185546875,4.10400390625
0.604,-2.06201171875,-2.70263671875,4.14404296875
0.6045,-1.42138671875,-3.18310546875,3.98388671875
0.605,-0.62060546875,-3.54345703125,3.50341796875
0.6055,0.14013671875,-4.02392578125,3.30322265625
0.606,1.22119140625,-4.26416015625,2.42236328125
0.6065,1.82177734375,-4.54443359375,2.14208984375
0.607,2.66259765625,-4.62451171875,1.42138671875
0.6075,2.90283203125,-4.14404296875,0.70068359375
0.608,3.34326171875,-3.98388671875,0.02001953125
0.6085,3.50341796875,-3.38330078125,-0.70068359375
0.609,3.82373046875,-2.94287109375,-1.42138671875
0.6095,3.90380859375,-2.34228515625,-2.06201171875
0.61,3.98388671875,-1.78173828125,-2.66259765625
0.6105,3.22314453125,-0.74072265625,-2.94287109375
0.611,3.18310546875,-0.10009765625,-3.50341796875
0.6115,2.30224609375,0.98095703125,-3.66357421875
0.612,2.18212890625,1.54150390625,-4.06396484375
0.6125,1.42138671875,2.30224609375,-4.10400390625
0.613,0.74072265625,2.70263671875,-3.78369140625
0.6135,0.02001953125,3.14306640625,-3.38330078125
0.614,-0.90087890625,3.54345703125,-2.98291015625
0.6145,-1.86181640625,3.86376953125,-2.30224609375
0.615,-2.46240234375,4.06396484375,-1.94189453125
0.6155,-3.18310546875,4.10400390625,-1.26123046875
0.616,-3.46337890625,3.46337890625,-0.50048828125
0.6165,-3.90380859375,3.42333984375,0.10009765625
0.617,-4.10400390625,2.62255859375,1.02099609375
0.6175,-4.46435546875,2.38232421875,1.66162109375
0.618,-4.46435546875,1.66162109375,2.42236328125
0.6185,-4.34423828125,0.98095703125,2.90283203125
0.619,-3.66357421875,-0.14013671875,3.26318359375
0.6195,-3.46337890625,-0.90087890625,3.82373046875
0.62,-2.54248046875,-2.02197265625,3.98388671875
0.6205,-2.30224609375,-2.54248046875,4.18408203125
0.621,-1.46142578125,-3.26318359375,4.14404296875
0.6215,-0.62060546875,-3.58349609375,3.62353515625
0.622,0.06005859375,-3.98388671875,3.34326171875
0.6225,1.14111328125,-4.38427734375,2.62255859375
0.623,1.98193359375,-4.62451171875,2.06201171875
0.6235,2.58251953125,-4.62451171875,1.46142578125
0.624,3.14306640625,-4.58447265625,0.86083984375
0.6245,3.30322265625,-3.86376953125,0.02001953125
0.625,3.74365234375,-3.78369140625,-0.62060546875
0.6255,3.86376953125,-2.74267578125,-1.62158203125
0.626,4.06396484375,-2.54248046875,-2.06201171875
0.6265,4.02392578125,-1.70166015625,-2.82275390625
0.627,3.62353515625,-0.90087890625,-3.18310546875
0.6275,3.06298828125,0.06005859375,-3.54345703125
0.628,2.66259765625,0.90087890625,-3.86376953125
0.6285,1.94189453125,1.90185546875,-4.10400390625
0.629,1.58154296875,2.30224609375,-4.18408203125
0.6295,0.74072265625,3.02294921875,-4.10400390625
0.63,-0.14013671875,3.22314453125,-3.46337890625
0.6305,-0.82080078125,3.78369140625,-3.22314453125
0.631,-2.02197265625,4.02392578125,-2.34228515625
0.6315,-2.70263671875,4.30419921875,-1.94189453125
0.632,-3.30322265625,4.14404296875,-1.22119140625
0.6325,-3.82373046875,3.90380859375,-0.58056640625
0.633,-3.98388671875,3.30322265625,0.30029296875
0.6335,-4.42431640625,3.06298828125,0.98095703125
0.634,-4.62451171875,2.18212890625,2.06201171875
0.6345,-4.66455078125,1.78173828125,2.46240234375
0.635,-4.58447265625,0.94091796875,3.18310546875
0.6355,-3.90380859375,-0.10009765625,3.50341796875
0.636,-3.46337890625,-1.02099609375,3.94384765625
0.6365,-2.74267578125,-2.06201171875,4.22412109375
0.637,-2.10205078125,-2.94287109375,4.46435546875
0.6375,-1.50146484375,-3.34326171875,4.22412109375
0.638,-0.70068359375,-3.98388671875,4.06396484375
0.6385,0.26025390625,-4.14404296875,3.26318359375
0.639,0.98095703125,-4.62451171875,3.02294921875
0.6395,2.30224609375,-4.82470703125,1.94189453125
0.64,2.82275390625,-4.98486328125,1.50146484375
0.6405,3.34326171875,-4.66455078125,0.66064453125
0.641,3.74365234375,-4.26416015625,0.02001953125
0.6415,3.86376953125,-3.54345703125,-0.78076171875
0.642,4.14404296875,-3.10302734375,-1.54150390625
0.6425,4.34423828125,-2.30224609375,-2.54248046875
0.643,4.14404296875,-1.78173828125,-2.82275390625
0.6435,4.02392578125,-0.98095703125,-3.54345703125
0.644,3.18310546875,0.10009765625,-3.70361328125
0.6445,2.86279296875,0.90087890625,-4.10400390625
0.645,1.98193359375,1.94189453125,-4.30419921875
0.6455,1.54150390625,2.66259765625,-4.50439453125
0.646,0.74072265625,3.06298828125,-4.10400390625
0.6465,-0.06005859375,3.70361328125,-3.90380859375
0.647,-1.02099609375,3.86376953125,-3.14306640625
0.6475,-1.78173828125,4.30419921875,-2.86279296875
0.648,-3.06298828125,4.50439453125,-1.82177734375
0.6485,-3.50341796875,4.42431640625,-1.34130859375
0.649,-4.06396484375,4.14404296875,-0.46044921875
0.6495,-4.38427734375,3.66357421875,0.34033203125
0.65,-4.62451171875,3.10302734375,1.10107421875
0.6505,-4.82470703125,2.42236328125,1.94189453125
0.651,-5.10498046875,1.78173828125,2.90283203125
0.6515,-4.62451171875,0.98095703125,3.18310546875
0.652,-4.50439453125,0.06005859375,3.98388671875
0.6525,-3.50341796875,-1.14111328125,4.06396484375
0.653,-3.18310546875,-1.94189453125,4.50439453125
0.6535,-2.10205078125,-3.14306640625,4.62451171875
0.654,-1.58154296875,-3.70361328125,4.66455078125
0.6545,-0.62060546875,-4.10400390625,4.06396484375
0.655,0.14013671875,-4.58447265625,3.82373046875
0.6555,1.14111328125,-4.66455078125,2.94287109375
0.656,1.98193359375,-5.10498046875,2.42236328125
0.6565,3.26318359375,-5.30517578125,1.42138671875
0.657,3.54345703125,-4.86474609375,0.78076171875
0.6575,4.06396484375,-4.54443359375,0.02001953125
0.658,4.14404296875,-3.86376953125,-0.86083984375
0.6585,4.34423828125,-3.34326171875,-1.54150390625
0.659,4.46435546875,-2.46240234375,-2.50244140625
0.6595,4.62451171875,-1.86181640625,-3.22314453125
0.66,3.94384765625,-0.98095703125,-3.50341796875
0.6605,3.78369140625,-0.14013671875,-4.10400390625
0.661,2.74267578125,0.98095703125,-4.10400390625
0.6615,2.50244140625,1.62158203125,-4.46435546875
0.662,1.46142578125,2.82275390625,-4.62451171875
0.6625,0.98095703125,3.18310546875,-4.46435546875
0.663,0.02001953125,3.66357421875,-3.94384765625
0.6635,-0.78076171875,4.02392578125,-3.54345703125
0.664,-1.70166015625,4.18408203125,-2.86279296875
0.6645,-2.58251953125,4.50439453125,-2.26220703125
0.665,-3.70361328125,4.78466796875,-1.42138671875
0.6655,-3.90380859375,4.14404296875,-0.62060546875
0.666,-4.50439453125,4.02392578125,0.10009765625
0.6665,-4.58447265625,3.18310546875,0.98095703125
0.667,-4.86474609375,2.82275390625,1.62158203125
0.6675,-5.02490234375,1.94189453125,2.66259765625
0.668,-5.10498046875,1.30126953125,3.30322265625
0.6685,-4.38427734375,0.26025390625,3.66357421875
0.669,-4.14404296875,-0.62060546875,4.22412109375
0.6695,-3.14306640625,-1.78173828125,4.34423828125
0.67,-2.74267578125,-2.50244140625,4.62451171875
0.6705,-1.78173828125,-3.66357421875,4.82470703125
0.671,-1.02099609375,-3.94384765625,4.34423828125
0.6715,-0.14013671875,-4.50439453125,3.98388671875
0.672,0.74072265625,-4.78466796875,3.34326171875
0.6725,1.74169921875,-4.98486328125,2.62255859375
0.673,2.70263671875,-5.14501953125,1.94189453125
0.6735,3.62353515625,-5.30517578125,1.14111328125
0.674,3.70361328125,-4.46435546875,0.22021484375
0.6745,4.22412109375,-4.34423828125,-0.42041015625
0.675,4.18408203125,-3.38330078125,-1.34130859375
0.6755,4.42431640625,-2.94287109375,-1.98193359375
0.676,4.54443359375,-2.06201171875,-2.98291015625
0.6765,4.34423828125,-1.38134765625,-3.42333984375
0.677,3.70361328125,-0.30029296875,-3.82373046875
0.6775,3.26318359375,0.50048828125,-4.14404296875
0.678,2.42236328125,1.46142578125,-4.26416015625
0.6785,1.98193359375,2.18212890625,-4.50439453125
0.679,1.22119140625,3.18310546875,-4.66455078125
0.6795,0.30029296875,3.34326171875,-3.98388671875
0.68,-0.38037109375,3.86376953125,-3.82373046875
0.6805,-1.42138671875,4.02392578125,-3.02294921875
0.681,-2.18212890625,4.34423828125,-2.50244140625
0.6815,-3.18310546875,4.50439453125,-1.74169921875
0.682,-3.82373046875,4.50439453125,-1.02099609375
0.6825,-4.06396484375,3.82373046875,-0.14013671875
0.683,-4.50439453125,3.70361328125,0.46044921875
0.6835,-4.62451171875,2.78271484375,1.42138671875
0.684,-4.82470703125,2.42236328125,1.98193359375
0.6845,-5.06494140625,1.58154296875,3.06298828125
0.685,-4.58447265625,0.78076171875,3.34326171875
0.6855,-4.14404296875,-0.30029296875,3.90380859375
0.686,-3.54345703125,-1.22119140625,4.18408203125
0.6865,-2.86279296875,-2.18212890625,4.46435546875
0.687,-2.26220703125,-2.94287109375,4.58447265625
0.6875,-1.46142578125,-3.90380859375,4.62451171875
0.688,-0.50048828125,-4.02392578125,3.82373046875
0.6885,0.14013671875,-4.62451171875,3.78369140625
0.689,1.38134765625,-4.74462890625,2.74267578125
0.6895,2.10205078125,-4.98486328125,2.30224609375
0.69,3.06298828125,-5.14501953125,1.42138671875
0.6905,3.54345703125,-4.86474609375,0.74072265625
0.691,3.82373046875,-4.18408203125,-0.14013671875
0.6915,4.14404296875,-3.86376953125,-0.78076171875
0.692,4.22412109375,-3.02294921875,-1.74169921875
0.6925,4.34423828125,-2.58251953125,-2.26220703125
0.693,4.50439453125,-1.78173828125,-3.18310546875
0.6935,3.82373046875,-0.82080078125,-3.42333984375
0.694,3.50341796875,0.02001953125,-3.90380859375
0.6945,2.70263671875,1.02099609375,-4.10400390625
0.695,2.18212890625,1.82177734375,-4.34423828125
0.6955,1.54150390625,2.58251953125,-4.34423828125
0.696,0.78076171875,3.18310546875,-4.34423828125
0.6965,-0.14013671875,3.34326171875,-3.58349609375
0.697,-0.74072265625,3.90380859375,-3.50341796875
0.6975,-1.94189453125,4.10400390625,-2.46240234375
0.698,-2.50244140625,4.34423828125,-2.18212890625
0.6985,-3.46337890625,4.46435546875,-1.34130859375
0.699,-3.74365234375,3.98388671875,-0.62060546875
0.6995,-4.14404296875,3.62353515625,0.14013671875
0.7,-4.38427734375,3.14306640625,0.86083984375
0.7005,-4.58447265625,2.50244140625,1.70166015625
0.701,-4.66455078125,1.94189453125,2.30224609375
0.7015,-4.82470703125,1.30126953125,3.10302734375
0.702,-3.98388671875,0.18017578125,3.34326171875
0.7025,-3.86376953125,-0.62060546875,3.94384765625
0.703,-2.90283203125,-1.74169921875,4.10400390625
0.7035,-2.54248046875,-2.34228515625,4.46435546875
0.704,-1.86181640625,-3.22314453125,4.42431640625
0.7045,-1.06103515625,-3.74365234375,4.14404296875
0.705,-0.18017578125,-4.02392578125,3.58349609375
0.7055,0.62060546875,-4.50439453125,3.26318359375
0.706,1.78173828125,-4.70458984375,2.30224609375
0.7065,2.34228515625,-4.90478515625,1.98193359375
0.707,3.18310546875,-4.94482421875,1.18115234375
0.7075,3.38330078125,-4.30419921875,0.34033203125
0.708,3.82373046875,-4.02392578125,-0.30029296875
0.7085,3.98388671875,-3.26318359375,-1.22119140625
0.709,4.18408203125,-2.78271484375,-1.94189453125
0.7095,4.18408203125,-2.14208984375,-2.54248046875
0.71,4.14404296875,-1.42138671875,-3.18310546875
0.7105,3.26318359375,-0.34033203125,-3.38330078125
0.711,3.18310546875,0.38037109375,-3.90380859375
0.7115,2.18212890625,1.38134765625,-4.10400390625
0.712,1.94189453125,1.94189453125,-4.30419921875
0.7125,1.02099609375,2.62255859375,-4.22412109375
0.713,0.34033203125,3.14306640625,-3.78369140625
0.7135,-0.46044921875,3.50341796875,-3.34326171875
0.714,-1.34130859375,3.86376953125,-2.86279296875
0.7145,-2.30224609375,4.10400390625,-2.10205078125
0.715,-2.82275390625,4.14404296875,-1.74169921875
0.7155,-3.54345703125,4.14404296875,-1.02099609375
0.716,-3.70361328125,3.50341796875,-0.22021484375
0.7165,-4.14404296875,3.38330078125,0.38037109375
0.717,-4.30419921875,2.54248046875,1.34130859375
0.7175,-4.58447265625,2.26220703125,1.94189453125
0.718,-4.50439453125,1.46142578125,2.58251953125
0.7185,-4.34423828125,0.74072265625,3.10302734375
0.719,-3.58349609375,-0.34033203125,3.42333984375
0.7195,-3.38330078125,-1.10107421875,3.94384765625
0.72,-2.50244140625,-2.22216796875,4.10400390625
0.7205,-2.10205078125,-2.58251953125,4.18408203125
0.721,-1.42138671875,-3.34326171875,4.14404296875
0.7215,-0.58056640625,-3.66357421875,3.58349609375
0.722,0.18017578125,-4.14404296875,3.34326171875
0.7225,1.26123046875,-4.42431640625,2.58251953125
0.723,2.02197265625,-4.70458984375,2.06201171875
0.7235,2.58251953125,-4.62451171875,1.46142578125
0.724,3.14306640625,-4.50439453125,0.86083984375
0.7245,3.26318359375,-3.82373046875,0.02001953125
0.725,3.74365234375,-3.70361328125,-0.58056640625
0.7255,3.86376953125,-2.78271484375,-1.62158203125
0.726,4.10400390625,-2.54248046875,-2.02197265625
0.7265,3.98388671875,-1.74169921875,-2.70263671875
0.727,3.54345703125,-0.94091796875,-3.06298828125
0.7275,3.02294921875,-0.06005859375,-3.50341796875
0.728,2.58251953125,0.74072265625,-3.82373046875
0.7285,1.94189453125,1.70166015625,-4.02392578125
0.729,1.58154296875,2.14208984375,-4.10400390625
0.7295,0.82080078125,2.82275390625,-3.98388671875
0.73,0.02001953125,3.06298828125,-3.34326171875
0.7305,-0.70068359375,3.58349609375,-3.18310546875
0.731,-1.86181640625,3.82373046875,-2.26220703125
0.7315,-2.42236328125,4.10400390625,-2.02197265625
0.732,-2.98291015625,3.90380859375,-1.30126953125
0.7325,-3.42333984375,3.78369140625,-0.70068359375
0.733,-3.66357421875,3.18310546875,0.06005859375
0.7335,-4.02392578125,2.94287109375,0.66064453125
0.734,-4.30419921875,2.26220703125,1.62158203125
0.7345,-4.34423828125,1.94189453125,2.02197265625
0.735,-4.34423828125,1.14111328125,2.74267578125
0.7355,-3.70361328125,0.18017578125,3.02294921875
0.736,-3.46337890625,-0.70068359375,3.58349609375
0.7365,-2.74267578125,-1.66162109375,3.82373046875
0.737,-2.42236328125,-2.38232421875,4.14404296875
0.7375,-1.78173828125,-2.82275390625,3.98388671875
0.738,-1.10107421875,-3.42333984375,3.86376953125
0.7385,-0.18017578125,-3.66357421875,3.22314453125
0.739,0.58056640625,-4.18408203125,3.06298828125
0.7395,1.74169921875,-4.42431640625,2.14208984375
0.74,2.18212890625,-4.62451171875,1.86181640625
0.7405,2.82275390625,-4.42431640625,1.10107421875
0.741,3.10302734375,-4.02392578125,0.42041015625
0.7415,3.42333984375,-3.62353515625,-0.34033203125
0.742,3.70361328125,-3.10302734375,-1.10107421875
0.7425,3.94384765625,-2.58251953125,-1.90185546875
0.743,3.82373046875,-2.06201171875,-2.26220703125
0.7435,3.82373046875,-1.38134765625,-2.94287109375
0.744,3.02294921875,-0.38037109375,-3.14306640625
0.7445,2.86279296875,0.34033203125,-3.70361328125
0.745,1.98193359375,1.42138671875,-3.82373046875
0.7455,1.86181640625,1.94189453125,-4.14404296875
0.746,1.02099609375,2.46240234375,-3.82373046875
0.7465,0.34033203125,2.94287109375,-3.62353515625
0.747,-0.50048828125,3.18310546875,-3.06298828125
0.7475,-1.30126953125,3.70361328125,-2.70263671875
0.748,-2.30224609375,3.94384765625,-1.98193359375
0.7485,-2.70263671875,3.94384765625,-1.58154296875
0.749,-3.30322265625,3.82373046875,-0.90087890625
0.7495,-3.54345703125,3.30322265625,-0.18017578125
0.75,-3.94384765625,3.06298828125,0.50048828125
0.7505,-4.14404296875,2.38232421875,1.38134765625
0.751,-4.50439453125,2.06201171875,1.98193359375
0.7515,-4.18408203125,1.26123046875,2.42236328125
0.752,-4.14404296875,0.50048828125,3.06298828125
0.7525,-3.26318359375,-0.62060546875,3.30322265625
0.753,-3.18310546875,-1.26123046875,3.86376953125
0.7535,-2.30224609375,-2.38232421875,4.10400390625
0.754,-1.98193359375,-2.74267578125,4.14404296875
0.7545,-1.14111328125,-3.34326171875,3.86376953125
0.755,-0.38037109375,-3.74365234375,3.50341796875
0.7555,0.46044921875,-4.10400390625,3.02294921875
0.756,1.42138671875,-4.46435546875,2.42236328125
0.7565,2.42236328125,-4.74462890625,1.78173828125
0.757,2.70263671875,-4.42431640625,1.14111328125
0.7575,3.26318359375,-4.34423828125,0.50048828125
0.758,3.38330078125,-3.54345703125,-0.34033203125
0.7585,3.82373046875,-3.34326171875,-0.94091796875
0.759,3.98388671875,-2.54248046875,-1.94189453125
0.7595,4.10400390625,-2.22216796875,-2.46240234375
0.76,3.66357421875,-1.30126953125,-2.90283203125
0.7605,3.46337890625,-0.58056640625,-3.38330078125
0.761,2.62255859375,0.50048828125,-3.58349609375
0.7615,2.38232421875,1.22119140625,-3.98388671875
0.762,1.62158203125,2.26220703125,-4.18408203125
0.7625,1.14111328125,2.54248046875,-3.98388671875
0.763,0.34033203125,3.14306640625,-3.78369140625
0.7635,-0.50048828125,3.38330078125,-3.18310546875
0.764,-1.26123046875,3.78369140625,-2.86279296875
0.7645,-2.26220703125,4.02392578125,-2.10205078125
0.765,-3.06298828125,4.30419921875,-1.58154296875
0.7655,-3.34326171875,3.78369140625,-0.78076171875
0.766,-3.90380859375,3.70361328125,-0.18017578125
0.7665,-3.98388671875,2.98291015625,0.66064453125
0.767,-4.38427734375,2.70263671875,1.26123046875
0.7675,-4.62451171875,1.86181640625,2.26220703125
0.768,-4.54443359375,1.38134765625,2.66259765625
0.7685,-4.18408203125,0.38037109375,3.22314453125
0.769,-3.70361328125,-0.50048828125,3.66357421875
0.7695,-3.06298828125,-1.42138671875,3.90380859375
0.77,-2.54248046875,-2.26220703125,4.22412109375
0.7705,-1.90185546875,-3.22314453125,4.50439453125
0.771,-1.14111328125,-3.46337890625,3.94384765625
0.7715,-0.42041015625,-4.10400390625,3.86376953125
0.772,0.58056640625,-4.26416015625,3.06298828125
0.7725,1.34130859375,-4.66455078125,2.70263671875
0.773,2.54248046875,-4.90478515625,1.78173828125
0.7735,3.18310546875,-4.90478515625,1.18115234375
0.774,3.46337890625,-4.30419921875,0.30029296875
0.7745,3.86376953125,-4.10400390625,-0.30029296875
0.775,3.90380859375,-3.26318359375,-1.18115234375
0.7755,4.14404296875,-2.86279296875,-1.86181640625
0.776,4.42431640625,-2.10205078125,-2.86279296875
0.7765,3.98388671875,-1.38134765625,-3.14306640625
0.777,3.66357421875,-0.42041015625,-3.66357421875
0.7775,2.94287109375,0.54052734375,-3.86376953125
0.778,2.42236328125,1.34130859375,-4.14404296875
0.7785,1.78173828125,2.22216796875,-4.30419921875
0.779,1.14111328125,3.02294921875,-4.50439453125
0.7795,0.26025390625,3.22314453125,-3.74365234375
0.78,-0.42041015625,3.78369140625,-3.70361328125
0.7805,-1.42138671875,3.90380859375,-2.78271484375
0.781,-2.18212890625,4.22412109375,-2.42236328125
0.7815,-3.26318359375,4.46435546875,-1.54150390625
0.782,-3.70361328125,4.22412109375,-0.90087890625
0.7825,-4.10400390625,3.74365234375,-0.06005859375
0.783,-4.38427734375,3.42333984375,0.62060546875
0.7835,-4.54443359375,2.66259765625,1.42138671875
0.784,-4.74462890625,2.14208984375,2.10205078125
0.7845,-5.02490234375,1.42138671875,3.10302734375
0.785,-4.34423828125,0.50048828125,3.34326171875
0.7855,-4.14404296875,-0.38037109375,3.98388671875
0.786,-3.22314453125,-1.50146484375,4.14404296875
0.7865,-2.82275390625,-2.26220703125,4.50439453125
0.787,-1.98193359375,-3.22314453125,4.62451171875
0.7875,-1.22119140625,-3.94384765625,4.54443359375
0.788,-0.26025390625,-4.18408203125,3.82373046875
0.7885,0.42041015625,-4.70458984375,3.70361328125
0.789,1.66162109375,-4.82470703125,2.58251953125
0.7895,2.34228515625,-5.10498046875,2.14208984375
0.79,3.50341796875,-5.26513671875,1.22119140625
0.7905,3.74365234375,-4.70458984375,0.38037109375
0.791,4.10400390625,-4.26416015625,-0.38037109375
0.7915,4.34423828125,-3.70361328125,-1.18115234375
0.792,4.42431640625,-2.90283203125,-2.10205078125
0.7925,4.50439453125,-2.30224609375,-2.74267578125
0.793,4.62451171875,-1.46142578125,-3.58349609375
0.7935,3.66357421875,-0.38037109375,-3.74365234375
0.794,3.50341796875,0.38037109375,-4.26416015625
0.7945,2.42236328125,1.54150390625,-4.30419921875
0.795,2.02197265625,2.22216796875,-4.54443359375
0.7955,1.22119140625,3.10302734375,-4.62451171875
0.796,0.38037109375,3.62353515625,-4.26416015625
0.7965,-0.50048828125,3.86376953125,-3.62353515625
0.797,-1.26123046875,4.26416015625,-3.26318359375
0.7975,-2.50244140625,4.42431640625,-2.26220703125
0.798,-3.02294921875,4.50439453125,-1.86181640625
0.7985,-3.98388671875,4.62451171875,-0.98095703125
0.799,-4.14404296875,3.86376953125,-0.14013671875
0.7995,-4.54443359375,3.62353515625,0.50048828125
0.8,-4.74462890625,2.82275390625,1.42138671875
0.8005,-4.90478515625,2.26220703125,2.14208984375
0.801,-4.94482421875,1.58154296875,2.86279296875
0.8015,-4.94482421875,0.90087890625,3.58349609375
0.802,-3.98388671875,-0.34033203125,3.82373046875
0.8025,-3.86376953125,-1.06103515625,4.34423828125
0.803,-2.70263671875,-2.38232421875,4.50439453125
0.8035,-2.38232421875,-2.90283203125,4.70458984375
0.804,-1.42138671875,-3.82373046875,4.62451171875
0.8045,-0.58056640625,-4.22412109375,4.14404296875
0.805,0.30029296875,-4.54443359375,3.66357421875
0.8055,1.30126953125,-4.98486328125,3.06298828125
0.806,2.42236328125,-5.14501953125,2.10205078125
0.8065,2.94287109375,-5.14501953125,1.62158203125
0.807,3.82373046875,-5.14501953125,0.78076171875
0.8075,3.90380859375,-4.34423828125,-0.18017578125
0.808,4.34423828125,-4.10400390625,-0.78076171875
0.8085,4.46435546875,-3.10302734375,-1.94189453125
0.809,4.58447265625,-2.58251953125,-2.54248046875
0.8095,4.50439453125,-1.74169921875,-3.22314453125
0.81,4.26416015625,-0.94091796875,-3.78369140625
0.8105,3.34326171875,0.22021484375,-3.94384765625
0.811,3.06298828125,0.98095703125,-4.38427734375
0.8115,1.94189453125,2.22216796875,-4.50439453125
0.812,1.62158203125,2.62255859375,-4.58447265625
0.8125,0.74072265625,3.46337890625,-4.50439453125
0.813,-0.22021484375,3.70361328125,-3.82373046875
0.8135,-0.98095703125,4.10400390625,-3.38330078125
0.814,-2.06201171875,4.38427734375,-2.62255859375
0.8145,-2.94287109375,4.50439453125,-1.94189453125
0.815,-3.46337890625,4.46435546875,-1.30126953125
0.8155,-4.14404296875,4.30419921875,-0.62060546875
0.816,-4.22412109375,3.50341796875,0.30029296875
0.8165,-4.62451171875,3.30322265625,0.86083984375
0.817,-4.78466796875,2.30224609375,2.06201171875
0.8175,-4.86474609375,1.98193359375,2.50244140625
0.818,-4.82470703125,1.10107421875,3.22314453125
0.8185,-4.34423828125,0.22021484375,3.66357421875
0.819,-3.66357421875,-0.86083984375,3.98388671875
0.8195,-3.18310546875,-1.74169921875,4.34423828125
0.82,-2.30224609375,-2.86279296875,4.54443359375
0.8205,-1.90185546875,-3.22314453125,4.50439453125
0.821,-0.98095703125,-3.98388671875,4.42431640625
0.8215,0.02001953125,-4.22412109375,3.66357421875
0.822,0.70068359375,-4.70458984375,3.38330078125
0.8225,1.98193359375,-4.98486328125,2.38232421875
0.823,2.70263671875,-5.14501953125,1.90185546875
0.8235,3.26318359375,-4.98486328125,1.10107421875
0.824,3.82373046875,-4.78466796875,0.34033203125
0.8245,3.90380859375,-3.94384765625,-0.62060546875
0.825,4.34423828125,-3.66357421875,-1.22119140625
0.8255,4.46435546875,-2.58251953125,-2.34228515625
0.826,4.46435546875,-2.26220703125,-2.70263671875
0.8265,4.30419921875,-1.30126953125,-3.46337890625
0.827,3.66357421875,-0.34033203125,-3.78369140625
0.8275,3.06298828125,0.62060546875,-4.10400390625
0.828,2.42236328125,1.58154296875,-4.34423828125
0.8285,1.74169921875,2.54248046875,-4.54443359375
0.829,1.18115234375,2.86279296875,-4.34423828125
0.8295,0.30029296875,3.54345703125,-4.14404296875
0.83,-0.66064453125,3.70361328125,-3.34326171875
0.8305,-1.38134765625,4.18408203125,-3.14306640625
0.831,-2.62255859375,4.34423828125,-2.02197265625
0.8315,-3.18310546875,4.46435546875,-1.70166015625
0.832,-3.70361328125,4.14404296875,-0.86083984375
0.8325,-4.10400390625,3.82373046875,-0.14013671875
0.833,-4.30419921875,3.18310546875,0.66064453125
0.8335,-4.54443359375,2.78271484375,1.34130859375
0.834,-4.78466796875,1.98193359375,2.38232421875
0.8345,-4.62451171875,1.54150390625,2.70263671875
0.835,-4.54443359375,0.66064453125,3.42333984375
0.8355,-3.74365234375,-0.42041015625,3.62353515625
0.836,-3.38330078125,-1.26123046875,4.14404296875
0.8365,-2.54248046875,-2.34228515625,4.30419921875
0.837,-2.14208984375,-3.02294921875,4.50439453125
0.8375,-1.34130859375,-3.46337890625,4.14404296875
0.838,-0.62060546875,-4.02392578125,3.98388671875
0.8385,0.38037109375,-4.18408203125,3.18310546875
0.839,1.14111328125,-4.70458984375,2.94287109375
0.8395,2.38232421875,-4.94482421875,1.94189453125
0.84,2.78271484375,-4.98486328125,1.58154296875
0.8405,3.38330078125,-4.66455078125,0.66064453125
0.841,3.66357421875,-4.14404296875,-0.06005859375
0.8415,3.90380859375,-3.62353515625,-0.82080078125
0.842,4.14404296875,-3.02294921875,-1.62158203125
0.8425,4.42431640625,-2.42236328125,-2.50244140625
0.843,4.10400390625,-1.78173828125,-2.82275390625
0.8435,3.98388671875,-0.98095703125,-3.54345703125
0.844,3.06298828125,0.22021484375,-3.66357421875
0.8445,2.86279296875,0.90087890625,-4.14404296875
0.845,1.94189453125,2.02197265625,-4.26416015625
0.8455,1.62158203125,2.54248046875,-4.50439453125
0.846,0.66064453125,3.02294921875,-3.98388671875
0.8465,-0.10009765625,3.54345703125,-3.74365234375
0.847,-0.98095703125,3.70361328125,-3.02294921875
0.8475,-1.82177734375,4.10400390625,-2.62255859375
0.848,-2.90283203125,4.34423828125,-1.78173828125
0.8485,-3.18310546875,4.10400390625,-1.30126953125
0.849,-3.82373046875,3.94384765625,-0.50048828125
0.8495,-3.98388671875,3.34326171875,0.30029296875
0.85,-4.34423828125,3.02294921875,0.94091796875
0.8505,-4.50439453125,2.22216796875,1.86181640625
0.851,-4.74462890625,1.78173828125,2.50244140625
0.8515,-4.30419921875,0.98095703125,2.86279296875
0.852,-4.14404296875,0.18017578125,3.50341796875
0.8525,-3.22314453125,-0.98095703125,3.66357421875
0.853,-3.06298828125,-1.62158203125,4.14404296875
0.8535,-2.14208984375,-2.74267578125,4.30419921875
0.854,-1.78173828125,-3.10302734375,4.22412109375
0.8545,-0.90087890625,-3.66357421875,3.86376953125
0.855,-0.10009765625,-3.98388671875,3.46337890625
0.8555,0.78076171875,-4.38427734375,2.94287109375
0.856,1.70166015625,-4.66455078125,2.30224609375
0.8565,2.62255859375,-4.98486328125,1.66162109375
0.857,2.86279296875,-4.46435546875,1.02099609375
0.8575,3.46337890625,-4.38427734375,0.34033203125
0.858,3.54345703125,-3.58349609375,-0.50048828125
0.8585,3.90380859375,-3.34326171875,-1.10107421875
0.859,4.10400390625,-2.54248046875,-2.06201171875
0.8595,4.14404296875,-2.18212890625,-2.54248046875
0.86,3.70361328125,-1.18115234375,-3.02294921875
0.8605,3.46337890625,-0.46044921875,-3.46337890625
0.861,2.66259765625,0.62060546875,-3.70361328125
0.8615,2.42236328125,1.30126953125,-4.06396484375
0.862,1.66162109375,2.26220703125,-4.30419921875
0.8625,1.14111328125,2.54248046875,-3.98388671875
0.863,0.34033203125,3.18310546875,-3.78369140625
0.8635,-0.54052734375,3.34326171875,-3.18310546875
0.864,-1.30126953125,3.78369140625,-2.86279296875
0.8645,-2.26220703125,3.98388671875,-2.14208984375
0.865,-3.02294921875,4.22412109375,-1.62158203125
0.8655,-3.26318359375,3.74365234375,-0.86083984375
0.866,-3.78369140625,3.70361328125,-0.30029296875
0.8665,-3.90380859375,2.94287109375,0.62060546875
0.867,-4.26416015625,2.70263671875,1.18115234375
0.8675,-4.54443359375,1.94189453125,2.14208984375
0.868,-4.42431640625,1.50146484375,2.46240234375
0.8685,-4.06396484375,0.50048828125,3.06298828125
0.869,-3.58349609375,-0.34033203125,3.42333984375
0.8695,-3.06298828125,-1.26123046875,3.78369140625
0.87,-2.54248046875,-2.06201171875,4.02392578125
0.8705,-2.02197265625,-2.86279296875,4.30419921875
0.871,-1.30126953125,-3.10302734375,3.78369140625
0.8715,-0.62060546875,-3.78369140625,3.74365234375
0.872,0.30029296875,-3.90380859375,2.94287109375
0.8725,1.06103515625,-4.42431640625,2.70263671875
0.873,2.10205078125,-4.62451171875,1.94189453125
0.8735,2.62255859375,-4.62451171875,1.42138671875
0.874,3.02294921875,-4.14404296875,0.62060546875
0.8745,3.34326171875,-3.94384765625,0.02001953125
0.875,3.54345703125,-3.26318359375,-0.78076171875
0.8755,3.82373046875,-2.90283203125,-1.42138671875
0.876,4.14404296875,-2.30224609375,-2.30224609375
0.8765,3.74365234375,-1.62158203125,-2.54248046875
0.877,3.54345703125,-0.82080078125,-3.18310546875
0.8775,2.86279296875,0.14013671875,-3.38330078125
0.878,2.58251953125,0.90087890625,-3.82373046875
0.8785,1.94189453125,1.78173828125,-3.98388671875
0.879,1.46142578125,2.38232421875,-4.18408203125
0.8795,0.62060546875,2.62255859375,-3.62353515625
0.88,0.02001953125,3.18310546875,-3.54345703125
0.8805,-0.98095703125,3.38330078125,-2.82275390625
0.881,-1.62158203125,3.86376953125,-2.54248046875
0.8815,-2.70263671875,4.10400390625,-1.74169921875
0.882,-3.02294921875,3.86376953125,-1.22119140625
0.8825,-3.54345703125,3.58349609375,-0.50048828125
0.883,-3.78369140625,3.18310546875,0.18017578125
0.8835,-4.06396484375,2.74267578125,0.94091796875
0.884,-4.26416015625,2.22216796875,1.62158203125
0.8845,-4.54443359375,1.74169921875,2.42236328125
0.885,-3.94384765625,0.82080078125,2.66259765625
0.8855,-3.90380859375,0.06005859375,3.34326171875
0.886,-3.06298828125,-0.98095703125,3.50341796875
0.8865,-2.90283203125,-1.66162109375,3.98388671875
0.887,-2.14208984375,-2.58251953125,4.14404296875
0.8875,-1.58154296875,-3.10302734375,4.02392578125
0.888,-0.78076171875,-3.50341796875,3.58349609375
0.8885,-0.10009765625,-3.94384765625,3.34326171875
0.889,0.94091796875,-4.18408203125,2.62255859375
0.8895,1.66162109375,-4.50439453125,2.26220703125
0.89,2.62255859375,-4.78466796875,1.54150390625
0.8905,2.86279296875,-4.22412109375,0.82080078125
0.891,3.38330078125,-4.14404296875,0.18017578125
0.8915,3.54345703125,-3.46337890625,-0.62060546875
0.892,3.86376953125,-3.06298828125,-1.30126953125
0.8925,4.02392578125,-2.42236328125,-2.06201171875
0.893,4.14404296875,-1.90185546875,-2.70263671875
0.8935,3.42333984375,-0.82080078125,-3.06298828125
0.894,3.30322265625,-0.14013671875,-3.58349609375
0.8945,2.42236328125,0.90087890625,-3.70361328125
0.895,2.22216796875,1.54150390625,-4.10400390625
0.8955,1.46142578125,2.42236328125,-4.30419921875
0.896,0.74072265625,2.74267578125,-3.90380859375
0.8965,0.02001953125,3.18310546875,-3.54345703125
0.897,-0.90087890625,3.58349609375,-3.06298828125
0.8975,-1.78173828125,3.86376953125,-2.42236328125
0.898,-2.54248046875,4.10400390625,-1.94189453125
0.8985,-3.34326171875,4.22412109375,-1.26123046875
0.899,-3.54345703125,3.54345703125,-0.46044921875
0.8995,-3.98388671875,3.54345703125,0.10009765625
0.9,-4.14404296875,2.70263671875,1.02099609375
0.9005,-4.42431640625,2.42236328125,1.58154296875
0.901,-4.54443359375,1.66162109375,2.46240234375
0.9015,-4.42431640625,1.02099609375,2.94287109375
0.902,-3.78369140625,0.02001953125,3.34326171875
0.9025,-3.54345703125,-0.82080078125,3.82373046875
0.903,-2.70263671875,-1.86181640625,3.98388671875
0.9035,-2.38232421875,-2.54248046875,4.22412109375
0.904,-1.58154296875,-3.42333984375,4.34423828125
0.9045,-0.74072265625,-3.70361328125,3.70361328125
0.905,-0.06005859375,-4.14404296875,3.58349609375
0.9055,1.02099609375,-4.46435546875,2.78271484375
0.906,1.90185546875,-4.70458984375,2.26220703125
0.9065,2.62255859375,-4.82470703125,1.58154296875
0.907,3.26318359375,-4.78466796875,0.94091796875
0.9075,3.46337890625,-4.02392578125,0.06005859375
0.908,3.86376953125,-3.90380859375,-0.50048828125
0.9085,4.02392578125,-2.94287109375,-1.62158203125
0.909,4.22412109375,-2.62255859375,-2.10205078125
0.9095,4.30419921875,-1.82177734375,-2.94287109375
0.91,3.86376953125,-0.98095703125,-3.34326171875
0.9105,3.26318359375,0.02001953125,-3.70361328125
0.911,2.78271484375,0.90087890625,-4.02392578125
0.9115,1.98193359375,1.86181640625,-4.26416015625
0.912,1.58154296875,2.42236328125,-4.38427734375
0.9125,0.78076171875,3.18310546875,-4.34423828125
0.913,-0.18017578125,3.38330078125,-3.54345703125
0.9135,-0.82080078125,3.86376953125,-3.38330078125
0.914,-2.06201171875,4.14404296875,-2.42236328125
0.9145,-2.70263671875,4.34423828125,-1.94189453125
0.915,-3.46337890625,4.30419921875,-1.22119140625
0.9155,-3.90380859375,4.06396484375,-0.54052734375
0.916,-4.10400390625,3.38330078125,0.30029296875
0.9165,-4.46435546875,3.14306640625,0.94091796875
0.917,-4.62451171875,2.18212890625,1.98193359375
0.9175,-4.70458984375,1.82177734375,2.42236328125
0.918,-4.74462890625,1.02099609375,3.22314453125
0.9185,-4.02392578125,0.02001953125,3.50341796875
0.919,-3.66357421875,-0.86083984375,3.98388671875
0.9195,-2.86279296875,-1.94189453125,4.22412109375
0.92,-2.26220703125,-2.82275390625,4.50439453125
0.9205,-1.66162109375,-3.38330078125,4.34423828125
0.921,-0.90087890625,-3.98388671875,4.26416015625
0.9215,0.10009765625,-4.18408203125,3.50341796875
0.922,0.78076171875,-4.74462890625,3.26318359375
0.9225,2.18212890625,-4.94482421875,2.14208984375
0.923,2.74267578125,-5.06494140625,1.78173828125
0.9235,3.50341796875,-4.94482421875,0.94091796875
0.924,3.86376953125,-4.50439453125,0.14013671875
0.9245,4.02392578125,-3.86376953125,-0.66064453125
0.925,4.34423828125,-3.38330078125,-1.46142578125
0.9255,4.50439453125,-2.50244140625,-2.54248046875
0.926,4.42431640625,-1.98193359375,-2.90283203125
0.9265,4.34423828125,-1.10107421875,-3.70361328125
0.927,3.46337890625,0.02001953125,-3.86376953125
0.9275,3.06298828125,0.78076171875,-4.34423828125
0.928,2.10205078125,1.98193359375,-4.50439453125
0.9285,1.58154296875,2.70263671875,-4.66455078125
0.929,0.82080078125,3.22314453125,-4.34423828125
0.9295,0.02001953125,3.86376953125,-4.10400390625
0.93,-0.98095703125,3.90380859375,-3.22314453125
0.9305,-1.78173828125,4.42431640625,-2.94287109375
0.931,-3.10302734375,4.54443359375,-1.78173828125
0.9315,-3.54345703125,4.50439453125,-1.38134765625
0.932,-4.14404296875,4.30419921875,-0.54052734375
0.9325,-4.38427734375,3.70361328125,0.30029296875
0.933,-4.58447265625,3.18310546875,1.02099609375
0.9335,-4.82470703125,2.46240234375,1.94189453125
0.934,-5.02490234375,1.78173828125,2.78271484375
0.9345,-4.66455078125,1.10107421875,3.10302734375
0.935,-4.62451171875,0.30029296875,3.86376953125
0.9355,-3.58349609375,-0.98095703125,3.98388671875
0.936,-3.34326171875,-1.66162109375,4.38427734375
0.9365,-2.26220703125,-2.94287109375,4.50439453125
0.937,-1.86181640625,-3.42333984375,4.62451171875
0.9375,-0.98095703125,-3.94384765625,4.22412109375
0.938,-0.14013671875,-4.42431640625,3.90380859375
0.9385,0.78076171875,-4.62451171875,3.14306640625
0.939,1.70166015625,-4.98486328125,2.70263671875
0.9395,2.90283203125,-5.18505859375,1.70166015625
0.94,3.26318359375,-4.98486328125,1.18115234375
0.9405,3.90380859375,-4.78466796875,0.34033203125
0.941,4.06396484375,-4.02392578125,-0.58056640625
0.9415,4.34423828125,-3.62353515625,-1.22119140625
0.942,4.50439453125,-2.70263671875,-2.26220703125
0.9425,4.66455078125,-2.18212890625,-2.98291015625
0.943,4.18408203125,-1.30126953125,-3.34326171875
0.9435,4.02392578125,-0.50048828125,-3.98388671875
0.944,2.98291015625,0.66064453125,-4.10400390625
0.9445,2.74267578125,1.34130859375,-4.54443359375
0.945,1.62158203125,2.66259765625,-4.62451171875
0.9455,1.26123046875,3.06298828125,-4.62451171875
0.946,0.26025390625,3.58349609375,-4.14404296875
0.9465,-0.62060546875,3.98388671875,-3.66357421875
0.947,-1.50146484375,4.18408203125,-3.02294921875
0.9475,-2.50244140625,4.50439453125,-2.38232421875
0.948,-3.54345703125,4.74462890625,-1.54150390625
0.9485,-3.78369140625,4.26416015625,-0.82080078125
0.949,-4.42431640625,4.10400390625,-0.06005859375
0.9495,-4.46435546875,3.26318359375,0.82080078125
0.95,-4.74462890625,2.94287109375,1.42138671875
0.9505,-4.86474609375,1.94189453125,2.50244140625
0.951,-4.98486328125,1.46142578125,3.06298828125
0.9515,-4.42431640625,0.50048828125,3.42333984375
0.952,-4.14404296875,-0.38037109375,3.94384765625
0.9525,-3.18310546875,-1.54150390625,4.10400390625
0.953,-2.86279296875,-2.18212890625,4.50439453125
0.9535,-1.94189453125,-3.34326171875,4.62451171875
0.954,-1.34130859375,-3.62353515625,4.34423828125
0.9545,-0.46044921875,-4.18408203125,4.02392578125
0.955,0.42041015625,-4.42431640625,3.38330078125
0.9555,1.26123046875,-4.78466796875,2.90283203125
0.956,2.30224609375,-4.98486328125,2.06201171875
0.9565,3.18310546875,-5.18505859375,1.42138671875
0.957,3.42333984375,-4.58447265625,0.62060546875
0.9575,3.98388671875,-4.50439453125,-0.06005859375
0.958,4.02392578125,-3.54345703125,-0.98095703125
0.9585,4.34423828125,-3.26318359375,-1.58154296875
0.959,4.50439453125,-2.30224609375,-2.70263671875
0.9595,4.42431640625,-1.86181640625,-3.10302734375
0.96,3.90380859375,-0.82080078125,-3.62353515625
0.9605,3.46337890625,0.06005859375,-4.02392578125
0.961,2.70263671875,1.14111328125,-4.14404296875
0.9615,2.26220703125,1.90185546875,-4.46435546875
0.962,1.46142578125,2.94287109375,-4.70458984375
0.9625,0.70068359375,3.14306640625,-4.14404296875
0.963,-0.14013671875,3.78369140625,-3.94384765625
0.9635,-1.10107421875,3.94384765625,-3.18310546875
0.964,-1.86181640625,4.30419921875,-2.74267578125
0.9645,-2.98291015625,4.50439453125,-1.86181640625
0.965,-3.70361328125,4.54443359375,-1.26123046875
0.9655,-3.94384765625,3.90380859375,-0.34033203125
0.966,-4.42431640625,3.74365234375,0.30029296875
0.9665,-4.46435546875,2.90283203125,1.14111328125
0.967,-4.70458984375,2.50244140625,1.78173828125
0.9675,-4.98486328125,1.62158203125,2.82275390625
0.968,-4.58447265625,0.98095703125,3.10302734375
0.9685,-4.18408203125,-0.06005859375,3.66357421875
0.969,-3.54345703125,-0.98095703125,3.98388671875
0.9695,-2.98291015625,-1.78173828125,4.18408203125
0.97,-2.30224609375,-2.70263671875,4.42431640625
0.9705,-1.66162109375,-3.54345703125,4.54443359375
0.971,-0.78076171875,-3.70361328125,3.86376953125
0.9715,-0.14013671875,-4.30419921875,3.82373046875
0.972,0.90087890625,-4.42431640625,2.90283203125
0.9725,1.58154296875,-4.78466796875,2.58251953125
0.973,2.74267578125,-4.98486328125,1.66162109375
0.9735,3.18310546875,-4.82470703125,1.06103515625
0.974,3.58349609375,-4.30419921875,0.18017578125
0.9745,3.86376953125,-3.94384765625,-0.46044921875
0.975,3.98388671875,-3.22314453125,-1.26123046875
0.9755,4.14404296875,-2.82275390625,-1.94189453125
0.976,4.50439453125,-2.10205078125,-2.90283203125
0.9765,3.86376953125,-1.30126953125,-3.10302734375
0.977,3.66357421875,-0.38037109375,-3.70361328125
0.9775,2.86279296875,0.62060546875,-3.82373046875
0.978,2.54248046875,1.34130859375,-4.18408203125
0.9785,1.78173828125,2.26220703125,-4.34423828125
0.979,1.22119140625,2.90283203125,-4.38427734375
0.9795,0.22021484375,3.18310546875,-3.70361328125
0.98,-0.42041015625,3.74365234375,-3.62353515625
0.9805,-1.46142578125,3.90380859375,-2.74267578125
0.981,-2.14208984375,4.22412109375,-2.42236328125
0.9815,-3.22314453125,4.50439453125,-1.58154296875
0.982,-3.54345703125,4.02392578125,-0.90087890625
0.9825,-4.02392578125,3.74365234375,-0.14013671875
0.983,-4.22412109375,3.18310546875,0.62060546875
0.9835,-4.50439453125,2.62255859375,1.34130859375
0.984,-4.62451171875,2.02197265625,2.06201171875
0.9845,-4.82470703125,1.42138671875,2.86279296875
0.985,-4.06396484375,0.46044921875,3.18310546875
0.9855,-3.98388671875,-0.34033203125,3.78369140625
0.986,-3.02294921875,-1.42138671875,3.86376953125
0.9865,-2.70263671875,-2.06201171875,4.22412109375
0.987,-1.94189453125,-3.06298828125,4.34423828125
0.9875,-1.26123046875,-3.46337890625,4.14404296875
0.988,-0.46044921875,-3.82373046875,3.62353515625
0.9885,0.30029296875,-4.22412109375,3.34326171875
0.989,1.34130859375,-4.46435546875,2.50244140625
0.9895,2.02197265625,-4.74462890625,2.10205078125
0.99,2.98291015625,-4.90478515625,1.34130859375
0.9905,3.14306640625,-4.26416015625,0.54052734375
0.991,3.62353515625,-4.10400390625,-0.06005859375
0.9915,3.78369140625,-3.42333984375,-0.94091796875
0.992,4.02392578125,-3.06298828125,-1.58154296875
0.9925,4.10400390625,-2.34228515625,-2.34228515625
0.993,4.14404296875,-1.70166015625,-2.90283203125
0.9935,3.38330078125,-0.62060546875,-3.18310546875
0.994,3.26318359375,0.02001953125,-3.70361328125
0.9945,2.38232421875,1.06103515625,-3.82373046875
0.995,2.18212890625,1.66162109375,-4.18408203125
0.9955,1.42138671875,2.54248046875,-4.30419921875
0.996,0.66064453125,2.86279296875,-3.82373046875
0.9965,-0.10009765625,3.34326171875,-3.54345703125
0.997,-0.98095703125,3.66357421875,-3.02294921875
0.9975,-1.86181640625,3.94384765625,-2.42236328125
0.998,-2.54248046875,4.14404296875,-1.94189453125
0.9985,-3.26318359375,4.18408203125,-1.30126953125
0.999,-3.50341796875,3.54345703125,-0.46044921875
0.9995,-3.98388671875,3.50341796875,0.06005859375
