wavelength,x,y,z
0.0,-0.1551513671875,3.7286376953125,-3.9588623046875
0.0005,-0.7957763671875,4.2491455078125,-3.8787841796875
0.001,-1.8367919921875,4.3292236328125,-2.9178466796875
0.0015,-2.4774169921875,4.4893798828125,-2.4373779296875
0.002,-3.6785888671875,4.6094970703125,-1.3162841796875
0.0025,-4.2391357421875,4.3292236328125,-0.5955810546875
0.003,-4.5194091796875,3.8087158203125,0.2852783203125
0.0035,-4.8397216796875,3.5284423828125,0.8458251953125
0.004,-4.7996826171875,2.5675048828125,1.7266845703125
0.0045,-4.7596435546875,1.9669189453125,2.2872314453125
0.005,-4.9598388671875,1.1260986328125,3.3682861328125
0.0055,-4.3192138671875,0.1651611328125,3.6085205078125
0.006,-4.1190185546875,-0.6356201171875,4.1690673828125
0.0065,-3.2781982421875,-1.5164794921875,4.2091064453125
0.007,-2.7176513671875,-2.2371826171875,4.3292236328125
0.0075,-1.9168701171875,-3.1580810546875,4.3292236328125
0.008,-1.1160888671875,-3.9188232421875,4.4093017578125
0.0085,-0.0350341796875,-4.1590576171875,3.6885986328125
0.009,0.3653564453125,-4.8397216796875,3.7686767578125
0.0095,1.5264892578125,-4.8797607421875,2.6876220703125
0.01,2.1671142578125,-5.0399169921875,2.2471923828125
0.0105,3.3282470703125,-5.1600341796875,1.2462158203125
0.011,3.7686767578125,-4.8397216796875,0.4854736328125
0.0115,4.1690673828125,-4.4793701171875,-0.3153076171875
0.012,4.4493408203125,-4.0389404296875,-0.9959716796875
0.0125,4.4893798828125,-3.1981201171875,-1.7967529296875
0.013,4.4493408203125,-2.5174560546875,-2.5174560546875
0.0135,4.6495361328125,-1.6365966796875,-3.5584716796875
0.014,3.8487548828125,-0.5155029296875,-3.7987060546875
0.0145,3.6885986328125,0.2452392578125,-4.3592529296875
0.015,2.6876220703125,1.2462158203125,-4.3592529296875
0.0155,2.1671142578125,1.9669189453125,-4.5194091796875
0.016,1.2862548828125,2.9278564453125,-4.5194091796875
0.0165,0.3253173828125,3.5284423828125,-4.5194091796875
0.017,-0.5155029296875,3.8887939453125,-3.7987060546875
0.0175,-1.1961669921875,4.4093017578125,-3.7186279296875
0.018,-2.3973388671875,4.4893798828125,-2.4373779296875
0.0185,-2.9578857421875,4.4893798828125,-1.9569091796875
0.019,-3.9989013671875,4.5294189453125,-0.9559326171875
0.0195,-4.2791748046875,3.9688720703125,-0.1551513671875
0.02,-4.6395263671875,3.6885986328125,0.5655517578125
0.0205,-4.7196044921875,3.0079345703125,1.2862548828125
0.021,-4.7596435546875,2.2471923828125,2.0469970703125
0.0215,-4.6395263671875,1.4864501953125,2.6876220703125
0.022,-4.7596435546875,0.7657470703125,3.4884033203125
0.0225,-3.8787841796875,-0.3553466796875,3.6485595703125
0.023,-3.8387451171875,-0.9559326171875,4.1690673828125
0.0235,-2.7176513671875,-1.9569091796875,4.1290283203125
0.024,-2.3572998046875,-2.5574951171875,4.3292236328125
0.0245,-1.4764404296875,-3.5184326171875,4.3292236328125
0.025,-0.6756591796875,-4.0389404296875,3.9688720703125
0.0255,0.2452392578125,-4.2791748046875,3.5684814453125
0.026,0.8057861328125,-4.6795654296875,3.2081298828125
0.0265,1.9268798828125,-4.7996826171875,2.2471923828125
0.027,2.5274658203125,-4.8797607421875,1.7667236328125
0.0275,3.4483642578125,-4.9598388671875,0.9259033203125
0.028,3.6885986328125,-4.3592529296875,0.1251220703125
0.0285,4.1290283203125,-4.2391357421875,-0.4354248046875
0.029,4.1290283203125,-3.3983154296875,-1.2762451171875
0.0295,4.3292236328125,-2.8377685546875,-1.9569091796875
0.03,4.2091064453125,-1.9969482421875,-2.7176513671875
0.0305,4.2091064453125,-1.2762451171875,-3.4383544921875
0.031,3.3682861328125,-0.1951904296875,-3.7186279296875
0.0315,3.3282470703125,0.4454345703125,-4.1990966796875
0.032,2.2071533203125,1.5665283203125,-4.1590576171875
0.0325,1.9268798828125,2.1270751953125,-4.4393310546875
0.033,0.9259033203125,3.0079345703125,-4.3592529296875
0.0335,0.1651611328125,3.3682861328125,-4.0389404296875
0.034,-0.6356201171875,3.8487548828125,-3.5584716796875
0.0345,-1.5565185546875,4.1290283203125,-2.9979248046875
0.035,-2.5174560546875,4.2091064453125,-2.1170654296875
0.0355,-3.1180419921875,4.2091064453125,-1.5565185546875
0.036,-3.8787841796875,4.2091064453125,-0.7957763671875
0.0365,-4.0389404296875,3.5684814453125,0.0450439453125
0.037,-4.4393310546875,3.4483642578125,0.5655517578125
0.0375,-4.4393310546875,2.4473876953125,1.4864501953125
0.038,-4.5194091796875,2.0069580078125,2.0469970703125
0.0385,-4.4793701171875,1.1661376953125,2.8077392578125
0.039,-4.2791748046875,0.4454345703125,3.3282470703125
0.0395,-3.5985107421875,-0.5155029296875,3.5684814453125
0.04,-3.3983154296875,-1.1160888671875,3.9288330078125
0.0405,-2.3973388671875,-2.2371826171875,3.8887939453125
0.041,-2.0369873046875,-2.6776123046875,4.0489501953125
0.0415,-1.2362060546875,-3.5584716796875,4.0489501953125
0.042,-0.3953857421875,-3.8387451171875,3.5684814453125
0.0425,0.2452392578125,-4.2391357421875,3.3682861328125
0.043,1.2462158203125,-4.4793701171875,2.5675048828125
0.0435,2.0069580078125,-4.6395263671875,2.0069580078125
0.044,2.6475830078125,-4.5194091796875,1.2862548828125
0.0445,3.2481689453125,-4.5194091796875,0.6856689453125
0.045,3.4483642578125,-3.9588623046875,0.0050048828125
0.0455,3.8487548828125,-3.8787841796875,-0.5155029296875
0.046,3.8487548828125,-2.8778076171875,-1.4764404296875
0.0465,3.9688720703125,-2.5574951171875,-1.9569091796875
0.047,3.9688720703125,-1.6766357421875,-2.7977294921875
0.0475,3.5684814453125,-0.9158935546875,-3.1981201171875
0.048,3.1280517578125,0.0050048828125,-3.5584716796875
0.0485,2.6876220703125,0.6456298828125,-3.8387451171875
0.049,1.9669189453125,1.5665283203125,-3.9989013671875
0.0495,1.5264892578125,2.0870361328125,-4.0789794921875
0.05,0.7257080078125,2.9278564453125,-3.9989013671875
0.0505,-0.1151123046875,3.2081298828125,-3.4783935546875
0.051,-0.6756591796875,3.7286376953125,-3.3582763671875
0.0515,-1.7967529296875,3.8087158203125,-2.3973388671875
0.052,-2.4373779296875,4.0089111328125,-1.9969482421875
0.0525,-3.1580810546875,3.8887939453125,-1.1961669921875
0.053,-3.5985107421875,3.8087158203125,-0.6356201171875
0.0535,-3.7987060546875,3.2481689453125,0.1251220703125
0.054,-4.0789794921875,3.0479736328125,0.6055908203125
0.0545,-4.1590576171875,2.1671142578125,1.5264892578125
0.055,-4.1990966796875,1.7667236328125,1.9669189453125
0.0555,-4.2391357421875,1.0059814453125,2.7276611328125
0.056,-3.7186279296875,0.1651611328125,3.0079345703125
0.0565,-3.4783935546875,-0.5955810546875,3.4884033203125
0.057,-2.8377685546875,-1.4364013671875,3.6085205078125
0.0575,-2.3172607421875,-2.1971435546875,3.8487548828125
0.058,-1.6766357421875,-2.6776123046875,3.8087158203125
0.0585,-1.0360107421875,-3.3582763671875,3.8087158203125
0.059,-0.2752685546875,-3.6385498046875,3.2481689453125
0.0595,0.3653564453125,-4.1590576171875,3.1280517578125
0.06,1.4464111328125,-4.2391357421875,2.1671142578125
0.0605,2.0069580078125,-4.4393310546875,1.8468017578125
0.061,2.6876220703125,-4.3592529296875,1.0860595703125
0.0615,3.0880126953125,-4.1590576171875,0.4854736328125
0.062,3.3682861328125,-3.7987060546875,-0.1551513671875
0.0625,3.5284423828125,-3.3582763671875,-0.7957763671875
0.063,3.7686767578125,-2.6776123046875,-1.6365966796875
0.0635,3.6885986328125,-2.1170654296875,-2.1170654296875
0.064,3.7686767578125,-1.3963623046875,-2.8778076171875
0.0645,3.0479736328125,-0.5155029296875,-3.0780029296875
0.065,2.9678955078125,0.1251220703125,-3.5985107421875
0.0655,2.0870361328125,1.1260986328125,-3.7186279296875
0.066,1.8067626953125,1.7667236328125,-3.9989013671875
0.0665,1.0059814453125,2.4073486328125,-3.7987060546875
0.067,0.3253173828125,3.0079345703125,-3.7586669921875
0.0675,-0.4754638671875,3.2081298828125,-3.1981201171875
0.068,-1.1160888671875,3.6485595703125,-2.9178466796875
0.0685,-2.1971435546875,3.8087158203125,-1.9969482421875
0.069,-2.6776123046875,3.8487548828125,-1.5965576171875
0.0695,-3.3182373046875,3.7686767578125,-0.8758544921875
0.07,-3.5584716796875,3.3682861328125,-0.2352294921875
0.0705,-3.8787841796875,3.1280517578125,0.3653564453125
0.071,-3.9588623046875,2.4073486328125,1.1260986328125
0.0715,-4.2391357421875,1.9268798828125,1.8468017578125
0.072,-4.0389404296875,1.2462158203125,2.2872314453125
0.0725,-4.0389404296875,0.5255126953125,2.9278564453125
0.073,-3.3182373046875,-0.4354248046875,3.1680908203125
0.0735,-3.2781982421875,-0.9959716796875,3.5684814453125
0.074,-2.3172607421875,-1.9569091796875,3.6885986328125
0.0745,-1.9969482421875,-2.5174560546875,3.8887939453125
0.075,-1.1961669921875,-3.1580810546875,3.6885986328125
0.0755,-0.5555419921875,-3.6385498046875,3.5684814453125
0.076,0.2452392578125,-3.9188232421875,3.1280517578125
0.0765,1.0860595703125,-4.2391357421875,2.5675048828125
0.077,2.0870361328125,-4.5194091796875,1.8468017578125
0.0775,2.5274658203125,-4.3592529296875,1.2462158203125
0.078,3.2081298828125,-4.3992919921875,0.6055908203125
0.0785,3.3682861328125,-3.8387451171875,-0.1551513671875
0.079,3.7286376953125,-3.6385498046875,-0.6356201171875
0.0795,3.7686767578125,-2.7176513671875,-1.5965576171875
0.08,3.9688720703125,-2.2772216796875,-2.2371826171875
0.0805,3.6485595703125,-1.4364013671875,-2.7977294921875
0.081,3.4884033203125,-0.7156982421875,-3.3582763671875
0.0815,2.7276611328125,0.2452392578125,-3.5184326171875
0.082,2.5274658203125,0.9259033203125,-3.8387451171875
0.0825,1.5665283203125,1.9268798828125,-3.9188232421875
0.083,1.1260986328125,2.4073486328125,-3.8787841796875
0.0835,0.3253173828125,3.0479736328125,-3.7186279296875
0.084,-0.3953857421875,3.3282470703125,-3.3582763671875
0.0845,-1.1160888671875,3.6485595703125,-2.9178466796875
0.085,-2.0369873046875,3.8487548828125,-2.1971435546875
0.0855,-2.9178466796875,4.0489501953125,-1.5164794921875
0.086,-3.2381591796875,3.6485595703125,-0.7957763671875
0.0865,-3.8787841796875,3.6885986328125,-0.2752685546875
0.087,-3.8787841796875,2.9278564453125,0.4854736328125
0.0875,-4.1590576171875,2.7276611328125,0.9659423828125
0.088,-4.1990966796875,1.8067626953125,1.9268798828125
0.0885,-4.2791748046875,1.3262939453125,2.4073486328125
0.089,-3.9588623046875,0.4454345703125,2.9278564453125
0.0895,-3.7186279296875,-0.2752685546875,3.3282470703125
0.09,-3.0780029296875,-1.0360107421875,3.5284423828125
0.0905,-2.6776123046875,-1.6766357421875,3.7686767578125
0.091,-1.9569091796875,-2.6375732421875,3.9688720703125
0.0915,-1.3162841796875,-3.0379638671875,3.7286376953125
0.092,-0.6356201171875,-3.7586669921875,3.7686767578125
0.0925,0.1651611328125,-3.9588623046875,3.1680908203125
0.093,0.8858642578125,-4.3592529296875,2.8878173828125
0.0935,1.9268798828125,-4.5194091796875,1.9669189453125
0.094,2.7276611328125,-4.7196044921875,1.4063720703125
0.0945,3.1280517578125,-4.3192138671875,0.6055908203125
0.095,3.6885986328125,-4.3192138671875,0.0850830078125
0.0955,3.8087158203125,-3.5985107421875,-0.7557373046875
0.096,3.9688720703125,-3.1981201171875,-1.3162841796875
0.0965,4.2091064453125,-2.3172607421875,-2.4373779296875
0.097,4.0089111328125,-1.6365966796875,-2.9178466796875
0.0975,3.6885986328125,-0.7156982421875,-3.5584716796875
0.098,3.1680908203125,0.2052001953125,-3.8387451171875
0.0985,2.5675048828125,1.0059814453125,-3.9989013671875
0.099,1.9268798828125,1.8468017578125,-4.1590576171875
0.0995,1.1661376953125,2.8477783203125,-4.3592529296875
0.1,0.2852783203125,3.1280517578125,-3.7987060546875
0.1005,-0.3553466796875,3.7686767578125,-3.8387451171875
0.101,-1.2762451171875,3.8487548828125,-2.9178466796875
0.1015,-1.9569091796875,4.0889892578125,-2.5174560546875
0.102,-3.1180419921875,4.2091064453125,-1.4764404296875
0.1025,-3.7186279296875,4.1290283203125,-0.8358154296875
0.103,-3.9989013671875,3.6085205078125,0.0050048828125
0.1035,-4.3592529296875,3.4483642578125,0.4854736328125
0.104,-4.3592529296875,2.6475830078125,1.2462158203125
0.1045,-4.3992919921875,2.0469970703125,1.8067626953125
0.105,-4.5994873046875,1.2462158203125,2.8477783203125
0.1055,-4.1190185546875,0.4454345703125,3.1280517578125
0.106,-3.9188232421875,-0.3153076171875,3.6885986328125
0.1065,-3.2381591796875,-1.1561279296875,3.8087158203125
0.107,-2.8377685546875,-1.7967529296875,3.9688720703125
0.1075,-1.9969482421875,-2.6776123046875,4.0489501953125
0.108,-1.3563232421875,-3.4783935546875,4.1690673828125
0.1085,-0.5155029296875,-3.7987060546875,3.6085205078125
0.109,0.0450439453125,-4.3592529296875,3.6885986328125
0.1095,1.0860595703125,-4.4793701171875,2.8077392578125
0.11,1.7667236328125,-4.7196044921875,2.3673095703125
0.1105,2.9278564453125,-4.9197998046875,1.4063720703125
0.111,3.3682861328125,-4.6795654296875,0.6856689453125
0.1115,3.8487548828125,-4.3992919921875,0.0050048828125
0.112,4.1290283203125,-4.0389404296875,-0.6356201171875
0.1125,4.2091064453125,-3.3182373046875,-1.4764404296875
0.113,4.2491455078125,-2.6375732421875,-2.2371826171875
0.1135,4.4893798828125,-1.8768310546875,-3.2381591796875
0.114,3.8087158203125,-0.7557373046875,-3.5584716796875
0.1145,3.6885986328125,0.0450439453125,-4.1590576171875
0.115,2.7276611328125,1.0460205078125,-4.1990966796875
0.1155,2.2471923828125,1.8067626953125,-4.4393310546875
0.116,1.3262939453125,2.7276611328125,-4.4793701171875
0.1165,0.5655517578125,3.5284423828125,-4.4393310546875
0.117,-0.3953857421875,3.8087158203125,-3.7586669921875
0.1175,-1.0360107421875,4.3292236328125,-3.5985107421875
0.118,-2.2772216796875,4.3692626953125,-2.4774169921875
0.1185,-2.8778076171875,4.4493408203125,-1.9569091796875
0.119,-3.9989013671875,4.4893798828125,-0.9959716796875
0.1195,-4.2791748046875,3.9688720703125,-0.1551513671875
0.12,-4.5994873046875,3.6885986328125,0.5255126953125
0.1205,-4.7596435546875,3.0079345703125,1.2462158203125
0.121,-4.7196044921875,2.1671142578125,2.0469970703125
0.1215,-4.6395263671875,1.4063720703125,2.6475830078125
0.122,-4.7996826171875,0.7257080078125,3.5284423828125
0.1225,-3.8787841796875,-0.3553466796875,3.6885986328125
0.123,-3.8387451171875,-0.9559326171875,4.2091064453125
0.1235,-2.7576904296875,-1.9969482421875,4.1290283203125
0.124,-2.2772216796875,-2.6375732421875,4.2891845703125
0.1245,-1.3963623046875,-3.5584716796875,4.2091064453125
0.125,-0.6356201171875,-4.1190185546875,4.0489501953125
0.1255,0.2052001953125,-4.3992919921875,3.5284423828125
0.126,0.9259033203125,-4.7996826171875,3.2481689453125
0.1265,2.0469970703125,-4.8397216796875,2.2071533203125
0.127,2.6075439453125,-4.8797607421875,1.6866455078125
0.1275,3.5684814453125,-4.9998779296875,0.8057861328125
0.128,3.8487548828125,-4.4393310546875,0.0050048828125
0.1285,4.2091064453125,-4.2791748046875,-0.5955810546875
0.129,4.3292236328125,-3.5184326171875,-1.4364013671875
0.1295,4.4093017578125,-2.8377685546875,-2.1971435546875
0.13,4.3292236328125,-1.9569091796875,-2.8778076171875
0.1305,4.4093017578125,-1.2362060546875,-3.6785888671875
0.131,3.4884033203125,0.0050048828125,-3.8787841796875
0.1315,3.3682861328125,0.6055908203125,-4.3992919921875
0.132,2.2471923828125,1.7667236328125,-4.3992919921875
0.1325,1.8067626953125,2.3673095703125,-4.5594482421875
0.133,0.8057861328125,3.3282470703125,-4.5194091796875
0.1335,-0.0750732421875,3.8487548828125,-4.1590576171875
0.134,-0.9158935546875,4.1690673828125,-3.6385498046875
0.1345,-1.7967529296875,4.5294189453125,-3.1180419921875
0.135,-2.9178466796875,4.5694580078125,-2.0369873046875
0.1355,-3.5184326171875,4.4893798828125,-1.4364013671875
0.136,-4.3592529296875,4.4893798828125,-0.5155029296875
0.1365,-4.5194091796875,3.7286376953125,0.3253173828125
0.137,-4.8397216796875,3.4884033203125,0.9259033203125
0.1375,-4.8797607421875,2.4073486328125,1.9268798828125
0.138,-4.8797607421875,1.8067626953125,2.6075439453125
0.1385,-4.7196044921875,0.9259033203125,3.2481689453125
0.139,-4.5194091796875,0.1251220703125,3.8887939453125
0.1395,-3.6785888671875,-0.9158935546875,4.0089111328125
0.14,-3.4383544921875,-1.5565185546875,4.4093017578125
0.1405,-2.1971435546875,-2.7176513671875,4.3292236328125
0.141,-1.7967529296875,-3.1981201171875,4.3292236328125
0.1415,-0.8358154296875,-3.9989013671875,4.2091064453125
0.142,0.0050048828125,-4.3592529296875,3.7286376953125
0.1425,0.6856689453125,-4.6795654296875,3.3282470703125
0.143,1.6866455078125,-4.9197998046875,2.5675048828125
0.1435,2.6475830078125,-4.9598388671875,1.7266845703125
0.144,3.1680908203125,-4.8397216796875,1.0460205078125
0.1445,3.8887939453125,-4.8397216796875,0.2852783203125
0.145,4.0089111328125,-4.1190185546875,-0.5155029296875
0.1455,4.3692626953125,-3.9989013671875,-0.9959716796875
0.146,4.3692626953125,-2.8377685546875,-2.0770263671875
0.1465,4.4493408203125,-2.3172607421875,-2.5975341796875
0.147,4.2091064453125,-1.3963623046875,-3.3582763671875
0.1475,3.9288330078125,-0.5955810546875,-3.8387451171875
0.148,3.1680908203125,0.4854736328125,-4.0789794921875
0.1485,2.8477783203125,1.1661376953125,-4.3992919921875
0.149,1.7667236328125,2.3272705078125,-4.4793701171875
0.1495,1.2862548828125,2.8077392578125,-4.4793701171875
0.15,0.3253173828125,3.6485595703125,-4.3592529296875
0.1505,-0.6356201171875,3.9688720703125,-3.7586669921875
0.151,-1.2762451171875,4.3292236328125,-3.3983154296875
0.1515,-2.4373779296875,4.4893798828125,-2.4373779296875
0.152,-3.3582763671875,4.6094970703125,-1.6766357421875
0.1525,-3.8387451171875,4.2891845703125,-0.9158935546875
0.153,-4.5194091796875,4.1690673828125,-0.1551513671875
0.1535,-4.5594482421875,3.3282470703125,0.7257080078125
0.154,-4.8397216796875,3.1680908203125,1.2462158203125
0.1545,-4.8397216796875,1.9669189453125,2.4073486328125
0.155,-4.7996826171875,1.4464111328125,2.8477783203125
0.1555,-4.5194091796875,0.4854736328125,3.5684814453125
0.156,-4.0789794921875,-0.3953857421875,3.9288330078125
0.1565,-3.3983154296875,-1.2762451171875,4.0889892578125
0.157,-2.8778076171875,-2.0369873046875,4.2891845703125
0.1575,-1.8768310546875,-3.0780029296875,4.3292236328125
0.158,-1.2762451171875,-3.4783935546875,4.0889892578125
0.1585,-0.4754638671875,-4.2391357421875,4.0089111328125
0.159,0.4454345703125,-4.3992919921875,3.3282470703125
0.1595,1.0860595703125,-4.7596435546875,3.0479736328125
0.16,2.2471923828125,-4.8397216796875,1.9669189453125
0.1605,2.9278564453125,-4.9197998046875,1.4063720703125
0.161,3.3682861328125,-4.6395263671875,0.6055908203125
0.1615,3.8887939453125,-4.5194091796875,0.0050048828125
0.162,3.9688720703125,-3.7186279296875,-0.7957763671875
0.1625,4.1290283203125,-3.3983154296875,-1.2762451171875
0.163,4.2491455078125,-2.3973388671875,-2.3973388671875
0.1635,4.1290283203125,-1.8768310546875,-2.7576904296875
0.164,3.9688720703125,-0.9959716796875,-3.5184326171875
0.1645,3.3682861328125,0.0050048828125,-3.7987060546875
0.165,2.9278564453125,0.7257080078125,-4.1190185546875
0.1655,2.2071533203125,1.5665283203125,-4.1590576171875
0.166,1.5665283203125,2.4874267578125,-4.3592529296875
0.1665,0.8057861328125,2.8878173828125,-4.0389404296875
0.167,0.0450439453125,3.6885986328125,-4.0389404296875
0.1675,-0.9158935546875,3.8087158203125,-3.2781982421875
0.168,-1.5164794921875,4.1690673828125,-3.0780029296875
0.1685,-2.7176513671875,4.2491455078125,-1.9569091796875
0.169,-3.3182373046875,4.2891845703125,-1.4764404296875
0.1695,-3.8387451171875,3.9288330078125,-0.6356201171875
0.17,-4.2791748046875,3.7686767578125,0.0450439453125
0.1705,-4.3992919921875,3.1280517578125,0.8057861328125
0.171,-4.5194091796875,2.6075439453125,1.4063720703125
0.1715,-4.6395263671875,1.7667236328125,2.4073486328125
0.172,-4.3592529296875,1.1260986328125,2.7677001953125
0.1725,-4.2791748046875,0.2852783203125,3.4884033203125
0.173,-3.5584716796875,-0.6356201171875,3.6885986328125
0.1735,-3.2381591796875,-1.3162841796875,4.0089111328125
0.174,-2.3572998046875,-2.2772216796875,4.0089111328125
0.1745,-1.7967529296875,-3.0379638671875,4.1690673828125
0.175,-0.9959716796875,-3.4783935546875,3.8087158203125
0.1755,-0.3153076171875,-4.1190185546875,3.8087158203125
0.176,0.5655517578125,-4.1990966796875,3.0479736328125
0.1765,1.2462158203125,-4.5994873046875,2.6876220703125
0.177,2.4073486328125,-4.7596435546875,1.6466064453125
0.1775,2.8477783203125,-4.6395263671875,1.1260986328125
0.178,3.4083251953125,-4.4393310546875,0.4053955078125
0.1785,3.6485595703125,-3.9989013671875,-0.2352294921875
0.179,3.8487548828125,-3.5985107421875,-0.7957763671875
0.1795,3.8487548828125,-2.8778076171875,-1.5565185546875
0.18,4.1290283203125,-2.2772216796875,-2.3973388671875
0.1805,3.6885986328125,-1.4364013671875,-2.7176513671875
0.181,3.6885986328125,-0.7156982421875,-3.3983154296875
0.1815,2.8077392578125,0.2852783203125,-3.5584716796875
0.182,2.6876220703125,0.8057861328125,-3.9188232421875
0.1825,1.7266845703125,1.8868408203125,-3.9588623046875
0.183,1.2862548828125,2.4073486328125,-4.1190185546875
0.1835,0.4454345703125,2.9278564453125,-3.7186279296875
0.184,-0.1951904296875,3.4483642578125,-3.5985107421875
0.1845,-1.0360107421875,3.5684814453125,-3.0379638671875
0.185,-1.7567138671875,3.8487548828125,-2.5574951171875
0.1855,-2.8377685546875,4.0489501953125,-1.7166748046875
0.186,-3.1580810546875,3.8487548828125,-1.1160888671875
0.1865,-3.7987060546875,3.8487548828125,-0.4754638671875
0.187,-3.8787841796875,3.1680908203125,0.2452392578125
0.1875,-4.1590576171875,2.8878173828125,0.8057861328125
0.188,-4.1990966796875,2.0870361328125,1.6065673828125
0.1885,-4.4393310546875,1.6466064453125,2.2872314453125
0.189,-3.9588623046875,0.7657470703125,2.6876220703125
0.1895,-3.9588623046875,0.1651611328125,3.2481689453125
0.19,-3.1580810546875,-0.8358154296875,3.4083251953125
0.1905,-2.9578857421875,-1.3563232421875,3.7686767578125
0.191,-2.0770263671875,-2.3973388671875,3.8487548828125
0.1915,-1.6365966796875,-2.8377685546875,3.8487548828125
0.192,-0.8358154296875,-3.4383544921875,3.6485595703125
0.1925,-0.1951904296875,-3.8387451171875,3.3282470703125
0.193,0.6055908203125,-4.1190185546875,2.8477783203125
0.1935,1.4464111328125,-4.3592529296875,2.2071533203125
0.194,2.3673095703125,-4.5594482421875,1.6065673828125
0.1945,2.6475830078125,-4.1990966796875,0.9259033203125
0.195,3.2481689453125,-4.2791748046875,0.4454345703125
0.1955,3.3682861328125,-3.5985107421875,-0.3153076171875
0.196,3.6485595703125,-3.3582763671875,-0.8358154296875
0.1965,3.7686767578125,-2.5174560546875,-1.7567138671875
0.197,3.8487548828125,-2.0770263671875,-2.2772216796875
0.1975,3.4483642578125,-1.1561279296875,-2.7977294921875
0.198,3.2481689453125,-0.5155029296875,-3.2381591796875
0.1985,2.5675048828125,0.4454345703125,-3.4783935546875
0.199,2.2471923828125,1.0460205078125,-3.7186279296875
0.1995,1.5665283203125,2.0069580078125,-3.9588623046875
0.2,0.9659423828125,2.3673095703125,-3.7186279296875
0.2005,0.2852783203125,3.0079345703125,-3.7186279296875
0.201,-0.5155029296875,3.2081298828125,-3.1580810546875
0.2015,-1.1961669921875,3.5684814453125,-2.8778076171875
0.202,-2.1571044921875,3.7686767578125,-1.9969482421875
0.2025,-2.8778076171875,3.8887939453125,-1.4364013671875
0.203,-3.1981201171875,3.4884033203125,-0.6756591796875
0.2035,-3.7186279296875,3.5284423828125,-0.2752685546875
0.204,-3.7987060546875,2.8477783203125,0.5255126953125
0.2045,-3.9989013671875,2.5274658203125,1.0460205078125
0.205,-4.1990966796875,1.7667236328125,1.9669189453125
0.2055,-4.0389404296875,1.2462158203125,2.3673095703125
0.206,-3.7987060546875,0.3253173828125,2.9678955078125
0.2065,-3.4383544921875,-0.3553466796875,3.2481689453125
0.207,-2.9578857421875,-1.1160888671875,3.4884033203125
0.2075,-2.4373779296875,-1.8768310546875,3.6885986328125
0.208,-1.8768310546875,-2.6776123046875,3.8887939453125
0.2085,-1.1561279296875,-3.0780029296875,3.4884033203125
0.209,-0.5955810546875,-3.7186279296875,3.6085205078125
0.2095,0.2852783203125,-3.8787841796875,2.8477783203125
0.21,0.9659423828125,-4.1590576171875,2.6075439453125
0.2105,1.9669189453125,-4.3992919921875,1.7667236328125
0.211,2.5675048828125,-4.3992919921875,1.2462158203125
0.2115,3.0079345703125,-4.1190185546875,0.5255126953125
0.212,3.3682861328125,-3.9588623046875,0.0450439453125
0.2125,3.5284423828125,-3.3582763671875,-0.7156982421875
0.213,3.6885986328125,-2.8778076171875,-1.3563232421875
0.2135,3.9688720703125,-2.2371826171875,-2.2772216796875
0.214,3.5284423828125,-1.3963623046875,-2.6776123046875
0.2145,3.4884033203125,-0.6356201171875,-3.2781982421875
0.215,2.8077392578125,0.2452392578125,-3.5184326171875
0.2155,2.4473876953125,0.9259033203125,-3.7987060546875
0.216,1.7266845703125,1.7667236328125,-3.9188232421875
0.2165,1.1260986328125,2.5274658203125,-4.1190185546875
0.217,0.2852783203125,2.8477783203125,-3.5985107421875
0.2175,-0.2752685546875,3.4483642578125,-3.5985107421875
0.218,-1.2762451171875,3.5684814453125,-2.7176513671875
0.2185,-1.9569091796875,3.8487548828125,-2.3172607421875
0.219,-2.9578857421875,3.9688720703125,-1.4364013671875
0.2195,-3.3582763671875,3.7286376953125,-0.7957763671875
0.22,-3.7987060546875,3.5284423828125,-0.1551513671875
0.2205,-3.9989013671875,3.0880126953125,0.4854736328125
0.221,-4.0789794921875,2.4473876953125,1.2061767578125
0.2215,-4.1590576171875,1.8868408203125,1.8468017578125
0.222,-4.3592529296875,1.2462158203125,2.6475830078125
0.2225,-3.7186279296875,0.2852783203125,2.8878173828125
0.223,-3.7586669921875,-0.3153076171875,3.4884033203125
0.2235,-2.8778076171875,-1.1961669921875,3.5284423828125
0.224,-2.5574951171875,-1.7967529296875,3.8087158203125
0.2245,-1.7967529296875,-2.6776123046875,3.8487548828125
0.225,-1.1961669921875,-3.2381591796875,3.8087158203125
0.2255,-0.4754638671875,-3.6385498046875,3.4083251953125
0.226,0.1251220703125,-4.0389404296875,3.2481689453125
0.2265,1.1260986328125,-4.1590576171875,2.4473876953125
0.227,1.7667236328125,-4.4393310546875,2.0469970703125
0.2275,2.7276611328125,-4.5594482421875,1.2862548828125
0.228,3.0479736328125,-4.1590576171875,0.5655517578125
0.2285,3.4884033203125,-4.1190185546875,0.0450439453125
0.229,3.6885986328125,-3.5184326171875,-0.6756591796875
0.2295,3.8487548828125,-2.9979248046875,-1.3563232421875
0.23,3.8887939453125,-2.2772216796875,-2.1571044921875
0.2305,4.0889892578125,-1.6766357421875,-2.8778076171875
0.231,3.3282470703125,-0.6356201171875,-3.1981201171875
0.2315,3.3282470703125,0.0050048828125,-3.7987060546875
0.232,2.3673095703125,1.0059814453125,-3.8387451171875
0.2325,2.0469970703125,1.6466064453125,-4.1590576171875
0.233,1.2061767578125,2.5675048828125,-4.1990966796875
0.2335,0.4053955078125,3.1280517578125,-3.9989013671875
0.234,-0.3553466796875,3.5684814453125,-3.5985107421875
0.2345,-1.2362060546875,3.9688720703125,-3.1580810546875
0.235,-2.2772216796875,4.0889892578125,-2.2371826171875
0.2355,-2.8778076171875,4.1290283203125,-1.6766357421875
0.236,-3.7987060546875,4.2091064453125,-0.8758544921875
0.2365,-3.9989013671875,3.6085205078125,0.0050048828125
0.237,-4.3592529296875,3.4483642578125,0.4854736328125
0.2375,-4.3992919921875,2.5274658203125,1.4063720703125
0.238,-4.5194091796875,1.9268798828125,2.0469970703125
0.2385,-4.3992919921875,1.1661376953125,2.7276611328125
0.239,-4.3192138671875,0.4454345703125,3.3682861328125
0.2395,-3.5584716796875,-0.5955810546875,3.5284423828125
0.24,-3.3582763671875,-1.1561279296875,3.9688720703125
0.2405,-2.2772216796875,-2.2772216796875,3.8887939453125
0.241,-1.9168701171875,-2.7576904296875,3.9688720703125
0.2415,-1.1160888671875,-3.5985107421875,3.9288330078125
0.242,-0.3153076171875,-3.8787841796875,3.5684814453125
0.2425,0.3253173828125,-4.2391357421875,3.3282470703125
0.243,1.2862548828125,-4.5194091796875,2.6075439453125
0.2435,2.2071533203125,-4.5994873046875,1.8468017578125
0.244,2.7276611328125,-4.5594482421875,1.2462158203125
0.2445,3.4483642578125,-4.5994873046875,0.6055908203125
0.245,3.6085205078125,-3.9989013671875,-0.1951904296875
0.2455,3.9688720703125,-3.8787841796875,-0.6356201171875
0.246,4.0089111328125,-2.8778076171875,-1.6365966796875
0.2465,4.1290283203125,-2.4774169921875,-2.1971435546875
0.247,4.0889892578125,-1.5965576171875,-2.9578857421875
0.2475,3.8487548828125,-0.7957763671875,-3.5584716796875
0.248,3.1680908203125,0.1651611328125,-3.7987060546875
0.2485,2.8477783203125,0.8858642578125,-4.1590576171875
0.249,1.8468017578125,2.0069580078125,-4.3192138671875
0.2495,1.4464111328125,2.4874267578125,-4.3592529296875
0.25,0.5255126953125,3.4483642578125,-4.3192138671875
0.2505,-0.3953857421875,3.7686767578125,-3.7586669921875
0.251,-1.0760498046875,4.1290283203125,-3.4783935546875
0.2515,-2.2371826171875,4.3292236328125,-2.5174560546875
0.252,-3.1180419921875,4.4893798828125,-1.7567138671875
0.2525,-3.7186279296875,4.2891845703125,-0.9959716796875
0.253,-4.3992919921875,4.1690673828125,-0.2352294921875
0.2535,-4.5194091796875,3.3682861328125,0.6456298828125
0.254,-4.7596435546875,3.1680908203125,1.1661376953125
0.2545,-4.7996826171875,1.9669189453125,2.3673095703125
0.255,-4.7196044921875,1.4464111328125,2.8077392578125
0.2555,-4.5194091796875,0.4854736328125,3.5284423828125
0.256,-4.0789794921875,-0.3953857421875,3.8887939453125
0.2565,-3.3983154296875,-1.3162841796875,4.0889892578125
0.257,-2.8778076171875,-2.0770263671875,4.2491455078125
0.2575,-1.7967529296875,-3.1981201171875,4.3292236328125
0.258,-1.2362060546875,-3.5584716796875,4.1290283203125
0.2585,-0.3953857421875,-4.2791748046875,4.0089111328125
0.259,0.4854736328125,-4.4793701171875,3.3682861328125
0.2595,1.0860595703125,-4.7996826171875,3.0479736328125
0.26,2.2872314453125,-4.8797607421875,1.9268798828125
0.2605,3.0479736328125,-4.9197998046875,1.2862548828125
0.261,3.5284423828125,-4.6395263671875,0.4854736328125
0.2615,4.0089111328125,-4.4793701171875,-0.1551513671875
0.262,4.0889892578125,-3.7186279296875,-0.9158935546875
0.2625,4.2891845703125,-3.3983154296875,-1.4364013671875
0.263,4.3692626953125,-2.3172607421875,-2.5574951171875
0.2635,4.2091064453125,-1.7967529296875,-2.9178466796875
0.264,4.0489501953125,-0.8758544921875,-3.7186279296875
0.2645,3.4083251953125,0.0850830078125,-3.9588623046875
0.265,2.9278564453125,0.8458251953125,-4.2791748046875
0.2655,2.1671142578125,1.7266845703125,-4.3592529296875
0.266,1.4063720703125,2.7677001953125,-4.5194091796875
0.2665,0.6856689453125,3.1680908203125,-4.1990966796875
0.267,-0.1551513671875,3.9288330078125,-4.1590576171875
0.2675,-1.0760498046875,4.0889892578125,-3.3582763671875
0.268,-1.7166748046875,4.4893798828125,-3.1180419921875
0.2685,-3.0780029296875,4.5294189453125,-1.9168701171875
0.269,-3.7186279296875,4.5694580078125,-1.2762451171875
0.2695,-4.2391357421875,4.1690673828125,-0.3553466796875
0.27,-4.7596435546875,3.9688720703125,0.3653564453125
0.2705,-4.7596435546875,3.1680908203125,1.1661376953125
0.271,-4.8797607421875,2.6475830078125,1.7667236328125
0.2715,-5.0399169921875,1.5665283203125,2.9678955078125
0.272,-4.7196044921875,0.9259033203125,3.3282470703125
0.2725,-4.4793701171875,-0.1551513671875,4.0089111328125
0.273,-3.7987060546875,-1.1160888671875,4.2091064453125
0.2735,-3.1981201171875,-1.8367919921875,4.4093017578125
0.274,-2.2772216796875,-2.7977294921875,4.4493408203125
0.2745,-1.4764404296875,-3.7186279296875,4.5294189453125
0.275,-0.6356201171875,-4.0389404296875,4.0089111328125
0.2755,0.1251220703125,-4.7196044921875,3.9688720703125
0.276,1.0059814453125,-4.7196044921875,3.0880126953125
0.2765,1.6866455078125,-4.9998779296875,2.6876220703125
0.277,3.0479736328125,-5.1199951171875,1.5264892578125
0.2775,3.5284423828125,-4.9197998046875,0.8057861328125
0.278,4.0089111328125,-4.5194091796875,0.0050048828125
0.2785,4.3292236328125,-4.1590576171875,-0.6756591796875
0.279,4.3292236328125,-3.5184326171875,-1.3563232421875
0.2795,4.3292236328125,-2.7576904296875,-2.0770263671875
0.28,4.5294189453125,-1.9569091796875,-3.1580810546875
0.2805,3.9688720703125,-1.1561279296875,-3.4783935546875
0.281,3.8887939453125,-0.3153076171875,-4.1590576171875
0.2815,2.9678955078125,0.6856689453125,-4.1990966796875
0.282,2.6475830078125,1.4063720703125,-4.4393310546875
0.2825,1.5665283203125,2.4874267578125,-4.4393310546875
0.283,1.0059814453125,3.1680908203125,-4.5194091796875
0.2835,0.0450439453125,3.5684814453125,-3.9989013671875
0.284,-0.6356201171875,4.1690673828125,-3.8787841796875
0.2845,-1.5565185546875,4.2091064453125,-3.0780029296875
0.285,-2.2772216796875,4.4893798828125,-2.5574951171875
0.2855,-3.5584716796875,4.6094970703125,-1.4764404296875
0.286,-3.9989013671875,4.3292236328125,-0.7557373046875
0.2865,-4.5194091796875,4.0489501953125,0.0850830078125
0.287,-4.7596435546875,3.5284423828125,0.8057861328125
0.2875,-4.8397216796875,2.9278564453125,1.4864501953125
0.288,-4.8397216796875,2.0469970703125,2.3272705078125
0.2885,-5.0799560546875,1.2462158203125,3.2481689453125
0.289,-4.3592529296875,0.2852783203125,3.5284423828125
0.2895,-4.3592529296875,-0.5555419921875,4.2091064453125
0.29,-3.3182373046875,-1.5164794921875,4.2091064453125
0.2905,-2.9178466796875,-2.1571044921875,4.4493408203125
0.291,-1.8367919921875,-3.2781982421875,4.4893798828125
0.2915,-1.1561279296875,-3.8787841796875,4.3292236328125
0.292,-0.2352294921875,-4.3192138671875,3.8487548828125
0.2925,0.4454345703125,-4.7996826171875,3.6485595703125
0.293,1.4464111328125,-4.8397216796875,2.7276611328125
0.2935,2.2071533203125,-4.9598388671875,2.1671142578125
0.294,3.4083251953125,-5.1600341796875,1.1661376953125
0.2945,3.6485595703125,-4.5594482421875,0.3653564453125
0.295,4.1290283203125,-4.4793701171875,-0.3153076171875
0.2955,4.2091064453125,-3.7586669921875,-1.0360107421875
0.296,4.3292236328125,-3.1981201171875,-1.6365966796875
0.2965,4.2891845703125,-2.3172607421875,-2.5574951171875
0.297,4.4093017578125,-1.6365966796875,-3.3182373046875
0.2975,3.6485595703125,-0.5955810546875,-3.5985107421875
0.298,3.5684814453125,0.1251220703125,-4.1590576171875
0.2985,2.5274658203125,1.1260986328125,-4.1190185546875
0.299,2.2071533203125,1.7667236328125,-4.3192138671875
0.2995,1.2462158203125,2.8477783203125,-4.4393310546875
0.3,0.5255126953125,3.2481689453125,-4.1190185546875
0.3005,-0.3153076171875,3.7686767578125,-3.8387451171875
0.301,-1.0360107421875,4.0889892578125,-3.3983154296875
0.3015,-1.9168701171875,4.1690673828125,-2.6776123046875
0.302,-2.7176513671875,4.3292236328125,-1.9969482421875
0.3025,-3.7586669921875,4.4893798828125,-1.1561279296875
0.303,-3.9588623046875,3.8487548828125,-0.3153076171875
0.3035,-4.5194091796875,3.8487548828125,0.2452392578125
0.304,-4.4793701171875,2.9678955078125,1.0460205078125
0.3045,-4.6395263671875,2.5274658203125,1.6065673828125
0.305,-4.6795654296875,1.5665283203125,2.5675048828125
0.3055,-4.6395263671875,0.9259033203125,3.1680908203125
0.306,-3.9588623046875,-0.1151123046875,3.5284423828125
0.3065,-3.8387451171875,-0.7156982421875,4.0089111328125
0.307,-2.9178466796875,-1.6766357421875,4.0089111328125
0.3075,-2.5174560546875,-2.2772216796875,4.2091064453125
0.308,-1.5965576171875,-3.3582763671875,4.3292236328125
0.3085,-0.7957763671875,-3.7186279296875,3.8887939453125
0.309,-0.1551513671875,-4.2791748046875,3.7686767578125
0.3095,0.7657470703125,-4.5194091796875,3.1280517578125
0.31,1.5665283203125,-4.6395263671875,2.4874267578125
0.3105,2.4073486328125,-4.7996826171875,1.7266845703125
0.311,3.2481689453125,-4.8397216796875,1.0059814453125
0.3115,3.4884033203125,-4.2391357421875,0.2052001953125
0.312,3.9688720703125,-4.1990966796875,-0.3153076171875
0.3125,3.9688720703125,-3.3582763671875,-1.1561279296875
0.313,4.0889892578125,-2.9578857421875,-1.7567138671875
0.3135,4.1690673828125,-2.0770263671875,-2.7176513671875
0.314,3.8887939453125,-1.2762451171875,-3.1580810546875
0.3145,3.4483642578125,-0.3153076171875,-3.5985107421875
0.315,3.0880126953125,0.3653564453125,-3.8787841796875
0.3155,2.2872314453125,1.2862548828125,-3.9588623046875
0.316,1.8468017578125,1.9268798828125,-4.1190185546875
0.3165,1.0460205078125,2.8477783203125,-4.2391357421875
0.317,0.2052001953125,3.1680908203125,-3.7186279296875
0.3175,-0.3553466796875,3.6885986328125,-3.6785888671875
0.318,-1.3563232421875,3.8087158203125,-2.8377685546875
0.3185,-2.0369873046875,4.0089111328125,-2.3572998046875
0.319,-2.9578857421875,4.0889892578125,-1.5565185546875
0.3195,-3.5584716796875,4.0089111328125,-0.9158935546875
0.32,-3.8387451171875,3.5284423828125,-0.1551513671875
0.3205,-4.1590576171875,3.3682861328125,0.2852783203125
0.321,-4.1590576171875,2.5274658203125,1.1260986328125
0.3215,-4.3192138671875,2.0870361328125,1.6466064453125
0.322,-4.5194091796875,1.3262939453125,2.6475830078125
0.3225,-4.0389404296875,0.6055908203125,2.9278564453125
0.323,-3.8387451171875,-0.2352294921875,3.5284423828125
0.3235,-3.2381591796875,-0.9959716796875,3.6485595703125
0.324,-2.7176513671875,-1.7567138671875,3.8487548828125
0.3245,-2.0770263671875,-2.4774169921875,3.9288330078125
0.325,-1.4364013671875,-3.1981201171875,4.0089111328125
0.3255,-0.6356201171875,-3.5584716796875,3.5284423828125
0.326,-0.0750732421875,-4.0789794921875,3.5284423828125
0.3265,0.9659423828125,-4.1990966796875,2.5675048828125
0.327,1.6065673828125,-4.4793701171875,2.2471923828125
0.3275,2.5274658203125,-4.5194091796875,1.4063720703125
0.328,2.9278564453125,-4.3592529296875,0.8057861328125
0.3285,3.3282470703125,-4.0789794921875,0.1251220703125
0.329,3.5684814453125,-3.7987060546875,-0.3953857421875
0.3295,3.6885986328125,-3.0780029296875,-1.2362060546875
0.33,3.8087158203125,-2.5574951171875,-1.7967529296875
0.3305,3.9688720703125,-1.8768310546875,-2.5975341796875
0.331,3.3282470703125,-0.9559326171875,-2.9178466796875
0.3315,3.2882080078125,-0.3153076171875,-3.5184326171875
0.332,2.5274658203125,0.6055908203125,-3.5584716796875
0.3325,2.2071533203125,1.2862548828125,-3.8787841796875
0.333,1.4864501953125,2.0870361328125,-3.9188232421875
0.3335,0.8458251953125,2.6876220703125,-3.9188232421875
0.334,0.0450439453125,3.0479736328125,-3.4783935546875
0.3345,-0.5955810546875,3.5284423828125,-3.3582763671875
0.335,-1.6365966796875,3.6485595703125,-2.4373779296875
0.3355,-2.1971435546875,3.8487548828125,-2.0770263671875
0.336,-3.0780029296875,3.9288330078125,-1.2762451171875
0.3365,-3.3582763671875,3.5284423828125,-0.6356201171875
0.337,-3.8387451171875,3.3682861328125,0.0050048828125
0.3375,-3.9188232421875,2.8077392578125,0.6055908203125
0.338,-4.1190185546875,2.2872314453125,1.3262939453125
0.3385,-4.1190185546875,1.6866455078125,1.9268798828125
0.339,-4.2391357421875,1.1260986328125,2.6475830078125
0.3395,-3.5584716796875,0.1251220703125,2.9678955078125
0.34,-3.5985107421875,-0.4754638671875,3.4884033203125
0.3405,-2.6776123046875,-1.3963623046875,3.4884033203125
0.341,-2.4373779296875,-1.9969482421875,3.8487548828125
0.3415,-1.6365966796875,-2.7576904296875,3.8087158203125
0.342,-1.0360107421875,-3.2381591796875,3.6885986328125
0.3425,-0.3153076171875,-3.6785888671875,3.3282470703125
0.343,0.4454345703125,-4.0389404296875,3.0479736328125
0.3435,1.4063720703125,-4.1990966796875,2.2471923828125
0.344,1.9669189453125,-4.3592529296875,1.7667236328125
0.3445,2.7276611328125,-4.4793701171875,1.1260986328125
0.345,3.0479736328125,-4.0389404296875,0.4053955078125
0.3455,3.4884033203125,-3.9989013671875,-0.1151123046875
0.346,3.5284423828125,-3.1981201171875,-0.9158935546875
0.3465,3.7686767578125,-2.7576904296875,-1.5565185546875
0.347,3.7686767578125,-2.0369873046875,-2.2772216796875
0.3475,3.6885986328125,-1.3963623046875,-2.8377685546875
0.348,3.0479736328125,-0.3953857421875,-3.1580810546875
0.3485,3.0079345703125,0.1651611328125,-3.5985107421875
0.349,2.0469970703125,1.2061767578125,-3.7186279296875
0.3495,1.8468017578125,1.7667236328125,-3.9588623046875
0.35,0.9659423828125,2.5675048828125,-3.9188232421875
0.3505,0.2452392578125,3.0079345703125,-3.6385498046875
0.351,-0.4754638671875,3.4483642578125,-3.3582763671875
0.3515,-1.3563232421875,3.7286376953125,-2.7576904296875
0.352,-2.2772216796875,3.9288330078125,-2.0770263671875
0.3525,-2.8778076171875,3.8487548828125,-1.4764404296875
0.353,-3.5584716796875,3.8887939453125,-0.8358154296875
0.3535,-3.7186279296875,3.2882080078125,-0.0750732421875
0.354,-4.1190185546875,3.2481689453125,0.4454345703125
0.3545,-4.1190185546875,2.2471923828125,1.4063720703125
0.355,-4.3192138671875,1.8868408203125,1.9669189453125
0.3555,-4.1590576171875,1.0460205078125,2.6876220703125
0.356,-3.9588623046875,0.2852783203125,3.1680908203125
0.3565,-3.3582763671875,-0.6356201171875,3.4483642578125
0.357,-3.0780029296875,-1.2362060546875,3.7686767578125
0.3575,-2.1971435546875,-2.2772216796875,3.8487548828125
0.358,-1.7967529296875,-2.6776123046875,3.8487548828125
0.3585,-1.0360107421875,-3.3983154296875,3.8487548828125
0.359,-0.2752685546875,-3.7186279296875,3.3682861328125
0.3595,0.3653564453125,-4.1190185546875,3.1680908203125
0.36,1.4063720703125,-4.2791748046875,2.2471923828125
0.3605,2.1671142578125,-4.5194091796875,1.7266845703125
0.361,2.6876220703125,-4.3592529296875,1.0059814453125
0.3615,3.2481689453125,-4.3192138671875,0.5255126953125
0.362,3.4083251953125,-3.7186279296875,-0.2752685546875
0.3625,3.6885986328125,-3.5584716796875,-0.6756591796875
0.363,3.8087158203125,-2.5975341796875,-1.7166748046875
0.3635,3.8487548828125,-2.2371826171875,-2.1571044921875
0.364,3.8087158203125,-1.3563232421875,-2.9178466796875
0.3645,3.3282470703125,-0.5955810546875,-3.2781982421875
0.365,2.9278564453125,0.2852783203125,-3.5985107421875
0.3655,2.3673095703125,1.0460205078125,-3.8387451171875
0.366,1.7266845703125,1.9669189453125,-4.0789794921875
0.3665,1.1260986328125,2.4073486328125,-3.9588623046875
0.367,0.4053955078125,3.1680908203125,-3.9188232421875
0.3675,-0.4754638671875,3.4483642578125,-3.3582763671875
0.368,-1.0760498046875,3.8887939453125,-3.1981201171875
0.3685,-2.2772216796875,3.9688720703125,-2.1571044921875
0.369,-2.9178466796875,4.1290283203125,-1.6766357421875
0.3695,-3.5584716796875,3.8887939453125,-0.7957763671875
0.37,-4.0789794921875,3.8087158203125,-0.1951904296875
0.3705,-4.1590576171875,3.1680908203125,0.6055908203125
0.371,-4.4393310546875,2.7677001953125,1.2061767578125
0.3715,-4.5594482421875,1.8468017578125,2.2872314453125
0.372,-4.4393310546875,1.2462158203125,2.6876220703125
0.3725,-4.3192138671875,0.3653564453125,3.4483642578125
0.373,-3.7186279296875,-0.5955810546875,3.6885986328125
0.3735,-3.2381591796875,-1.3162841796875,3.9688720703125
0.374,-2.4373779296875,-2.2772216796875,4.0889892578125
0.3745,-1.7166748046875,-3.1580810546875,4.2091064453125
0.375,-0.9959716796875,-3.5584716796875,3.8487548828125
0.3755,-0.3153076171875,-4.1990966796875,3.8487548828125
0.376,0.6055908203125,-4.2791748046875,3.0880126953125
0.3765,1.2862548828125,-4.6395263671875,2.6876220703125
0.377,2.5274658203125,-4.7996826171875,1.5665283203125
0.3775,3.0880126953125,-4.6395263671875,1.0059814453125
0.378,3.5284423828125,-4.3592529296875,0.2452392578125
0.3785,3.8487548828125,-4.0789794921875,-0.3553466796875
0.379,3.8887939453125,-3.4783935546875,-1.0360107421875
0.3795,4.0089111328125,-2.8377685546875,-1.7166748046875
0.38,4.2091064453125,-2.0770263671875,-2.6776123046875
0.3805,3.8487548828125,-1.3162841796875,-2.9979248046875
0.381,3.7686767578125,-0.5955810546875,-3.6785888671875
0.3815,2.9278564453125,0.4053955078125,-3.7987060546875
0.382,2.6876220703125,1.0059814453125,-4.1190185546875
0.3825,1.7266845703125,2.0469970703125,-4.1590576171875
0.383,1.2061767578125,2.7677001953125,-4.3192138671875
0.3835,0.2852783203125,3.2081298828125,-3.8787841796875
0.384,-0.3953857421875,3.8487548828125,-3.8387451171875
0.3845,-1.2762451171875,3.8887939453125,-3.0780029296875
0.385,-1.9969482421875,4.2091064453125,-2.6776123046875
0.3855,-3.2381591796875,4.4893798828125,-1.5965576171875
0.386,-3.7186279296875,4.2091064453125,-0.9559326171875
0.3865,-4.3192138671875,3.9688720703125,-0.1151123046875
0.387,-4.5194091796875,3.5284423828125,0.6055908203125
0.3875,-4.6795654296875,2.9678955078125,1.2862548828125
0.388,-4.6795654296875,2.1671142578125,2.0870361328125
0.3885,-4.9598388671875,1.3663330078125,3.0880126953125
0.389,-4.3592529296875,0.4454345703125,3.3682861328125
0.3895,-4.2791748046875,-0.3553466796875,4.0889892578125
0.39,-3.3582763671875,-1.3563232421875,4.1290283203125
0.3905,-2.9578857421875,-1.9969482421875,4.3292236328125
0.391,-1.9168701171875,-3.1580810546875,4.4093017578125
0.3915,-1.1561279296875,-3.8387451171875,4.3292236328125
0.392,-0.2752685546875,-4.1990966796875,3.8487548828125
0.3925,0.4053955078125,-4.7596435546875,3.6485595703125
0.393,1.4063720703125,-4.8397216796875,2.7276611328125
0.3935,2.1671142578125,-4.9197998046875,2.1671142578125
0.394,3.4483642578125,-5.1199951171875,1.1260986328125
0.3945,3.6885986328125,-4.5994873046875,0.3253173828125
0.395,4.2091064453125,-4.4393310546875,-0.3553466796875
0.3955,4.2891845703125,-3.7987060546875,-1.0760498046875
0.396,4.3292236328125,-3.1981201171875,-1.6766357421875
0.3965,4.3292236328125,-2.2772216796875,-2.5574951171875
0.397,4.4893798828125,-1.5565185546875,-3.4383544921875
0.3975,3.6885986328125,-0.5155029296875,-3.6785888671875
0.398,3.5684814453125,0.2052001953125,-4.1990966796875
0.3985,2.5675048828125,1.2061767578125,-4.1590576171875
0.399,2.1671142578125,1.7667236328125,-4.3592529296875
0.3995,1.2061767578125,2.9278564453125,-4.4793701171875
0.4,0.4454345703125,3.4483642578125,-4.1990966796875
0.4005,-0.3953857421875,3.8487548828125,-3.8787841796875
0.401,-1.1160888671875,4.1690673828125,-3.5184326171875
0.4015,-1.9969482421875,4.2891845703125,-2.6375732421875
0.402,-2.8377685546875,4.4093017578125,-1.9969482421875
0.4025,-3.9588623046875,4.6094970703125,-1.0360107421875
0.403,-4.1990966796875,3.9288330078125,-0.1951904296875
0.4035,-4.7596435546875,3.8887939453125,0.4053955078125
0.404,-4.7596435546875,3.0479736328125,1.2462158203125
0.4045,-4.8797607421875,2.5274658203125,1.8868408203125
0.405,-4.8397216796875,1.5665283203125,2.8077392578125
0.4055,-4.8797607421875,0.8858642578125,3.5284423828125
0.406,-4.1190185546875,-0.2752685546875,3.8487548828125
0.4065,-3.9989013671875,-0.9158935546875,4.3692626953125
0.407,-2.9578857421875,-1.9569091796875,4.3292236328125
0.4075,-2.5174560546875,-2.5975341796875,4.4893798828125
0.408,-1.4764404296875,-3.7186279296875,4.5294189453125
0.4085,-0.6356201171875,-4.1990966796875,4.1290283203125
0.409,0.1651611328125,-4.7196044921875,3.8487548828125
0.4095,1.0860595703125,-4.9598388671875,3.2481689453125
0.41,2.0469970703125,-4.9998779296875,2.3673095703125
0.4105,2.8477783203125,-5.0799560546875,1.6065673828125
0.411,3.8487548828125,-5.1600341796875,0.7657470703125
0.4115,3.9688720703125,-4.4393310546875,-0.1551513671875
0.412,4.4893798828125,-4.3592529296875,-0.6756591796875
0.4125,4.4893798828125,-3.3582763671875,-1.6766357421875
0.413,4.4893798828125,-2.7576904296875,-2.2371826171875
0.4135,4.4893798828125,-1.7967529296875,-3.1981201171875
0.414,4.2891845703125,-0.9959716796875,-3.7586669921875
0.4145,3.4884033203125,0.0450439453125,-3.9989013671875
0.415,3.1680908203125,0.7657470703125,-4.3592529296875
0.4155,2.1270751953125,1.8468017578125,-4.3592529296875
0.416,1.6466064453125,2.4073486328125,-4.2391357421875
0.4165,0.7257080078125,3.3682861328125,-4.5194091796875
0.417,-0.1951904296875,3.6885986328125,-3.8787841796875
0.4175,-0.8358154296875,4.1690673828125,-3.7186279296875
0.418,-1.9168701171875,4.3692626953125,-2.8778076171875
0.4185,-2.6776123046875,4.4893798828125,-2.1571044921875
0.419,-3.4783935546875,4.4493408203125,-1.3563232421875
0.4195,-4.1990966796875,4.4093017578125,-0.6356201171875
0.42,-4.3992919921875,3.6885986328125,0.2852783203125
0.4205,-4.8397216796875,3.6085205078125,0.7657470703125
0.421,-4.7996826171875,2.5274658203125,1.7667236328125
0.4215,-4.7996826171875,2.0469970703125,2.2872314453125
0.422,-4.8397216796875,1.0860595703125,3.2882080078125
0.4225,-4.4793701171875,0.2452392578125,3.6885986328125
0.423,-3.9188232421875,-0.7156982421875,4.0889892578125
0.4235,-3.4783935546875,-1.4364013671875,4.3292236328125
0.424,-2.4774169921875,-2.5574951171875,4.2091064453125
0.4245,-1.9569091796875,-3.1180419921875,4.4093017578125
0.425,-1.0360107421875,-4.1190185546875,4.4093017578125
0.4255,-0.1151123046875,-4.3192138671875,3.8087158203125
0.426,0.5255126953125,-4.8397216796875,3.6485595703125
0.4265,1.7266845703125,-4.9598388671875,2.6075439453125
0.427,2.4473876953125,-5.0799560546875,1.9669189453125
0.4275,3.2481689453125,-4.9998779296875,1.1260986328125
0.428,3.8887939453125,-4.8397216796875,0.4053955078125
0.4285,4.0489501953125,-4.1590576171875,-0.4754638671875
0.429,4.4093017578125,-3.9588623046875,-0.9959716796875
0.4295,4.4093017578125,-2.8377685546875,-2.1170654296875
0.43,4.3692626953125,-2.3172607421875,-2.5574951171875
0.4305,4.4093017578125,-1.3963623046875,-3.5184326171875
0.431,3.7686767578125,-0.4754638671875,-3.7987060546875
0.4315,3.2882080078125,0.4454345703125,-4.1590576171875
0.432,2.4874267578125,1.1661376953125,-4.3192138671875
0.4325,1.8067626953125,2.2071533203125,-4.4393310546875
0.433,1.2061767578125,2.6876220703125,-4.3592529296875
0.4335,0.3253173828125,3.5684814453125,-4.2791748046875
0.434,-0.5955810546875,3.8087158203125,-3.5584716796875
0.4345,-1.1561279296875,4.2091064453125,-3.3983154296875
0.435,-2.4373779296875,4.2891845703125,-2.2772216796875
0.4355,-2.9578857421875,4.3692626953125,-1.7967529296875
0.436,-3.7586669921875,4.2091064453125,-0.9158935546875
0.4365,-4.1990966796875,3.9688720703125,-0.1951904296875
0.437,-4.3592529296875,3.4083251953125,0.5655517578125
0.4375,-4.5994873046875,3.0479736328125,1.1260986328125
0.438,-4.6795654296875,2.0469970703125,2.0870361328125
0.4385,-4.5594482421875,1.5665283203125,2.5274658203125
0.439,-4.6395263671875,0.7257080078125,3.4083251953125
0.4395,-3.8787841796875,-0.2752685546875,3.5684814453125
0.44,-3.7186279296875,-0.9959716796875,4.1290283203125
0.4405,-2.7977294921875,-1.9569091796875,4.0889892578125
0.441,-2.2371826171875,-2.6375732421875,4.2891845703125
0.4415,-1.4764404296875,-3.2781982421875,4.1290283203125
0.442,-0.7156982421875,-3.9989013671875,4.0889892578125
0.4425,0.1651611328125,-4.1990966796875,3.4083251953125
0.443,0.8057861328125,-4.6795654296875,3.2481689453125
0.4435,2.0469970703125,-4.7196044921875,2.0870361328125
0.444,2.5675048828125,-4.8397216796875,1.6466064453125
0.4445,3.3282470703125,-4.7196044921875,0.8057861328125
0.445,3.6885986328125,-4.3592529296875,0.1251220703125
0.4455,3.9288330078125,-3.9588623046875,-0.5555419921875
0.446,4.0489501953125,-3.3582763671875,-1.2362060546875
0.4465,4.2091064453125,-2.5975341796875,-2.1170654296875
0.447,4.0089111328125,-1.9569091796875,-2.5975341796875
0.4475,4.0489501953125,-1.1561279296875,-3.3582763671875
0.448,3.2481689453125,-0.1551513671875,-3.5584716796875
0.4485,3.1280517578125,0.4854736328125,-4.0789794921875
0.449,2.2071533203125,1.6065673828125,-4.1190185546875
0.4495,1.7266845703125,2.2071533203125,-4.3192138671875
0.45,0.8458251953125,2.8477783203125,-4.0389404296875
0.4505,0.1251220703125,3.4483642578125,-3.9188232421875
0.451,-0.7156982421875,3.6485595703125,-3.2781982421875
0.4515,-1.4364013671875,4.0089111328125,-2.9979248046875
0.452,-2.5574951171875,4.1290283203125,-1.9569091796875
0.4525,-3.0379638671875,4.1290283203125,-1.4764404296875
0.453,-3.7586669921875,4.0089111328125,-0.6756591796875
0.4535,-3.9989013671875,3.5284423828125,0.0450439453125
0.454,-4.3192138671875,3.2481689453125,0.6055908203125
0.4545,-4.2791748046875,2.4073486328125,1.4063720703125
0.455,-4.4793701171875,1.8868408203125,2.1270751953125
0.4555,-4.2391357421875,1.1260986328125,2.6075439453125
0.456,-4.1590576171875,0.4454345703125,3.2081298828125
0.4565,-3.4783935546875,-0.6356201171875,3.4083251953125
0.457,-3.3582763671875,-1.1961669921875,3.7286376953125
0.4575,-2.2772216796875,-2.1571044921875,3.8487548828125
0.458,-1.9969482421875,-2.6375732421875,4.0489501953125
0.4585,-1.1561279296875,-3.3182373046875,3.8487548828125
0.459,-0.4754638671875,-3.7987060546875,3.6085205078125
0.4595,0.2852783203125,-4.1190185546875,3.1680908203125
0.46,1.1260986328125,-4.3592529296875,2.6075439453125
0.4605,2.0870361328125,-4.5594482421875,1.9268798828125
0.461,2.5274658203125,-4.4393310546875,1.3262939453125
0.4615,3.1680908203125,-4.4793701171875,0.6856689453125
0.462,3.3682861328125,-3.8787841796875,0.0050048828125
0.4625,3.7686767578125,-3.7987060546875,-0.5555419921875
0.463,3.7686767578125,-2.8377685546875,-1.4764404296875
0.4635,3.9688720703125,-2.4774169921875,-2.0369873046875
0.464,3.6885986328125,-1.6766357421875,-2.6776123046875
0.4645,3.5684814453125,-0.9559326171875,-3.1981201171875
0.465,2.8077392578125,0.0050048828125,-3.4383544921875
0.4655,2.6876220703125,0.6456298828125,-3.7987060546875
0.466,1.8468017578125,1.6466064453125,-3.8787841796875
0.4665,1.4464111328125,2.0870361328125,-3.9588623046875
0.467,0.6456298828125,2.8077392578125,-3.8387451171875
0.4675,-0.1151123046875,3.1680908203125,-3.4383544921875
0.468,-0.7957763671875,3.5684814453125,-3.1981201171875
0.4685,-1.7166748046875,3.7286376953125,-2.3973388671875
0.469,-2.5574951171875,4.0089111328125,-1.8768310546875
0.4695,-2.9578857421875,3.6885986328125,-1.1561279296875
0.47,-3.5985107421875,3.8087158203125,-0.5955810546875
0.4705,-3.7186279296875,3.1280517578125,0.1651611328125
0.471,-4.0389404296875,3.0079345703125,0.6055908203125
0.4715,-4.1190185546875,2.0469970703125,1.6065673828125
0.472,-4.2791748046875,1.6466064453125,2.0469970703125
0.4725,-4.0389404296875,0.7657470703125,2.6876220703125
0.473,-3.7586669921875,0.0450439453125,3.0880126953125
0.4735,-3.2381591796875,-0.7156982421875,3.4083251953125
0.474,-2.8377685546875,-1.3963623046875,3.6485595703125
0.4745,-2.1571044921875,-2.3172607421875,3.8487548828125
0.475,-1.6365966796875,-2.7176513671875,3.6885986328125
0.4755,-0.9559326171875,-3.4383544921875,3.7286376953125
0.476,-0.1551513671875,-3.6385498046875,3.1680908203125
0.4765,0.4854736328125,-4.1190185546875,3.0079345703125
0.477,1.5264892578125,-4.1990966796875,2.0469970703125
0.4775,2.2071533203125,-4.4793701171875,1.6466064453125
0.478,2.6876220703125,-4.1590576171875,0.9259033203125
0.4785,3.1680908203125,-4.1590576171875,0.4053955078125
0.479,3.3282470703125,-3.5985107421875,-0.3153076171875
0.4795,3.5684814453125,-3.2781982421875,-0.8358154296875
0.48,3.8087158203125,-2.5574951171875,-1.7967529296875
0.4805,3.6885986328125,-2.0770263671875,-2.2371826171875
0.481,3.6485595703125,-1.2762451171875,-2.9178466796875
0.4815,3.0479736328125,-0.3953857421875,-3.1981201171875
0.482,2.7677001953125,0.3253173828125,-3.5584716796875
0.4825,2.0870361328125,1.1661376953125,-3.6785888671875
0.483,1.6466064453125,1.9268798828125,-3.9989013671875
0.4835,0.9259033203125,2.4073486328125,-3.6785888671875
0.484,0.2852783203125,3.0880126953125,-3.7586669921875
0.4845,-0.5555419921875,3.2481689453125,-3.0780029296875
0.485,-1.1961669921875,3.6885986328125,-2.8778076171875
0.4855,-2.2772216796875,3.8487548828125,-1.9569091796875
0.486,-2.8778076171875,3.8887939453125,-1.4764404296875
0.4865,-3.3983154296875,3.6885986328125,-0.6756591796875
0.487,-3.7586669921875,3.4483642578125,-0.1551513671875
0.4875,-3.9588623046875,2.9278564453125,0.5655517578125
0.488,-4.1190185546875,2.4073486328125,1.2061767578125
0.4885,-4.3992919921875,1.7667236328125,2.1270751953125
0.489,-4.0789794921875,1.0460205078125,2.4874267578125
0.4895,-4.0389404296875,0.2852783203125,3.2081298828125
0.49,-3.3582763671875,-0.6356201171875,3.3682861328125
0.4905,-3.1180419921875,-1.2362060546875,3.7686767578125
0.491,-2.2371826171875,-2.1971435546875,3.8087158203125
0.4915,-1.7567138671875,-2.8778076171875,3.9688720703125
0.492,-0.9559326171875,-3.2781982421875,3.5684814453125
0.4925,-0.3553466796875,-3.8387451171875,3.5684814453125
0.493,0.5255126953125,-3.9989013671875,2.8477783203125
0.4935,1.2462158203125,-4.3192138671875,2.4874267578125
0.494,2.4073486328125,-4.5194091796875,1.5665283203125
0.4945,2.7677001953125,-4.3192138671875,0.9659423828125
0.495,3.3282470703125,-4.1990966796875,0.3253173828125
0.4955,3.4483642578125,-3.7186279296875,-0.3153076171875
0.496,3.6885986328125,-3.3582763671875,-0.9158935546875
0.4965,3.6885986328125,-2.5975341796875,-1.6766357421875
0.497,3.9688720703125,-2.0770263671875,-2.4774169921875
0.4975,3.4483642578125,-1.1561279296875,-2.7977294921875
0.498,3.4483642578125,-0.5155029296875,-3.3983154296875
0.4985,2.6075439453125,0.4454345703125,-3.4783935546875
0.499,2.4073486328125,1.0059814453125,-3.8387451171875
0.4995,1.5665283203125,1.9669189453125,-3.9188232421875
0.5,1.0059814453125,2.5274658203125,-3.9188232421875
0.5005,0.2452392578125,3.0079345703125,-3.5985107421875
0.501,-0.3953857421875,3.4483642578125,-3.3983154296875
0.5015,-1.2762451171875,3.6085205078125,-2.7576904296875
0.502,-1.9969482421875,3.8487548828125,-2.2772216796875
0.5025,-3.0780029296875,4.1290283203125,-1.4764404296875
0.503,-3.3582763671875,3.6885986328125,-0.7957763671875
0.5035,-3.9588623046875,3.7286376953125,-0.1951904296875
0.504,-3.9989013671875,3.0079345703125,0.4854736328125
0.5045,-4.2391357421875,2.6475830078125,1.0860595703125
0.505,-4.3192138671875,1.8067626953125,1.9669189453125
0.5055,-4.5194091796875,1.2862548828125,2.7276611328125
0.506,-3.9188232421875,0.2852783203125,3.0880126953125
0.5065,-3.8787841796875,-0.3153076171875,3.6885986328125
0.507,-3.0379638671875,-1.3162841796875,3.7686767578125
0.5075,-2.7176513671875,-1.9569091796875,4.0489501953125
0.508,-1.7967529296875,-3.0379638671875,4.1690673828125
0.5085,-1.1160888671875,-3.4783935546875,3.9288330078125
0.509,-0.3553466796875,-4.0389404296875,3.7686767578125
0.5095,0.4854736328125,-4.3592529296875,3.2481689453125
0.51,1.3663330078125,-4.5194091796875,2.5274658203125
0.5105,2.2471923828125,-4.6795654296875,1.8868408203125
0.511,3.1680908203125,-4.8397216796875,1.0460205078125
0.5115,3.4483642578125,-4.1990966796875,0.2452392578125
0.512,3.9288330078125,-4.2391357421875,-0.3153076171875
0.5125,3.9688720703125,-3.3983154296875,-1.1561279296875
0.513,4.0889892578125,-2.9178466796875,-1.7967529296875
0.5135,4.1290283203125,-1.9969482421875,-2.6776123046875
0.514,4.0489501953125,-1.2762451171875,-3.2381591796875
0.5145,3.3682861328125,-0.3153076171875,-3.5584716796875
0.515,3.1280517578125,0.4053955078125,-3.9188232421875
0.5155,2.2071533203125,1.3262939453125,-3.9588623046875
0.516,1.7667236328125,1.9268798828125,-4.1190185546875
0.5165,0.9259033203125,2.9678955078125,-4.2391357421875
0.517,0.1251220703125,3.2481689453125,-3.7186279296875
0.5175,-0.5155029296875,3.7686767578125,-3.6385498046875
0.518,-1.4364013671875,3.9688720703125,-2.8778076171875
0.5185,-2.1971435546875,4.0889892578125,-2.2772216796875
0.519,-3.0780029296875,4.1290283203125,-1.4764404296875
0.5195,-3.8387451171875,4.2091064453125,-0.7957763671875
0.52,-3.9989013671875,3.5684814453125,0.0050048828125
0.5205,-4.4793701171875,3.5284423828125,0.4854736328125
0.521,-4.4793701171875,2.5274658203125,1.3663330078125
0.5215,-4.5594482421875,2.1671142578125,1.9268798828125
0.522,-4.6795654296875,1.2862548828125,2.9278564453125
0.5225,-4.3592529296875,0.4854736328125,3.3682861328125
0.523,-3.9188232421875,-0.4754638671875,3.8087158203125
0.5235,-3.5184326171875,-1.1961669921875,4.0889892578125
0.524,-2.6375732421875,-2.1571044921875,4.1690673828125
0.5245,-2.0770263671875,-2.8377685546875,4.2891845703125
0.525,-1.2362060546875,-3.7987060546875,4.3292236328125
0.5255,-0.3153076171875,-4.1190185546875,3.7686767578125
0.526,0.3253173828125,-4.6395263671875,3.6885986328125
0.5265,1.5264892578125,-4.7996826171875,2.6876220703125
0.527,2.2471923828125,-4.9598388671875,2.0469970703125
0.5275,3.1680908203125,-4.9197998046875,1.2061767578125
0.528,3.8487548828125,-4.8797607421875,0.4454345703125
0.5285,3.9688720703125,-4.2391357421875,-0.3553466796875
0.529,4.3692626953125,-4.0389404296875,-0.9959716796875
0.5295,4.3292236328125,-2.8778076171875,-1.9969482421875
0.53,4.3292236328125,-2.3572998046875,-2.4774169921875
0.5305,4.4093017578125,-1.4364013671875,-3.4783935546875
0.531,3.7686767578125,-0.4754638671875,-3.7987060546875
0.5315,3.3282470703125,0.3653564453125,-4.1590576171875
0.532,2.6075439453125,1.2862548828125,-4.3592529296875
0.5325,1.7667236328125,2.2471923828125,-4.3592529296875
0.533,1.1661376953125,2.8077392578125,-4.3192138671875
0.5335,0.2852783203125,3.6485595703125,-4.3192138671875
0.534,-0.6356201171875,3.8487548828125,-3.5584716796875
0.5345,-1.2362060546875,4.2891845703125,-3.3983154296875
0.535,-2.4774169921875,4.3292236328125,-2.2772216796875
0.5355,-3.0780029296875,4.4093017578125,-1.7166748046875
0.536,-3.8787841796875,4.2091064453125,-0.8358154296875
0.5365,-4.3592529296875,3.9688720703125,-0.1551513671875
0.537,-4.5194091796875,3.3682861328125,0.6055908203125
0.5375,-4.7596435546875,3.0479736328125,1.2462158203125
0.538,-4.7596435546875,2.0469970703125,2.2471923828125
0.5385,-4.6795654296875,1.4864501953125,2.6876220703125
0.539,-4.7196044921875,0.6456298828125,3.5684814453125
0.5395,-3.9588623046875,-0.3553466796875,3.7686767578125
0.54,-3.7186279296875,-1.1160888671875,4.2091064453125
0.5405,-2.8377685546875,-2.0770263671875,4.2891845703125
0.541,-2.1971435546875,-2.8778076171875,4.4093017578125
0.5415,-1.3963623046875,-3.5184326171875,4.2891845703125
0.542,-0.6356201171875,-4.2791748046875,4.2091064453125
0.5425,0.3253173828125,-4.4793701171875,3.4884033203125
0.543,0.9659423828125,-4.9598388671875,3.3282470703125
0.5435,2.2872314453125,-4.9998779296875,2.0469970703125
0.544,2.8477783203125,-5.1199951171875,1.5665283203125
0.5445,3.6885986328125,-4.9598388671875,0.6456298828125
0.545,4.0889892578125,-4.6395263671875,-0.1151123046875
0.5455,4.2891845703125,-3.9989013671875,-0.7957763671875
0.546,4.4893798828125,-3.4783935546875,-1.5565185546875
0.5465,4.5294189453125,-2.5174560546875,-2.5975341796875
0.547,4.3292236328125,-1.7967529296875,-3.0379638671875
0.5475,4.3292236328125,-0.9559326171875,-3.8787841796875
0.548,3.4483642578125,0.1651611328125,-4.0389404296875
0.5485,3.1280517578125,0.8858642578125,-4.4393310546875
0.549,2.0469970703125,2.0469970703125,-4.4793701171875
0.5495,1.4464111328125,2.7677001953125,-4.5594482421875
0.55,0.5655517578125,3.3282470703125,-4.2391357421875
0.5505,-0.2752685546875,4.0089111328125,-4.1190185546875
0.551,-1.1561279296875,4.1290283203125,-3.3582763671875
0.5515,-1.9168701171875,4.4893798828125,-2.9979248046875
0.552,-3.1580810546875,4.4893798828125,-1.7967529296875
0.5525,-3.5985107421875,4.3292236328125,-1.2362060546875
0.553,-4.3192138671875,4.1290283203125,-0.3553466796875
0.5535,-4.5594482421875,3.6885986328125,0.4854736328125
0.554,-4.7196044921875,3.1680908203125,1.0860595703125
0.5545,-4.7596435546875,2.4073486328125,1.9268798828125
0.555,-4.8797607421875,1.5665283203125,2.7677001953125
0.5555,-4.5194091796875,0.8858642578125,3.1680908203125
0.556,-4.5194091796875,0.0850830078125,3.8887939453125
0.5565,-3.5584716796875,-0.9959716796875,3.9688720703125
0.557,-3.3983154296875,-1.5965576171875,4.3292236328125
0.5575,-2.2371826171875,-2.7576904296875,4.3292236328125
0.558,-1.7567138671875,-3.3182373046875,4.4093017578125
0.5585,-0.7957763671875,-3.9188232421875,4.0889892578125
0.559,0.0050048828125,-4.5194091796875,3.8887939453125
0.5595,0.8057861328125,-4.6395263671875,3.1680908203125
0.56,1.6065673828125,-4.9998779296875,2.6876220703125
0.5605,2.8077392578125,-5.1199951171875,1.6466064453125
0.561,3.2081298828125,-4.9197998046875,1.0059814453125
0.5615,3.9688720703125,-4.7996826171875,0.2452392578125
0.562,4.1290283203125,-4.1190185546875,-0.5955810546875
0.5625,4.4093017578125,-3.7987060546875,-1.1561279296875
0.563,4.4093017578125,-2.8377685546875,-2.1170654296875
0.5635,4.5294189453125,-2.1971435546875,-2.9178466796875
0.564,4.1290283203125,-1.2762451171875,-3.3582763671875
0.5645,3.9688720703125,-0.4354248046875,-3.9989013671875
0.565,3.0079345703125,0.6856689453125,-4.1190185546875
0.5655,2.7677001953125,1.2862548828125,-4.4393310546875
0.566,1.5665283203125,2.5274658203125,-4.4793701171875
0.5665,1.1260986328125,3.0079345703125,-4.4793701171875
0.567,0.1251220703125,3.6085205078125,-4.0789794921875
0.5675,-0.6756591796875,4.0889892578125,-3.7586669921875
0.568,-1.5164794921875,4.1690673828125,-3.0780029296875
0.5685,-2.3973388671875,4.3692626953125,-2.3973388671875
0.569,-3.5584716796875,4.5294189453125,-1.4764404296875
0.5695,-3.8387451171875,4.1290283203125,-0.7156982421875
0.57,-4.5194091796875,4.0489501953125,0.0050048828125
0.5705,-4.5194091796875,3.2481689453125,0.8057861328125
0.571,-4.7196044921875,2.9278564453125,1.3262939453125
0.5715,-4.6795654296875,1.8868408203125,2.3673095703125
0.572,-4.7996826171875,1.3262939453125,3.0079345703125
0.5725,-4.2791748046875,0.3253173828125,3.4083251953125
0.573,-4.1190185546875,-0.3953857421875,3.9288330078125
0.5735,-3.1981201171875,-1.3563232421875,3.9688720703125
0.574,-2.8778076171875,-1.9569091796875,4.2091064453125
0.5745,-1.8367919921875,-3.0780029296875,4.2891845703125
0.575,-1.2762451171875,-3.4783935546875,4.0889892578125
0.5755,-0.4354248046875,-4.1590576171875,3.8887939453125
0.576,0.3653564453125,-4.4793701171875,3.3682861328125
0.5765,1.1260986328125,-4.6795654296875,2.9278564453125
0.577,2.0870361328125,-4.8397216796875,2.0469970703125
0.5775,3.0479736328125,-4.9998779296875,1.3663330078125
0.578,3.3282470703125,-4.4793701171875,0.6055908203125
0.5785,3.9288330078125,-4.5194091796875,0.0050048828125
0.579,3.9688720703125,-3.7186279296875,-0.7957763671875
0.5795,4.1690673828125,-3.3983154296875,-1.3162841796875
0.58,4.2091064453125,-2.3973388671875,-2.3973388671875
0.5805,4.2091064453125,-1.8768310546875,-2.8778076171875
0.581,3.7686767578125,-0.8358154296875,-3.3983154296875
0.5815,3.4483642578125,-0.0750732421875,-3.8387451171875
0.582,2.6876220703125,0.8858642578125,-3.9989013671875
0.5825,2.2471923828125,1.5665283203125,-4.1590576171875
0.583,1.4063720703125,2.5675048828125,-4.3592529296875
0.5835,0.7657470703125,2.8878173828125,-3.9989013671875
0.584,0.0050048828125,3.5684814453125,-3.9989013671875
0.5845,-0.9158935546875,3.7686767578125,-3.2781982421875
0.585,-1.5965576171875,4.0489501953125,-2.9178466796875
0.5855,-2.6776123046875,4.2091064453125,-1.9569091796875
0.586,-3.4783935546875,4.3292236328125,-1.2762451171875
0.5865,-3.7987060546875,3.8087158203125,-0.4354248046875
0.587,-4.3192138671875,3.7686767578125,0.1251220703125
0.5875,-4.3192138671875,2.9678955078125,0.9259033203125
0.588,-4.4793701171875,2.5675048828125,1.4464111328125
0.5885,-4.5994873046875,1.6466064453125,2.4874267578125
0.589,-4.3592529296875,1.0460205078125,2.8477783203125
0.5895,-4.0789794921875,0.1251220703125,3.4884033203125
0.59,-3.5584716796875,-0.6756591796875,3.7286376953125
0.5905,-3.0379638671875,-1.4364013671875,3.8487548828125
0.591,-2.3973388671875,-2.2371826171875,3.9688720703125
0.5915,-1.6766357421875,-3.0780029296875,4.1290283203125
0.592,-0.9158935546875,-3.4783935546875,3.6485595703125
0.5925,-0.3153076171875,-4.1190185546875,3.6885986328125
0.593,0.6055908203125,-4.1990966796875,2.8477783203125
0.5935,1.2462158203125,-4.4393310546875,2.5675048828125
0.594,2.3272705078125,-4.5594482421875,1.6466064453125
0.5945,2.8477783203125,-4.5594482421875,1.1260986328125
0.595,3.2481689453125,-4.1590576171875,0.3653564453125
0.5955,3.6085205078125,-3.9989013671875,-0.1551513671875
0.596,3.6885986328125,-3.3582763671875,-0.9158935546875
0.5965,3.8487548828125,-2.8778076171875,-1.4764404296875
0.597,4.0889892578125,-2.1971435546875,-2.4373779296875
0.5975,3.6485595703125,-1.4364013671875,-2.7176513671875
0.598,3.5684814453125,-0.6756591796875,-3.3582763671875
0.5985,2.8477783203125,0.2452392578125,-3.5584716796875
0.599,2.5675048828125,0.8858642578125,-3.8387451171875
0.5995,1.8067626953125,1.7667236328125,-3.9188232421875
0.6,1.2862548828125,2.4073486328125,-4.1590576171875
0.6005,0.4454345703125,2.7677001953125,-3.6785888671875
0.601,-0.1551513671875,3.3682861328125,-3.7186279296875
0.6015,-1.0360107421875,3.5284423828125,-2.8778076171875
0.602,-1.7166748046875,3.8487548828125,-2.5574951171875
0.6025,-2.7576904296875,4.0089111328125,-1.6365966796875
0.603,-3.1580810546875,3.8087158203125,-1.1160888671875
0.6035,-3.7186279296875,3.6485595703125,-0.3553466796875
0.604,-3.8787841796875,3.2081298828125,0.2452392578125
0.6045,-4.0789794921875,2.7276611328125,0.8858642578125
0.605,-4.1590576171875,2.0870361328125,1.5665283203125
0.6055,-4.4393310546875,1.5665283203125,2.4073486328125
0.606,-3.8387451171875,0.6456298828125,2.6876220703125
0.6065,-3.9188232421875,0.0450439453125,3.3682861328125
0.607,-3.1180419921875,-0.9158935546875,3.4083251953125
0.6075,-2.8778076171875,-1.4764404296875,3.7686767578125
0.608,-2.0770263671875,-2.4373779296875,3.8487548828125
0.6085,-1.5565185546875,-2.9578857421875,3.8487548828125
0.609,-0.7156982421875,-3.4783935546875,3.5284423828125
0.6095,-0.1551513671875,-3.8787841796875,3.3682861328125
0.61,0.7657470703125,-4.0389404296875,2.6876220703125
0.6105,1.4864501953125,-4.3192138671875,2.2471923828125
0.611,2.4473876953125,-4.5194091796875,1.4464111328125
0.6115,2.7276611328125,-4.1590576171875,0.8057861328125
0.612,3.2481689453125,-4.1590576171875,0.2852783203125
0.6125,3.3682861328125,-3.5584716796875,-0.3953857421875
0.613,3.6085205078125,-3.1981201171875,-0.9959716796875
0.6135,3.6885986328125,-2.4373779296875,-1.7967529296875
0.614,3.8887939453125,-1.9569091796875,-2.4373779296875
0.6145,3.2481689453125,-0.9959716796875,-2.7977294921875
0.615,3.2882080078125,-0.3953857421875,-3.3582763671875
0.6155,2.4874267578125,0.5655517578125,-3.4783935546875
0.616,2.2471923828125,1.1260986328125,-3.7987060546875
0.6165,1.4464111328125,2.0469970703125,-3.9588623046875
0.617,0.8858642578125,2.4874267578125,-3.7987060546875
0.6175,0.1651611328125,3.0479736328125,-3.5985107421875
0.618,-0.5955810546875,3.3682861328125,-3.1981201171875
0.6185,-1.3963623046875,3.6085205078125,-2.5975341796875
0.619,-2.1971435546875,3.8087158203125,-1.9969482421875
0.6195,-2.9979248046875,3.9688720703125,-1.3563232421875
0.62,-3.2781982421875,3.4884033203125,-0.6356201171875
0.6205,-3.8387451171875,3.5284423828125,-0.1551513671875
0.621,-3.8387451171875,2.8077392578125,0.6456298828125
0.6215,-4.1590576171875,2.4473876953125,1.2061767578125
0.622,-4.1990966796875,1.6866455078125,2.0469970703125
0.6225,-4.1990966796875,1.0860595703125,2.6075439453125
0.623,-3.7186279296875,0.1651611328125,3.0479736328125
0.6235,-3.5584716796875,-0.4754638671875,3.4884033203125
0.624,-2.7977294921875,-1.3963623046875,3.5684814453125
0.6245,-2.4373779296875,-1.9969482421875,3.8487548828125
0.625,-1.6766357421875,-2.9578857421875,3.9288330078125
0.6255,-0.9559326171875,-3.2781982421875,3.5684814453125
0.626,-0.3553466796875,-3.8787841796875,3.5284423828125
0.6265,0.6055908203125,-4.1190185546875,2.8477783203125
0.627,1.4063720703125,-4.3592529296875,2.3272705078125
0.6275,2.2471923828125,-4.4393310546875,1.6065673828125
0.628,2.8878173828125,-4.5194091796875,1.0059814453125
0.6285,3.1680908203125,-3.9989013671875,0.2852783203125
0.629,3.5684814453125,-3.9588623046875,-0.2352294921875
0.6295,3.6485595703125,-3.1180419921875,-1.1160888671875
0.63,3.8487548828125,-2.6776123046875,-1.6365966796875
0.6305,3.9288330078125,-1.9168701171875,-2.5574951171875
0.631,3.5684814453125,-1.1561279296875,-2.9178466796875
0.6315,3.1680908203125,-0.3153076171875,-3.3582763671875
0.632,2.7677001953125,0.4053955078125,-3.6785888671875
0.6325,2.0469970703125,1.2862548828125,-3.7987060546875
0.633,1.5665283203125,1.8868408203125,-3.9588623046875
0.6335,0.8858642578125,2.7276611328125,-3.9989013671875
0.634,0.0850830078125,3.0479736328125,-3.4783935546875
0.6345,-0.4754638671875,3.5284423828125,-3.4383544921875
0.635,-1.5565185546875,3.6885986328125,-2.5574951171875
0.6355,-2.1971435546875,3.8887939453125,-2.1170654296875
0.636,-3.0379638671875,3.8887939453125,-1.3162841796875
0.6365,-3.5584716796875,3.8087158203125,-0.7156982421875
0.637,-3.7987060546875,3.3282470703125,0.0050048828125
0.6375,-4.1190185546875,3.1680908203125,0.4854736328125
0.638,-4.1590576171875,2.2872314453125,1.4063720703125
0.6385,-4.2391357421875,1.8868408203125,1.9268798828125
0.639,-4.3992919921875,1.1260986328125,2.7677001953125
0.6395,-3.8387451171875,0.2852783203125,3.0479736328125
0.64,-3.7186279296875,-0.4754638671875,3.5684814453125
0.6405,-2.9979248046875,-1.3162841796875,3.6885986328125
0.641,-2.4373779296875,-2.1571044921875,3.8487548828125
0.6415,-1.7967529296875,-2.7576904296875,3.9288330078125
0.642,-1.1160888671875,-3.5184326171875,3.9688720703125
0.6425,-0.2752685546875,-3.8387451171875,3.4483642578125
0.643,0.3653564453125,-4.3192138671875,3.3282470703125
0.6435,1.5665283203125,-4.4793701171875,2.2872314453125
0.644,2.2071533203125,-4.6395263671875,1.8868408203125
0.6445,3.0079345703125,-4.6395263671875,1.0460205078125
0.645,3.4483642578125,-4.3992919921875,0.3653564453125
0.6455,3.7286376953125,-3.9989013671875,-0.3153076171875
0.646,3.9688720703125,-3.5584716796875,-0.9959716796875
0.6465,4.0889892578125,-2.6776123046875,-1.9569091796875
0.647,4.0089111328125,-2.0770263671875,-2.4373779296875
0.6475,4.0889892578125,-1.3162841796875,-3.2781982421875
0.648,3.3282470703125,-0.3153076171875,-3.5584716796875
0.6485,3.1280517578125,0.3653564453125,-3.9989013671875
0.649,2.1671142578125,1.4063720703125,-4.1190185546875
0.6495,1.6065673828125,2.2071533203125,-4.1990966796875
0.65,0.8458251953125,2.8477783203125,-4.0389404296875
0.6505,0.0850830078125,3.4884033203125,-3.9188232421875
0.651,-0.7557373046875,3.6885986328125,-3.2781982421875
0.6515,-1.4364013671875,4.0889892578125,-3.0379638671875
0.652,-2.6375732421875,4.1290283203125,-1.9168701171875
0.6525,-3.1580810546875,4.1290283203125,-1.3963623046875
0.653,-3.8387451171875,4.0089111328125,-0.5955810546875
0.6535,-4.1590576171875,3.5284423828125,0.1251220703125
0.654,-4.3592529296875,3.1680908203125,0.7257080078125
0.6545,-4.4393310546875,2.4874267578125,1.4864501953125
0.655,-4.5194091796875,1.7667236328125,2.3272705078125
0.6555,-4.3592529296875,1.0860595703125,2.7677001953125
0.656,-4.3592529296875,0.2852783203125,3.4884033203125
0.6565,-3.5584716796875,-0.7156982421875,3.6485595703125
0.657,-3.3582763671875,-1.3162841796875,4.0089111328125
0.6575,-2.2772216796875,-2.3572998046875,4.0889892578125
0.658,-1.9168701171875,-2.9178466796875,4.2091064453125
0.6585,-1.0360107421875,-3.5985107421875,3.9688720703125
0.659,-0.3153076171875,-4.1590576171875,3.8487548828125
0.6595,0.5255126953125,-4.3592529296875,3.2081298828125
0.66,1.2862548828125,-4.7596435546875,2.8077392578125
0.6605,2.5274658203125,-4.8397216796875,1.7667236328125
0.661,3.0079345703125,-4.7596435546875,1.2061767578125
0.6615,3.6885986328125,-4.6795654296875,0.4053955078125
0.662,3.9288330078125,-4.1190185546875,-0.3953857421875
0.6625,4.2091064453125,-3.7987060546875,-0.9959716796875
0.663,4.2891845703125,-2.8778076171875,-1.9569091796875
0.6635,4.4493408203125,-2.2371826171875,-2.7176513671875
0.664,4.0889892578125,-1.3963623046875,-3.1981201171875
0.6645,3.9688720703125,-0.5955810546875,-3.8787841796875
0.665,3.0079345703125,0.4854736328125,-3.9989013671875
0.6655,2.7677001953125,1.1260986328125,-4.3592529296875
0.666,1.6065673828125,2.4073486328125,-4.3592529296875
0.6665,1.1260986328125,2.8878173828125,-4.3992919921875
0.667,0.1651611328125,3.5284423828125,-4.0389404296875
0.6675,-0.6356201171875,4.0089111328125,-3.7586669921875
0.668,-1.4364013671875,4.1690673828125,-3.0780029296875
0.6685,-2.3572998046875,4.4093017578125,-2.4373779296875
0.669,-3.5584716796875,4.5294189453125,-1.4364013671875
0.6695,-3.8787841796875,4.1290283203125,-0.6756591796875
0.67,-4.5194091796875,4.0089111328125,0.0450439453125
0.6705,-4.5594482421875,3.2882080078125,0.8458251953125
0.671,-4.7596435546875,2.8878173828125,1.3663330078125
0.6715,-4.7596435546875,1.8868408203125,2.4073486328125
0.672,-4.8397216796875,1.2462158203125,3.0479736328125
0.6725,-4.3192138671875,0.2852783203125,3.4884033203125
0.673,-4.1190185546875,-0.5155029296875,4.0089111328125
0.6735,-3.1981201171875,-1.4364013671875,4.0489501953125
0.674,-2.8778076171875,-1.9969482421875,4.3292236328125
0.6745,-1.7567138671875,-3.1981201171875,4.3292236328125
0.675,-1.1961669921875,-3.6385498046875,4.1290283203125
0.6755,-0.3153076171875,-4.2791748046875,3.8887939453125
0.676,0.4854736328125,-4.5594482421875,3.4884033203125
0.6765,1.2462158203125,-4.7996826171875,2.8878173828125
0.677,2.2471923828125,-4.9197998046875,2.0870361328125
0.6775,3.2481689453125,-5.1199951171875,1.2862548828125
0.678,3.5284423828125,-4.5594482421875,0.4854736328125
0.6785,4.1690673828125,-4.5594482421875,-0.1551513671875
0.679,4.1690673828125,-3.7586669921875,-0.9959716796875
0.6795,4.4093017578125,-3.3983154296875,-1.5164794921875
0.68,4.4493408203125,-2.3572998046875,-2.6375732421875
0.6805,4.4093017578125,-1.7567138671875,-3.1981201171875
0.681,3.8887939453125,-0.7156982421875,-3.7987060546875
0.6815,3.6085205078125,0.1651611328125,-4.1990966796875
0.682,2.7276611328125,1.1260986328125,-4.2391357421875
0.6825,2.2872314453125,1.8468017578125,-4.5194091796875
0.683,1.2862548828125,3.0079345703125,-4.6395263671875
0.6835,0.4854736328125,3.3682861328125,-4.2391357421875
0.684,-0.3553466796875,4.0889892578125,-4.0789794921875
0.6845,-1.2362060546875,4.2491455078125,-3.3983154296875
0.685,-1.9569091796875,4.4493408203125,-2.8778076171875
0.6855,-3.0780029296875,4.5294189453125,-1.8768310546875
0.686,-3.9989013671875,4.6495361328125,-1.0360107421875
0.6865,-4.2391357421875,3.9688720703125,-0.1551513671875
0.687,-4.8397216796875,3.9688720703125,0.4854736328125
0.6875,-4.7596435546875,3.0079345703125,1.2862548828125
0.688,-4.8397216796875,2.4473876953125,1.8868408203125
0.6885,-4.9197998046875,1.3663330078125,3.0079345703125
0.689,-4.6795654296875,0.6456298828125,3.4884033203125
0.6895,-4.1590576171875,-0.3553466796875,3.9288330078125
0.69,-3.7987060546875,-1.1160888671875,4.2891845703125
0.6905,-2.9178466796875,-1.9569091796875,4.2891845703125
0.691,-2.2772216796875,-2.7176513671875,4.3692626953125
0.6915,-1.3963623046875,-3.7586669921875,4.4893798828125
0.692,-0.5555419921875,-3.9989013671875,3.8887939453125
0.6925,0.1251220703125,-4.6395263671875,3.8887939453125
0.693,1.0860595703125,-4.7196044921875,3.0079345703125
0.6935,1.7667236328125,-4.8797607421875,2.5274658203125
0.694,2.8477783203125,-4.9998779296875,1.5264892578125
0.6945,3.5684814453125,-4.9998779296875,0.7657470703125
0.695,3.8887939453125,-4.3592529296875,-0.0750732421875
0.6955,4.3292236328125,-4.2791748046875,-0.6356201171875
0.696,4.3292236328125,-3.4783935546875,-1.4364013671875
0.6965,4.3292236328125,-2.9178466796875,-2.0369873046875
0.697,4.5294189453125,-1.9969482421875,-3.1580810546875
0.6975,4.0889892578125,-1.1561279296875,-3.4783935546875
0.698,3.7686767578125,-0.1951904296875,-4.0389404296875
0.6985,3.0880126953125,0.6856689453125,-4.1990966796875
0.699,2.4473876953125,1.5264892578125,-4.3592529296875
0.6995,1.7266845703125,2.3673095703125,-4.4393310546875
0.7,0.9259033203125,3.3282470703125,-4.5994873046875
0.7005,0.0050048828125,3.5684814453125,-3.8787841796875
0.701,-0.6356201171875,4.2091064453125,-3.9188232421875
0.7015,-1.7166748046875,4.2891845703125,-2.9178466796875
0.702,-2.3973388671875,4.4493408203125,-2.4373779296875
0.7025,-3.5584716796875,4.4893798828125,-1.4364013671875
0.703,-4.1190185546875,4.3292236328125,-0.6356201171875
0.7035,-4.4793701171875,3.8087158203125,0.2452392578125
0.704,-4.7996826171875,3.5284423828125,0.7657470703125
0.7045,-4.7596435546875,2.5675048828125,1.6466064453125
0.705,-4.7996826171875,1.9669189453125,2.2471923828125
0.7055,-4.9598388671875,1.1260986328125,3.3282470703125
0.706,-4.2791748046875,0.1651611328125,3.5684814453125
0.7065,-4.0789794921875,-0.6356201171875,4.1290283203125
0.707,-3.2381591796875,-1.5164794921875,4.1690673828125
0.7075,-2.5975341796875,-2.2772216796875,4.3292236328125
0.708,-1.7967529296875,-3.1180419921875,4.3292236328125
0.7085,-1.0360107421875,-3.9188232421875,4.3292236328125
0.709,-0.1551513671875,-4.1590576171875,3.6485595703125
0.7095,0.4454345703125,-4.6395263671875,3.5684814453125
0.71,1.5665283203125,-4.6795654296875,2.5274658203125
0.7105,2.1671142578125,-4.8397216796875,2.0870361328125
0.711,3.2081298828125,-4.9197998046875,1.1260986328125
0.7115,3.5684814453125,-4.5194091796875,0.4053955078125
0.712,3.9688720703125,-4.2391357421875,-0.3153076171875
0.7125,4.1290283203125,-3.8387451171875,-0.9559326171875
0.713,4.2091064453125,-3.0780029296875,-1.7967529296875
0.7135,4.1690673828125,-2.3572998046875,-2.3572998046875
0.714,4.4093017578125,-1.6365966796875,-3.2381591796875
0.7145,3.5684814453125,-0.5955810546875,-3.4783935546875
0.715,3.5284423828125,0.0850830078125,-4.0389404296875
0.7155,2.5274658203125,1.0860595703125,-4.0389404296875
0.716,2.1671142578125,1.7667236328125,-4.2791748046875
0.7165,1.2862548828125,2.6075439453125,-4.2791748046875
0.717,0.5655517578125,3.2481689453125,-4.1590576171875
0.7175,-0.3153076171875,3.5684814453125,-3.6785888671875
0.718,-0.9959716796875,4.0489501953125,-3.4783935546875
0.7185,-2.0369873046875,4.1290283203125,-2.4373779296875
0.719,-2.6375732421875,4.2091064453125,-2.0369873046875
0.7195,-3.6385498046875,4.3292236328125,-1.1561279296875
0.72,-3.9188232421875,3.8487548828125,-0.3553466796875
0.7205,-4.3992919921875,3.6085205078125,0.2452392578125
0.721,-4.4793701171875,2.9278564453125,1.0059814453125
0.7215,-4.5594482421875,2.3673095703125,1.7667236328125
0.722,-4.5194091796875,1.6065673828125,2.4473876953125
0.7225,-4.6395263671875,0.9259033203125,3.2081298828125
0.723,-3.8387451171875,-0.1551513671875,3.4483642578125
0.7235,-3.8387451171875,-0.7156982421875,3.9688720703125
0.724,-2.7576904296875,-1.7567138671875,3.9288330078125
0.7245,-2.4373779296875,-2.3572998046875,4.1690673828125
0.725,-1.5565185546875,-3.2381591796875,4.1290283203125
0.7255,-0.7957763671875,-3.7586669921875,3.8487548828125
0.726,0.0050048828125,-4.1190185546875,3.5284423828125
0.7265,0.7657470703125,-4.4793701171875,3.0880126953125
0.727,1.7667236328125,-4.5594482421875,2.1671142578125
0.7275,2.4073486328125,-4.6395263671875,1.6466064453125
0.728,3.1680908203125,-4.7596435546875,0.8858642578125
0.7285,3.4083251953125,-4.1990966796875,0.1251220703125
0.729,3.8487548828125,-4.1190185546875,-0.3553466796875
0.7295,3.8487548828125,-3.1981201171875,-1.1961669921875
0.73,3.9688720703125,-2.7176513671875,-1.7967529296875
0.7305,3.9288330078125,-1.9569091796875,-2.5174560546875
0.731,3.8487548828125,-1.2762451171875,-3.0780029296875
0.7315,3.1680908203125,-0.3153076171875,-3.3582763671875
0.732,3.0479736328125,0.2852783203125,-3.7987060546875
0.7325,2.0870361328125,1.3262939453125,-3.8387451171875
0.733,1.8468017578125,1.8468017578125,-4.0389404296875
0.7335,0.9659423828125,2.6876220703125,-4.0389404296875
0.734,0.2452392578125,3.0479736328125,-3.6785888671875
0.7345,-0.4354248046875,3.5284423828125,-3.4783935546875
0.735,-1.3162841796875,3.7686767578125,-2.8377685546875
0.7355,-2.1170654296875,3.9688720703125,-2.2371826171875
0.736,-2.7977294921875,3.8887939453125,-1.5965576171875
0.7365,-3.4783935546875,3.9688720703125,-0.9959716796875
0.737,-3.7186279296875,3.3682861328125,-0.1951904296875
0.7375,-4.1190185546875,3.4083251953125,0.2852783203125
0.738,-4.1190185546875,2.4874267578125,1.2061767578125
0.7385,-4.3192138671875,2.1671142578125,1.7266845703125
0.739,-4.3192138671875,1.2862548828125,2.5274658203125
0.7395,-4.0389404296875,0.6055908203125,2.9278564453125
0.74,-3.5584716796875,-0.3153076171875,3.3282470703125
0.7405,-3.2781982421875,-0.9559326171875,3.6485595703125
0.741,-2.5174560546875,-1.8768310546875,3.7686767578125
0.7415,-2.0770263671875,-2.4373779296875,3.8887939453125
0.742,-1.3162841796875,-3.1981201171875,3.8887939453125
0.7425,-0.5955810546875,-3.5584716796875,3.4884033203125
0.743,0.0450439453125,-4.0389404296875,3.3682861328125
0.7435,1.0860595703125,-4.1590576171875,2.5274658203125
0.744,1.7667236328125,-4.4793701171875,2.0469970703125
0.7445,2.4473876953125,-4.4393310546875,1.3262939453125
0.745,2.9678955078125,-4.3992919921875,0.7657470703125
0.7455,3.2081298828125,-3.8387451171875,0.0850830078125
0.746,3.5684814453125,-3.7186279296875,-0.3953857421875
0.7465,3.6885986328125,-2.8778076171875,-1.3563232421875
0.747,3.7686767578125,-2.5174560546875,-1.8367919921875
0.7475,3.8487548828125,-1.7166748046875,-2.5975341796875
0.748,3.3282470703125,-0.9158935546875,-2.9178466796875
0.7485,3.0479736328125,-0.1551513671875,-3.3983154296875
0.749,2.4874267578125,0.6456298828125,-3.5584716796875
0.7495,1.9669189453125,1.4464111328125,-3.8387451171875
0.75,1.4464111328125,1.9669189453125,-3.8387451171875
0.7505,0.7657470703125,2.7276611328125,-3.8387451171875
0.751,-0.0750732421875,3.0079345703125,-3.3582763671875
0.7515,-0.6356201171875,3.5284423828125,-3.2381591796875
0.752,-1.7567138671875,3.5684814453125,-2.3172607421875
0.7525,-2.3572998046875,3.8487548828125,-1.9569091796875
0.753,-3.0379638671875,3.7286376953125,-1.2362060546875
0.7535,-3.4783935546875,3.6485595703125,-0.6356201171875
0.754,-3.7186279296875,3.2081298828125,0.0450439453125
0.7545,-3.9588623046875,2.8878173828125,0.6055908203125
0.755,-4.1590576171875,2.1671142578125,1.5264892578125
0.7555,-4.1590576171875,1.6866455078125,1.9669189453125
0.756,-4.1990966796875,0.9659423828125,2.7276611328125
0.7565,-3.5985107421875,0.0850830078125,3.0479736328125
0.757,-3.4783935546875,-0.5955810546875,3.5284423828125
0.7575,-2.6776123046875,-1.4764404296875,3.5684814453125
0.758,-2.2772216796875,-2.1971435546875,3.8487548828125
0.7585,-1.5965576171875,-2.7576904296875,3.6885986328125
0.759,-0.9559326171875,-3.3983154296875,3.6885986328125
0.7595,-0.1551513671875,-3.6785888671875,3.1680908203125
0.76,0.5255126953125,-4.1990966796875,2.9678955078125
0.7605,1.6466064453125,-4.3192138671875,2.0069580078125
0.761,2.2071533203125,-4.4793701171875,1.5665283203125
0.7615,2.8477783203125,-4.3592529296875,0.9259033203125
0.762,3.1680908203125,-4.0389404296875,0.2852783203125
0.7625,3.4884033203125,-3.7987060546875,-0.3153076171875
0.763,3.6085205078125,-3.1180419921875,-1.0360107421875
0.7635,3.8487548828125,-2.5574951171875,-1.8367919921875
0.764,3.6885986328125,-1.9168701171875,-2.3172607421875
0.7645,3.6885986328125,-1.1961669921875,-3.0379638671875
0.765,2.9678955078125,-0.1951904296875,-3.1981201171875
0.7655,2.8878173828125,0.4053955078125,-3.7186279296875
0.766,1.9268798828125,1.4063720703125,-3.7586669921875
0.7665,1.6065673828125,2.0469970703125,-3.9989013671875
0.767,0.7657470703125,2.6075439453125,-3.7987060546875
0.7675,0.1251220703125,3.1680908203125,-3.6785888671875
0.768,-0.6756591796875,3.3682861328125,-3.1580810546875
0.7685,-1.4364013671875,3.6885986328125,-2.7176513671875
0.769,-2.5174560546875,3.8487548828125,-1.8768310546875
0.7695,-2.9578857421875,3.8487548828125,-1.2762451171875
0.77,-3.5985107421875,3.7686767578125,-0.5955810546875
0.7705,-3.7987060546875,3.2081298828125,0.1251220703125
0.771,-4.0789794921875,3.0079345703125,0.6456298828125
0.7715,-4.1190185546875,2.1671142578125,1.4864501953125
0.772,-4.3192138671875,1.7266845703125,2.1671142578125
0.7725,-3.9989013671875,0.9259033203125,2.6475830078125
0.773,-3.9989013671875,0.2452392578125,3.2081298828125
0.7735,-3.1981201171875,-0.7156982421875,3.3682861328125
0.774,-3.0780029296875,-1.2762451171875,3.7686767578125
0.7745,-2.0770263671875,-2.3172607421875,3.8487548828125
0.775,-1.7166748046875,-2.7977294921875,3.8487548828125
0.7755,-0.9158935546875,-3.4383544921875,3.6885986328125
0.776,-0.2352294921875,-3.8787841796875,3.4083251953125
0.7765,0.5255126953125,-4.1590576171875,2.9678955078125
0.777,1.4063720703125,-4.3992919921875,2.2872314453125
0.7775,2.4073486328125,-4.5594482421875,1.5665283203125
0.778,2.7276611328125,-4.2791748046875,0.9659423828125
0.7785,3.4083251953125,-4.3592529296875,0.3653564453125
0.779,3.5284423828125,-3.7186279296875,-0.3953857421875
0.7795,3.8487548828125,-3.4783935546875,-0.9158935546875
0.78,3.8887939453125,-2.5574951171875,-1.9168701171875
0.7805,4.0089111328125,-2.0770263671875,-2.4774169921875
0.781,3.6885986328125,-1.1561279296875,-2.9979248046875
0.7815,3.4884033203125,-0.4754638671875,-3.5184326171875
0.782,2.7276611328125,0.5255126953125,-3.7186279296875
0.7825,2.4073486328125,1.2061767578125,-3.9989013671875
0.783,1.5264892578125,2.2471923828125,-4.1990966796875
0.7835,0.9259033203125,2.6876220703125,-3.9989013671875
0.784,0.1251220703125,3.3682861328125,-3.9188232421875
0.7845,-0.6756591796875,3.6485595703125,-3.3983154296875
0.785,-1.4364013671875,3.9288330078125,-2.9578857421875
0.7855,-2.5174560546875,4.1290283203125,-2.0369873046875
0.786,-3.3983154296875,4.3292236328125,-1.3162841796875
0.7865,-3.7586669921875,3.8087158203125,-0.5155029296875
0.787,-4.3592529296875,3.8087158203125,0.0850830078125
0.7875,-4.3192138671875,2.9678955078125,0.8858642578125
0.788,-4.4793701171875,2.5675048828125,1.4464111328125
0.7885,-4.5994873046875,1.5665283203125,2.5274658203125
0.789,-4.4793701171875,0.9659423828125,3.0079345703125
0.7895,-3.9989013671875,0.0050048828125,3.4884033203125
0.79,-3.6785888671875,-0.7156982421875,3.8487548828125
0.7905,-2.9178466796875,-1.5565185546875,3.8887939453125
0.791,-2.3973388671875,-2.2772216796875,4.0489501953125
0.7915,-1.5565185546875,-3.2781982421875,4.1690673828125
0.792,-0.7957763671875,-3.6785888671875,3.7286376953125
0.7925,-0.1551513671875,-4.2791748046875,3.7286376953125
0.793,0.7257080078125,-4.3992919921875,2.9278564453125
0.7935,1.4063720703125,-4.5994873046875,2.5675048828125
0.794,2.5274658203125,-4.7596435546875,1.6065673828125
0.7945,3.2081298828125,-4.7996826171875,0.9659423828125
0.795,3.5284423828125,-4.2391357421875,0.1651611328125
0.7955,3.9688720703125,-4.1990966796875,-0.3553466796875
0.796,4.0089111328125,-3.3983154296875,-1.1561279296875
0.7965,4.0889892578125,-2.9178466796875,-1.7567138671875
0.797,4.3292236328125,-2.0770263671875,-2.7977294921875
0.7975,3.9688720703125,-1.2762451171875,-3.1981201171875
0.798,3.6885986328125,-0.3553466796875,-3.7586669921875
0.7985,3.0880126953125,0.4854736328125,-3.9989013671875
0.799,2.4874267578125,1.2862548828125,-4.1590576171875
0.7995,1.7667236328125,2.1270751953125,-4.2791748046875
0.8,1.0059814453125,3.0479736328125,-4.4793701171875
0.8005,0.1251220703125,3.3282470703125,-3.8387451171875
0.801,-0.5155029296875,4.0089111328125,-3.9188232421875
0.8015,-1.5565185546875,4.1290283203125,-2.9178466796875
0.802,-2.2772216796875,4.3292236328125,-2.4774169921875
0.8025,-3.3983154296875,4.4893798828125,-1.4364013671875
0.803,-3.9989013671875,4.3292236328125,-0.7156982421875
0.8035,-4.3592529296875,3.8087158203125,0.1251220703125
0.804,-4.7196044921875,3.5284423828125,0.7257080078125
0.8045,-4.7196044921875,2.6475830078125,1.5665283203125
0.805,-4.7596435546875,2.0469970703125,2.2471923828125
0.8055,-4.9598388671875,1.1260986328125,3.2882080078125
0.806,-4.3192138671875,0.2052001953125,3.5684814453125
0.8065,-4.0389404296875,-0.6356201171875,4.1290283203125
0.807,-3.2781982421875,-1.5565185546875,4.2091064453125
0.8075,-2.5975341796875,-2.3172607421875,4.3292236328125
0.808,-1.7967529296875,-3.1981201171875,4.3292236328125
0.8085,-0.9959716796875,-4.0789794921875,4.3292236328125
0.809,-0.0750732421875,-4.2791748046875,3.6485595703125
0.8095,0.5255126953125,-4.7596435546875,3.6085205078125
0.81,1.6466064453125,-4.8397216796875,2.4874267578125
0.8105,2.2872314453125,-4.8797607421875,2.0069580078125
0.811,3.3682861328125,-4.9998779296875,1.0059814453125
0.8115,3.7686767578125,-4.6395263671875,0.2852783203125
0.812,4.0889892578125,-4.2391357421875,-0.4354248046875
0.8125,4.3292236328125,-3.7987060546875,-1.0760498046875
0.813,4.3292236328125,-2.9578857421875,-1.9168701171875
0.8135,4.2891845703125,-2.2772216796875,-2.5174560546875
0.814,4.4893798828125,-1.5164794921875,-3.4783935546875
0.8145,3.6485595703125,-0.4754638671875,-3.6785888671875
0.815,3.5284423828125,0.2852783203125,-4.1990966796875
0.8155,2.5274658203125,1.2862548828125,-4.2391357421875
0.816,2.0469970703125,1.9268798828125,-4.4393310546875
0.8165,1.2061767578125,2.8077392578125,-4.4793701171875
0.817,0.4053955078125,3.5284423828125,-4.3592529296875
0.8175,-0.5155029296875,3.8487548828125,-3.7186279296875
0.818,-1.1561279296875,4.3292236328125,-3.5584716796875
0.8185,-2.3172607421875,4.4093017578125,-2.4373779296875
0.819,-2.9178466796875,4.4893798828125,-1.9569091796875
0.8195,-3.9989013671875,4.5294189453125,-0.9959716796875
0.82,-4.3192138671875,4.0489501953125,-0.1551513671875
0.8205,-4.7196044921875,3.7686767578125,0.5655517578125
0.821,-4.8797607421875,3.1280517578125,1.2862548828125
0.8215,-4.9197998046875,2.2471923828125,2.2071533203125
0.822,-4.8397216796875,1.5665283203125,2.8077392578125
0.8225,-4.9598388671875,0.7257080078125,3.6885986328125
0.823,-4.0389404296875,-0.3953857421875,3.8887939453125
0.8235,-3.9588623046875,-1.0360107421875,4.4093017578125
0.824,-2.7977294921875,-2.2772216796875,4.3292236328125
0.8245,-2.2772216796875,-2.9578857421875,4.4893798828125
0.825,-1.2762451171875,-3.7586669921875,4.4093017578125
0.8255,-0.4754638671875,-4.3592529296875,4.1290283203125
0.826,0.4454345703125,-4.5994873046875,3.5284423828125
0.8265,1.2462158203125,-5.0399169921875,3.1680908203125
0.827,2.4073486328125,-5.0399169921875,1.9669189453125
0.8275,2.9278564453125,-4.9998779296875,1.4464111328125
0.828,3.8487548828125,-4.9998779296875,0.6055908203125
0.8285,4.0089111328125,-4.3592529296875,-0.2752685546875
0.829,4.3292236328125,-4.0789794921875,-0.7957763671875
0.8295,4.4093017578125,-3.1981201171875,-1.7567138671875
0.83,4.4093017578125,-2.5174560546875,-2.4373779296875
0.8305,4.2491455078125,-1.6766357421875,-3.0780029296875
0.831,4.2091064453125,-0.9559326171875,-3.7186279296875
0.8315,3.2481689453125,0.1651611328125,-3.8787841796875
0.832,3.1680908203125,0.7657470703125,-4.3592529296875
0.8325,1.9669189453125,1.9268798828125,-4.3592529296875
0.833,1.5665283203125,2.4874267578125,-4.4393310546875
0.8335,0.6456298828125,3.3282470703125,-4.3192138671875
0.834,-0.2352294921875,3.8087158203125,-3.9188232421875
0.8345,-0.9959716796875,4.0889892578125,-3.4783935546875
0.835,-1.8768310546875,4.4093017578125,-2.9178466796875
0.8355,-2.9178466796875,4.4893798828125,-1.9569091796875
0.836,-3.4383544921875,4.4093017578125,-1.3563232421875
0.8365,-4.2791748046875,4.3692626953125,-0.5555419921875
0.837,-4.4793701171875,3.6885986328125,0.3253173828125
0.8375,-4.7996826171875,3.4884033203125,0.8858642578125
0.838,-4.7996826171875,2.4073486328125,1.9268798828125
0.8385,-4.8797607421875,1.9268798828125,2.5274658203125
0.839,-4.7196044921875,0.9659423828125,3.2081298828125
0.8395,-4.5194091796875,0.1651611328125,3.8487548828125
0.84,-3.6785888671875,-0.9559326171875,4.0089111328125
0.8405,-3.4783935546875,-1.5965576171875,4.4093017578125
0.841,-2.2772216796875,-2.7576904296875,4.4093017578125
0.8415,-1.8367919921875,-3.1981201171875,4.4093017578125
0.842,-0.8758544921875,-4.0389404296875,4.2491455078125
0.8425,0.0050048828125,-4.4393310546875,3.8087158203125
0.843,0.7657470703125,-4.7196044921875,3.3282470703125
0.8435,1.7667236328125,-4.9598388671875,2.5274658203125
0.844,2.8077392578125,-5.0399169921875,1.6466064453125
0.8445,3.2481689453125,-4.7996826171875,0.9659423828125
0.845,3.9688720703125,-4.7596435546875,0.2452392578125
0.8455,4.0489501953125,-3.9588623046875,-0.6356201171875
0.846,4.3292236328125,-3.7987060546875,-1.1160888671875
0.8465,4.3292236328125,-2.5975341796875,-2.1971435546875
0.847,4.3292236328125,-2.1571044921875,-2.6776123046875
0.8475,4.0889892578125,-1.2362060546875,-3.3582763671875
0.848,3.6885986328125,-0.4754638671875,-3.8387451171875
0.8485,2.9278564453125,0.5255126953125,-3.9989013671875
0.849,2.6075439453125,1.2462158203125,-4.2391357421875
0.8495,1.5665283203125,2.3272705078125,-4.3192138671875
0.85,1.1260986328125,2.6876220703125,-4.2391357421875
0.8505,0.2852783203125,3.4884033203125,-4.1190185546875
0.851,-0.5955810546875,3.7686767578125,-3.5584716796875
0.8515,-1.2762451171875,4.1290283203125,-3.1981201171875
0.852,-2.3572998046875,4.2091064453125,-2.2772216796875
0.8525,-3.1580810546875,4.3692626953125,-1.6365966796875
0.853,-3.5985107421875,4.0489501953125,-0.8758544921875
0.8535,-4.2391357421875,4.0089111328125,-0.2352294921875
0.854,-4.3192138671875,3.2481689453125,0.6055908203125
0.8545,-4.5594482421875,3.0880126953125,1.0860595703125
0.855,-4.6395263671875,1.9669189453125,2.1671142578125
0.8555,-4.6395263671875,1.5665283203125,2.5675048828125
0.856,-4.4393310546875,0.6055908203125,3.2882080078125
0.8565,-3.9989013671875,-0.2752685546875,3.6485595703125
0.857,-3.3983154296875,-1.1160888671875,3.9688720703125
0.8575,-2.8778076171875,-1.8768310546875,4.1290283203125
0.858,-2.0369873046875,-2.8778076171875,4.2891845703125
0.8585,-1.4364013671875,-3.2781982421875,4.0889892578125
0.859,-0.6356201171875,-4.0389404296875,4.0089111328125
0.8595,0.2852783203125,-4.2391357421875,3.3282470703125
0.86,0.9259033203125,-4.6395263671875,3.0880126953125
0.8605,2.0469970703125,-4.7196044921875,2.0469970703125
0.861,2.7677001953125,-4.8397216796875,1.4864501953125
0.8615,3.2481689453125,-4.5194091796875,0.6456298828125
0.862,3.7686767578125,-4.3592529296875,0.0450439453125
0.8625,3.8487548828125,-3.7186279296875,-0.7156982421875
0.863,4.0489501953125,-3.3582763671875,-1.2762451171875
0.8635,4.1690673828125,-2.3973388671875,-2.3172607421875
0.864,4.0089111328125,-1.8768310546875,-2.6776123046875
0.8645,3.8487548828125,-0.9959716796875,-3.3983154296875
0.865,3.1680908203125,0.0050048828125,-3.5985107421875
0.8655,2.8077392578125,0.6856689453125,-3.9188232421875
0.866,2.0069580078125,1.5665283203125,-3.9989013671875
0.8665,1.5264892578125,2.3673095703125,-4.1990966796875
0.867,0.7257080078125,2.7677001953125,-3.8387451171875
0.8675,0.0450439453125,3.4483642578125,-3.8387451171875
0.868,-0.7957763671875,3.5284423828125,-3.1180419921875
0.8685,-1.4364013671875,3.8887939453125,-2.8778076171875
0.869,-2.5574951171875,4.0089111328125,-1.8367919921875
0.8695,-3.0780029296875,4.0089111328125,-1.3963623046875
0.87,-3.5985107421875,3.8087158203125,-0.5955810546875
0.8705,-3.9188232421875,3.4884033203125,0.0050048828125
0.871,-4.1190185546875,3.0079345703125,0.6456298828125
0.8715,-4.1990966796875,2.4473876953125,1.4063720703125
0.872,-4.4793701171875,1.7667236328125,2.1671142578125
0.8725,-4.1590576171875,1.1260986328125,2.5274658203125
0.873,-4.1590576171875,0.4053955078125,3.2481689453125
0.8735,-3.4383544921875,-0.5555419921875,3.4083251953125
0.874,-3.2381591796875,-1.1561279296875,3.8487548828125
0.8745,-2.3172607421875,-2.1170654296875,3.8487548828125
0.875,-1.9569091796875,-2.7176513671875,4.0489501953125
0.8755,-1.1561279296875,-3.1981201171875,3.6885986328125
0.876,-0.5155029296875,-3.8387451171875,3.6885986328125
0.8765,0.3653564453125,-3.9989013671875,3.0479736328125
0.877,1.0860595703125,-4.3592529296875,2.6876220703125
0.8775,2.1671142578125,-4.5594482421875,1.7667236328125
0.878,2.5675048828125,-4.4393310546875,1.2862548828125
0.8785,3.1680908203125,-4.3592529296875,0.6055908203125
0.879,3.4083251953125,-3.8787841796875,-0.1151123046875
0.8795,3.7686767578125,-3.6785888671875,-0.7957763671875
0.88,3.7286376953125,-2.8377685546875,-1.4364013671875
0.8805,4.0089111328125,-2.3973388671875,-2.2772216796875
0.881,3.5684814453125,-1.4764404296875,-2.5975341796875
0.8815,3.5684814453125,-0.8358154296875,-3.2381591796875
0.882,2.7276611328125,0.1651611328125,-3.3582763671875
0.8825,2.6075439453125,0.7257080078125,-3.7586669921875
0.883,1.7266845703125,1.7667236328125,-3.8787841796875
0.8835,1.3262939453125,2.2471923828125,-3.9588623046875
0.884,0.4854736328125,2.8077392578125,-3.6785888671875
0.8845,-0.1551513671875,3.2481689453125,-3.4783935546875
0.885,-0.9559326171875,3.4884033203125,-2.9578857421875
0.8855,-1.7166748046875,3.7286376953125,-2.3973388671875
0.886,-2.7176513671875,3.9688720703125,-1.6766357421875
0.8865,-3.0379638671875,3.6485595703125,-1.0360107421875
0.887,-3.6785888671875,3.6885986328125,-0.5155029296875
0.8875,-3.7186279296875,3.1280517578125,0.2852783203125
0.888,-4.0389404296875,2.8077392578125,0.7257080078125
0.8885,-4.0789794921875,2.0469970703125,1.6065673828125
0.889,-4.3192138671875,1.5665283203125,2.2471923828125
0.8895,-3.8787841796875,0.6456298828125,2.6876220703125
0.89,-3.8387451171875,0.0850830078125,3.2481689453125
0.8905,-3.0780029296875,-0.9158935546875,3.4083251953125
0.891,-2.8377685546875,-1.4764404296875,3.6885986328125
0.8915,-2.0369873046875,-2.4373779296875,3.8887939453125
0.892,-1.5565185546875,-2.8778076171875,3.7686767578125
0.8925,-0.7957763671875,-3.5584716796875,3.6885986328125
0.893,0.0050048828125,-3.8387451171875,3.2081298828125
0.8935,0.6856689453125,-4.1190185546875,2.8477783203125
0.894,1.6065673828125,-4.3592529296875,2.0870361328125
0.8945,2.4874267578125,-4.5194091796875,1.4864501953125
0.895,2.8077392578125,-4.1190185546875,0.7657470703125
0.8955,3.3682861328125,-4.2791748046875,0.2052001953125
0.896,3.4483642578125,-3.5584716796875,-0.5155029296875
0.8965,3.5684814453125,-3.2381591796875,-0.9959716796875
0.897,3.8487548828125,-2.4373779296875,-1.9569091796875
0.8975,3.8087158203125,-1.8768310546875,-2.4774169921875
0.898,3.4483642578125,-0.9559326171875,-3.0379638671875
0.8985,3.1680908203125,-0.1951904296875,-3.3983154296875
0.899,2.5274658203125,0.6055908203125,-3.5985107421875
0.8995,2.0870361328125,1.3262939453125,-3.8387451171875
0.9,1.4063720703125,2.2471923828125,-4.0789794921875
0.9005,0.6856689453125,2.6075439453125,-3.6785888671875
0.901,0.0850830078125,3.2882080078125,-3.7186279296875
0.9015,-0.7957763671875,3.4884033203125,-3.0780029296875
0.902,-1.5164794921875,3.8087158203125,-2.6375732421875
0.9025,-2.5174560546875,3.9688720703125,-1.7967529296875
0.903,-3.1981201171875,4.0089111328125,-1.2362060546875
0.9035,-3.5584716796875,3.5684814453125,-0.3953857421875
0.904,-3.9989013671875,3.4483642578125,0.0450439453125
0.9045,-3.9588623046875,2.7276611328125,0.8057861328125
0.905,-4.1990966796875,2.2872314453125,1.4063720703125
0.9055,-4.4393310546875,1.5264892578125,2.4073486328125
0.906,-4.1190185546875,0.8057861328125,2.8077392578125
0.9065,-3.8787841796875,0.0050048828125,3.3282470703125
0.907,-3.3582763671875,-0.7957763671875,3.5284423828125
0.9075,-2.8377685546875,-1.5164794921875,3.7686767578125
0.908,-2.1971435546875,-2.2772216796875,3.8487548828125
0.9085,-1.5164794921875,-3.1580810546875,4.0089111328125
0.909,-0.6756591796875,-3.4383544921875,3.4884033203125
0.9095,-0.1551513671875,-4.0389404296875,3.5684814453125
0.91,0.8458251953125,-4.1590576171875,2.6876220703125
0.9105,1.4864501953125,-4.4393310546875,2.3272705078125
0.911,2.5274658203125,-4.5594482421875,1.4464111328125
0.9115,3.0079345703125,-4.5194091796875,0.7657470703125
0.912,3.3682861328125,-4.1590576171875,0.1251220703125
0.9125,3.6885986328125,-3.8787841796875,-0.3953857421875
0.913,3.7686767578125,-3.1580810546875,-1.1561279296875
0.9135,3.8487548828125,-2.5975341796875,-1.7967529296875
0.914,4.1290283203125,-1.9569091796875,-2.7176513671875
0.9145,3.5284423828125,-0.9959716796875,-2.9578857421875
0.915,3.3682861328125,-0.3153076171875,-3.5584716796875
0.9155,2.6475830078125,0.6055908203125,-3.6785888671875
0.916,2.2471923828125,1.2862548828125,-3.9188232421875
0.9165,1.5264892578125,2.1270751953125,-4.0389404296875
0.917,0.8858642578125,2.8477783203125,-4.0789794921875
0.9175,0.0450439453125,3.1680908203125,-3.5584716796875
0.918,-0.5555419921875,3.7286376953125,-3.5584716796875
0.9185,-1.5965576171875,3.8487548828125,-2.5975341796875
0.919,-2.2772216796875,4.0889892578125,-2.1971435546875
0.9195,-3.3582763671875,4.2091064453125,-1.3162841796875
0.92,-3.7186279296875,3.8487548828125,-0.6356201171875
0.9205,-4.1590576171875,3.6085205078125,0.0450439453125
0.921,-4.3592529296875,3.1680908203125,0.7657470703125
0.9215,-4.4793701171875,2.4073486328125,1.5665283203125
0.922,-4.5194091796875,1.7667236328125,2.2471923828125
0.9225,-4.6795654296875,1.0460205078125,3.1680908203125
0.923,-3.8787841796875,0.0050048828125,3.4083251953125
0.9235,-3.8787841796875,-0.6756591796875,3.9688720703125
0.924,-2.8778076171875,-1.7166748046875,3.9688720703125
0.9245,-2.3973388671875,-2.4373779296875,4.1690673828125
0.925,-1.5565185546875,-3.2381591796875,4.1290283203125
0.9255,-0.7557373046875,-3.8787841796875,3.9688720703125
0.926,0.0450439453125,-4.1590576171875,3.4884033203125
0.9265,0.7657470703125,-4.5994873046875,3.1680908203125
0.927,1.9268798828125,-4.6395263671875,2.0870361328125
0.9275,2.5274658203125,-4.7596435546875,1.5665283203125
0.928,3.4083251953125,-4.8397216796875,0.7657470703125
0.9285,3.6485595703125,-4.2791748046875,0.0050048828125
0.929,3.9688720703125,-3.9989013671875,-0.5155029296875
0.9295,4.0889892578125,-3.2381591796875,-1.3563232421875
0.93,4.1290283203125,-2.5975341796875,-2.0770263671875
0.9305,4.0489501953125,-1.8768310546875,-2.6776123046875
0.931,4.0889892578125,-1.1561279296875,-3.3983154296875
0.9315,3.2081298828125,-0.1151123046875,-3.5584716796875
0.932,3.1680908203125,0.4854736328125,-3.9989013671875
0.9325,2.0469970703125,1.5665283203125,-4.0389404296875
0.933,1.7266845703125,2.1671142578125,-4.2391357421875
0.9335,0.8458251953125,3.0079345703125,-4.1990966796875
0.934,0.0450439453125,3.5284423828125,-3.8787841796875
0.9345,-0.7156982421875,3.8487548828125,-3.4783935546875
0.935,-1.5565185546875,4.2091064453125,-3.0379638671875
0.9355,-2.5975341796875,4.2091064453125,-2.0770263671875
0.936,-3.1981201171875,4.2091064453125,-1.5565185546875
0.9365,-3.9989013671875,4.2491455078125,-0.7156982421875
0.937,-4.2391357421875,3.6885986328125,0.1251220703125
0.9375,-4.5994873046875,3.4884033203125,0.6856689453125
0.938,-4.6795654296875,2.5274658203125,1.6466064453125
0.9385,-4.7996826171875,1.9268798828125,2.3673095703125
0.939,-4.6395263671875,1.1260986328125,3.0479736328125
0.9395,-4.5194091796875,0.3253173828125,3.7286376953125
0.94,-3.7186279296875,-0.7957763671875,3.9288330078125
0.9405,-3.5584716796875,-1.3963623046875,4.3292236328125
0.941,-2.3172607421875,-2.6375732421875,4.3292236328125
0.9415,-1.8768310546875,-3.1580810546875,4.3692626953125
0.942,-0.9158935546875,-3.9588623046875,4.2091064453125
0.9425,0.0050048828125,-4.4393310546875,3.8487548828125
0.943,0.7257080078125,-4.6795654296875,3.3282470703125
0.9435,1.7667236328125,-5.0399169921875,2.6075439453125
0.944,2.8477783203125,-5.1199951171875,1.6065673828125
0.9445,3.3282470703125,-4.8797607421875,0.9259033203125
0.945,4.0089111328125,-4.7996826171875,0.2052001953125
0.9455,4.0889892578125,-3.9989013671875,-0.6356201171875
0.946,4.3292236328125,-3.7987060546875,-1.1561279296875
0.9465,4.3692626953125,-2.6375732421875,-2.2371826171875
0.947,4.3292236328125,-2.1170654296875,-2.7977294921875
0.9475,4.0889892578125,-1.1561279296875,-3.3983154296875
0.948,3.8087158203125,-0.3153076171875,-3.9188232421875
0.9485,2.9278564453125,0.6456298828125,-4.0389404296875
0.949,2.6075439453125,1.3262939453125,-4.3592529296875
0.9495,1.5264892578125,2.4874267578125,-4.3592529296875
0.95,1.0860595703125,2.8477783203125,-4.2791748046875
0.9505,0.1651611328125,3.6485595703125,-4.1590576171875
0.951,-0.7156982421875,3.9288330078125,-3.5584716796875
0.9515,-1.3563232421875,4.1690673828125,-3.2381591796875
0.952,-2.4774169921875,4.3292236328125,-2.3172607421875
0.9525,-3.3582763671875,4.4893798828125,-1.5965576171875
0.953,-3.8387451171875,4.1690673828125,-0.7957763671875
0.9535,-4.5194091796875,4.1290283203125,0.0050048828125
0.954,-4.5194091796875,3.3282470703125,0.8057861328125
0.9545,-4.8397216796875,3.0880126953125,1.2862548828125
0.955,-4.8397216796875,1.9268798828125,2.4073486328125
0.9555,-4.8397216796875,1.4464111328125,2.8477783203125
0.956,-4.5594482421875,0.4854736328125,3.5684814453125
0.9565,-4.1990966796875,-0.3953857421875,4.0089111328125
0.957,-3.4783935546875,-1.3563232421875,4.2091064453125
0.9575,-2.9578857421875,-2.0770263671875,4.4493408203125
0.958,-1.9168701171875,-3.2381591796875,4.5294189453125
0.9585,-1.2762451171875,-3.6785888671875,4.2891845703125
0.959,-0.3953857421875,-4.4793701171875,4.1690673828125
0.9595,0.5255126953125,-4.7196044921875,3.5284423828125
0.96,1.2462158203125,-5.0399169921875,3.1280517578125
0.9605,2.4874267578125,-5.1600341796875,1.9669189453125
0.961,3.3282470703125,-5.2000732421875,1.2462158203125
0.9615,3.7686767578125,-4.7196044921875,0.3653564453125
0.962,4.3692626953125,-4.6395263671875,-0.3153076171875
0.9625,4.3292236328125,-3.7186279296875,-1.1561279296875
0.963,4.4893798828125,-3.3582763671875,-1.6766357421875
0.9635,4.5294189453125,-2.2371826171875,-2.8778076171875
0.964,4.3292236328125,-1.5565185546875,-3.2781982421875
0.9645,3.9688720703125,-0.5555419921875,-3.8787841796875
0.965,3.3682861328125,0.3653564453125,-4.1590576171875
0.9655,2.6876220703125,1.2061767578125,-4.2791748046875
0.966,2.0069580078125,1.9669189453125,-4.3592529296875
0.9665,1.1661376953125,3.0079345703125,-4.5194091796875
0.967,0.3653564453125,3.3282470703125,-4.0389404296875
0.9675,-0.3953857421875,3.9688720703125,-4.0389404296875
0.968,-1.2762451171875,4.0089111328125,-3.1981201171875
0.9685,-1.9168701171875,4.3292236328125,-2.8778076171875
0.969,-3.1180419921875,4.4493408203125,-1.7567138671875
0.9695,-3.7586669921875,4.4493408203125,-1.0760498046875
0.97,-4.1990966796875,3.9688720703125,-0.1951904296875
0.9705,-4.6395263671875,3.8087158203125,0.4053955078125
0.971,-4.6395263671875,3.0079345703125,1.2061767578125
0.9715,-4.7596435546875,2.5274658203125,1.7667236328125
0.972,-4.9197998046875,1.5665283203125,2.8477783203125
0.9725,-4.5594482421875,0.9259033203125,3.1680908203125
0.973,-4.3592529296875,0.0050048828125,3.8487548828125
0.9735,-3.6785888671875,-0.9959716796875,4.0889892578125
0.974,-3.1981201171875,-1.7166748046875,4.3292236328125
0.9745,-2.3172607421875,-2.6375732421875,4.3692626953125
0.975,-1.5965576171875,-3.5584716796875,4.4893798828125
0.9755,-0.7557373046875,-3.9188232421875,3.9688720703125
0.976,0.0050048828125,-4.6795654296875,3.9688720703125
0.9765,0.9659423828125,-4.7596435546875,3.0880126953125
0.977,1.6466064453125,-4.9998779296875,2.6876220703125
0.9775,2.9278564453125,-5.1199951171875,1.5665283203125
0.978,3.4884033203125,-4.9998779296875,0.8858642578125
0.9785,3.9688720703125,-4.5594482421875,0.0050048828125
0.979,4.2891845703125,-4.2391357421875,-0.6356201171875
0.9795,4.3292236328125,-3.5184326171875,-1.3963623046875
0.98,4.3292236328125,-2.8377685546875,-2.0770263671875
0.9805,4.6094970703125,-1.9569091796875,-3.1580810546875
0.981,3.9688720703125,-1.0360107421875,-3.4383544921875
0.9815,3.8087158203125,-0.1951904296875,-4.0389404296875
0.982,2.8878173828125,0.7657470703125,-4.1190185546875
0.9825,2.4874267578125,1.4063720703125,-4.3192138671875
0.983,1.5264892578125,2.4073486328125,-4.3192138671875
0.9835,0.8858642578125,3.1280517578125,-4.3992919921875
0.984,-0.0750732421875,3.4483642578125,-3.7987060546875
0.9845,-0.6756591796875,4.0089111328125,-3.7586669921875
0.985,-1.6365966796875,4.0489501953125,-2.8377685546875
0.9855,-2.2772216796875,4.2491455078125,-2.3572998046875
0.986,-3.4783935546875,4.4093017578125,-1.3563232421875
0.9865,-3.7987060546875,4.0089111328125,-0.6356201171875
0.987,-4.3192138671875,3.8487548828125,0.0850830078125
0.9875,-4.4793701171875,3.2882080078125,0.7257080078125
0.988,-4.5194091796875,2.7276611328125,1.3262939453125
0.9885,-4.5594482421875,1.9669189453125,2.0870361328125
0.989,-4.7996826171875,1.2862548828125,3.0079345703125
0.9895,-4.1590576171875,0.3653564453125,3.2481689453125
0.99,-4.1590576171875,-0.3153076171875,3.8887939453125
0.9905,-3.1981201171875,-1.3162841796875,3.8887939453125
0.991,-2.9178466796875,-1.9168701171875,4.1690673828125
0.9915,-1.9168701171875,-2.9578857421875,4.2091064453125
0.992,-1.3162841796875,-3.5584716796875,4.1290283203125
0.9925,-0.3953857421875,-3.9989013671875,3.7286376953125
0.993,0.2452392578125,-4.4393310546875,3.5684814453125
0.9935,1.2061767578125,-4.5594482421875,2.7677001953125
0.994,1.9268798828125,-4.7596435546875,2.2471923828125
0.9945,3.0479736328125,-4.9598388671875,1.3262939453125
0.995,3.3282470703125,-4.5194091796875,0.5655517578125
0.9955,3.8887939453125,-4.4393310546875,0.0050048828125
0.996,3.9688720703125,-3.7186279296875,-0.7957763671875
0.9965,4.1290283203125,-3.2381591796875,-1.4364013671875
0.997,4.1290283203125,-2.3973388671875,-2.2772216796875
0.9975,4.2891845703125,-1.7967529296875,-3.0379638671875
0.998,3.5284423828125,-0.6756591796875,-3.3582763671875
0.9985,3.4884033203125,0.0050048828125,-3.8787841796875
0.999,2.5274658203125,0.9659423828125,-3.8787841796875
0.9995,2.1671142578125,1.4864501953125,-4.1590576171875
