wavelength,x,y,z
0.0,-3.283203125,5.365234375,-1.1611328125
0.0005,-2.001953125,5.5654296875,-2.642578125
0.001,-0.6806640625,5.765625,-4.2041015625
0.0015,0.2802734375,5.9658203125,-5.2451171875
0.002,0.9609375,5.92578125,-6.005859375
0.0025,2.0419921875,5.205078125,-6.4462890625
0.003,3.4833984375,3.84375,-6.7666015625
0.0035,4.7646484375,2.482421875,-7.0068359375
0.004,5.685546875,1.12109375,-6.966796875
0.0045,6.0458984375,0.240234375,-6.7666015625
0.005,6.005859375,-0.640625,-6.2861328125
0.0055,5.6455078125,-1.681640625,-5.1650390625
0.006,5.4052734375,-2.962890625,-3.8837890625
0.0065,5.1650390625,-4.404296875,-2.5224609375
0.007,4.884765625,-5.4453125,-1.361328125
0.0075,4.484375,-6.0458984375,-0.5205078125
0.008,3.6435546875,-6.2861328125,0.48046875
0.0085,2.2822265625,-6.3662109375,1.76171875
0.009,0.8408203125,-6.56640625,3.4033203125
0.0095,-0.48046875,-6.6064453125,4.8046875
0.01,-1.201171875,-6.6865234375,5.6455078125
0.0105,-1.9619140625,-6.486328125,6.326171875
0.011,-3.123046875,-5.4453125,6.6064453125
0.0115,-4.484375,-4.00390625,6.8466796875
0.012,-5.7255859375,-2.5625,6.966796875
0.0125,-6.40625,-1.361328125,6.8466796875
0.013,-6.56640625,-0.560546875,6.5263671875
0.0135,-6.3662109375,0.3603515625,5.8056640625
0.014,-5.9658203125,1.4814453125,4.6044921875
0.0145,-5.7255859375,2.8427734375,3.2431640625
0.015,-5.4853515625,4.2041015625,1.921875
0.0155,-5.125,5.0849609375,0.8408203125
0.016,-4.6044921875,5.5654296875,0.080078125
0.0165,-3.603515625,5.60546875,-1.0009765625
0.017,-2.2421875,5.685546875,-2.4423828125
0.0175,-0.8408203125,5.9658203125,-4.0439453125
0.018,0.3603515625,6.0458984375,-5.2451171875
0.0185,1.0009765625,6.0859375,-6.0458984375
0.019,1.921875,5.60546875,-6.6064453125
0.0195,3.1630859375,4.3642578125,-6.88671875
0.02,4.484375,2.962890625,-7.0869140625
0.0205,5.60546875,1.521484375,-7.0869140625
0.021,6.1259765625,0.4404296875,-6.9267578125
0.0215,6.2060546875,-0.4404296875,-6.56640625
0.022,5.8857421875,-1.3212890625,-5.7255859375
0.0225,5.525390625,-2.5625,-4.3642578125
0.023,5.3251953125,-3.923828125,-3.0830078125
0.0235,5.044921875,-5.1650390625,-1.7216796875
0.024,4.64453125,-5.92578125,-0.80078125
0.0245,4.0439453125,-6.2861328125,0.1201171875
0.025,2.8828125,-6.3662109375,1.2412109375
0.0255,1.44140625,-6.4462890625,2.72265625
0.026,0.080078125,-6.6064453125,4.32421875
0.0265,-0.9609375,-6.6865234375,5.365234375
0.027,-1.6015625,-6.6865234375,6.0859375
0.0275,-2.5625,-5.9658203125,6.5263671875
0.028,-3.8837890625,-4.6044921875,6.7265625
0.0285,-5.1650390625,-3.2431640625,6.966796875
0.029,-6.1259765625,-1.841796875,6.88671875
0.0295,-6.5263671875,-0.9609375,6.6865234375
0.03,-6.4462890625,0.0,6.24609375
0.0305,-6.1259765625,0.9208984375,5.205078125
0.031,-5.8056640625,2.162109375,3.8837890625
0.0315,-5.6455078125,3.603515625,2.5224609375
0.032,-5.3251953125,4.724609375,1.28125
0.0325,-4.884765625,5.3251953125,0.48046875
0.033,-4.1240234375,5.5654296875,-0.5205078125
0.0335,-2.8828125,5.60546875,-1.76171875
0.034,-1.521484375,5.8857421875,-3.283203125
0.0345,-0.2001953125,6.005859375,-4.7646484375
0.035,0.6806640625,6.0859375,-5.7255859375
0.0355,1.4013671875,5.92578125,-6.40625
0.036,2.6025390625,4.96484375,-6.7265625
0.0365,3.9638671875,3.5234375,-7.0068359375
0.037,5.2451171875,2.1220703125,-7.20703125
0.0375,6.005859375,0.80078125,-7.046875
0.038,6.24609375,0.0,-6.806640625
0.0385,6.0859375,-0.9208984375,-6.166015625
0.039,5.7255859375,-2.08203125,-4.96484375
0.0395,5.4853515625,-3.4033203125,-3.603515625
0.04,5.205078125,-4.8447265625,-2.2021484375
0.0405,4.8447265625,-5.765625,-1.1611328125
0.041,4.3642578125,-6.326171875,-0.3203125
0.0415,3.36328125,-6.40625,0.80078125
0.042,1.921875,-6.4462890625,2.2421875
0.0425,0.48046875,-6.646484375,3.8837890625
0.043,-0.7607421875,-6.6865234375,5.125
0.0435,-1.4013671875,-6.7666015625,5.92578125
0.044,-2.2421875,-6.2861328125,6.4462890625
0.0445,-3.5634765625,-5.0849609375,6.7265625
0.045,-4.8447265625,-3.6435546875,6.9267578125
0.0455,-5.9658203125,-2.2421875,6.966796875
0.046,-6.5263671875,-1.12109375,6.7666015625
0.0465,-6.56640625,-0.3603515625,6.40625
0.047,-6.2861328125,0.6005859375,5.5654296875
0.0475,-5.845703125,1.8017578125,4.2841796875
0.048,-5.6455078125,3.1630859375,2.9228515625
0.0485,-5.365234375,4.404296875,1.6015625
0.049,-5.0048828125,5.0849609375,0.6806640625
0.0495,-4.3642578125,5.4853515625,-0.2001953125
0.05,-3.283203125,5.5654296875,-1.28125
0.0505,-1.9619140625,5.7255859375,-2.6826171875
0.051,-0.6005859375,5.8857421875,-4.244140625
0.0515,0.48046875,5.92578125,-5.3251953125
0.052,1.12109375,6.005859375,-6.0859375
0.0525,2.0419921875,5.3251953125,-6.486328125
0.053,3.3232421875,4.0439453125,-6.7265625
0.0535,4.6044921875,2.72265625,-7.0068359375
0.054,5.5654296875,1.3212890625,-6.9267578125
0.0545,6.005859375,0.4404296875,-6.7666015625
0.055,5.9658203125,-0.400390625,-6.3662109375
0.0555,5.6455078125,-1.3212890625,-5.4453125
0.056,5.365234375,-2.5224609375,-4.244140625
0.0565,5.1650390625,-3.9638671875,-2.8828125
0.057,4.9248046875,-5.125,-1.7216796875
0.0575,4.564453125,-5.765625,-0.880859375
0.058,3.8837890625,-6.0458984375,0.080078125
0.0585,2.6826171875,-6.1259765625,1.2412109375
0.059,1.4013671875,-6.326171875,2.7626953125
0.0595,0.1201171875,-6.4462890625,4.1640625
0.06,-0.80078125,-6.646484375,5.1650390625
0.0605,-1.4814453125,-6.56640625,5.8857421875
0.061,-2.5224609375,-5.765625,6.24609375
0.0615,-3.84375,-4.484375,6.5263671875
0.062,-5.0849609375,-3.123046875,6.7265625
0.0625,-5.92578125,-1.921875,6.6865234375
0.063,-6.24609375,-1.0810546875,6.5263671875
0.0635,-6.1259765625,-0.3203125,6.005859375
0.064,-5.8056640625,0.7607421875,4.96484375
0.0645,-5.6455078125,1.9619140625,3.84375
0.065,-5.4453125,3.36328125,2.5224609375
0.0655,-5.1650390625,4.3642578125,1.44140625
0.066,-4.8046875,4.96484375,0.640625
0.0665,-3.9638671875,5.1650390625,-0.3603515625
0.067,-2.802734375,5.28515625,-1.5615234375
0.0675,-1.5615234375,5.60546875,-3.123046875
0.068,-0.400390625,5.7255859375,-4.3642578125
0.0685,0.3603515625,5.8857421875,-5.28515625
0.069,1.1611328125,5.685546875,-5.92578125
0.0695,2.2822265625,4.64453125,-6.24609375
0.07,3.5634765625,3.443359375,-6.5263671875
0.0705,4.7646484375,2.1220703125,-6.6865234375
0.071,5.4052734375,1.0810546875,-6.6064453125
0.0715,5.60546875,0.3603515625,-6.486328125
0.072,5.4453125,-0.5205078125,-5.8056640625
0.0725,5.1650390625,-1.5615234375,-4.8447265625
0.073,5.0849609375,-2.8427734375,-3.7236328125
0.0735,4.884765625,-4.083984375,-2.4423828125
0.074,4.64453125,-4.96484375,-1.5615234375
0.0745,4.244140625,-5.4453125,-0.80078125
0.075,3.36328125,-5.6455078125,0.2802734375
0.0755,2.2021484375,-5.845703125,1.5615234375
0.076,0.9609375,-6.1259765625,3.0029296875
0.0765,0.0400390625,-6.2861328125,4.1640625
0.077,-0.6806640625,-6.4462890625,5.0048828125
0.0775,-1.521484375,-6.1259765625,5.5654296875
0.078,-2.6826171875,-5.125,5.8857421875
0.0785,-3.923828125,-3.923828125,6.2060546875
0.079,-5.0048828125,-2.72265625,6.326171875
0.0795,-5.5654296875,-1.8017578125,6.326171875
0.08,-5.7255859375,-1.1611328125,6.0859375
0.0805,-5.525390625,-0.400390625,5.4453125
0.081,-5.4052734375,0.6806640625,4.484375
0.0815,-5.3251953125,2.0419921875,3.443359375
0.082,-5.1650390625,3.2431640625,2.322265625
0.0825,-5.0048828125,4.0439453125,1.5615234375
0.083,-4.5244140625,4.484375,0.7607421875
0.0835,-3.603515625,4.7646484375,-0.3603515625
0.084,-2.6025390625,5.0849609375,-1.6416015625
0.0845,-1.44140625,5.365234375,-3.0830078125
0.085,-0.640625,5.6455078125,-4.1640625
0.0855,0.16015625,5.765625,-5.0048828125
0.086,1.12109375,5.2451171875,-5.4853515625
0.0865,2.3623046875,4.244140625,-5.92578125
0.087,3.603515625,3.123046875,-6.2861328125
0.0875,4.5244140625,1.921875,-6.40625
0.088,5.0849609375,1.201171875,-6.40625
0.0885,5.1650390625,0.48046875,-6.1259765625
0.089,5.0048828125,-0.5205078125,-5.365234375
0.0895,4.9248046875,-1.5615234375,-4.484375
0.09,4.884765625,-2.9228515625,-3.36328125
0.0905,4.7646484375,-3.9638671875,-2.3623046875
0.091,4.5244140625,-4.724609375,-1.6015625
0.0915,3.9638671875,-5.125,-0.80078125
0.092,3.0029296875,-5.4052734375,0.48046875
0.0925,1.921875,-5.765625,1.841796875
0.093,0.880859375,-6.0458984375,3.123046875
0.0935,0.2001953125,-6.3662109375,4.1240234375
0.094,-0.640625,-6.2861328125,4.8447265625
0.0945,-1.7216796875,-5.5654296875,5.28515625
0.095,-2.9228515625,-4.564453125,5.7255859375
0.0955,-4.1640625,-3.36328125,6.0458984375
0.096,-4.96484375,-2.40234375,6.1259765625
0.0965,-5.3251953125,-1.8017578125,6.0859375
0.097,-5.3251953125,-1.0810546875,5.7255859375
0.0975,-5.205078125,0.0,4.9248046875
0.098,-5.1650390625,1.12109375,4.00390625
0.0985,-5.125,2.3623046875,2.9228515625
0.099,-5.0048828125,3.3232421875,2.08203125
0.0995,-4.7646484375,3.9638671875,1.361328125
0.1,-4.0439453125,4.32421875,0.48046875
0.1005,-3.203125,4.6845703125,-0.80078125
0.101,-2.1220703125,5.0849609375,-2.2021484375
0.1015,-1.2412109375,5.4052734375,-3.36328125
0.102,-0.560546875,5.685546875,-4.32421875
0.1025,0.3603515625,5.4453125,-5.0048828125
0.103,1.521484375,4.64453125,-5.4453125
0.1035,2.7626953125,3.68359375,-5.92578125
0.104,3.8837890625,2.5224609375,-6.1259765625
0.1045,4.6044921875,1.6015625,-6.2861328125
0.105,4.9248046875,0.9609375,-6.24609375
0.1055,4.8447265625,0.240234375,-5.6455078125
0.106,4.8046875,-0.8408203125,-4.884765625
0.1065,4.8447265625,-2.1220703125,-3.923828125
0.107,4.8046875,-3.3232421875,-2.8828125
0.1075,4.6845703125,-4.2041015625,-2.08203125
0.108,4.2841796875,-4.7646484375,-1.3212890625
0.1085,3.4833984375,-5.0849609375,-0.3203125
0.109,2.5224609375,-5.525390625,1.0810546875
0.1095,1.4013671875,-5.845703125,2.482421875
0.11,0.640625,-6.2060546875,3.5634765625
0.1105,-0.16015625,-6.3662109375,4.484375
0.111,-1.12109375,-5.92578125,5.0048828125
0.1115,-2.322265625,-5.0048828125,5.4453125
0.112,-3.603515625,-3.8837890625,5.8857421875
0.1125,-4.6044921875,-2.8427734375,6.0458984375
0.113,-5.1650390625,-2.08203125,6.1259765625
0.1135,-5.3251953125,-1.361328125,5.8857421875
0.114,-5.205078125,-0.5205078125,5.2451171875
0.1145,-5.1650390625,0.6806640625,4.3642578125
0.115,-5.205078125,1.9619140625,3.3232421875
0.1155,-5.125,3.0830078125,2.322265625
0.116,-4.9248046875,3.84375,1.5615234375
0.1165,-4.3642578125,4.2841796875,0.7607421875
0.117,-3.443359375,4.6044921875,-0.48046875
0.1175,-2.4423828125,5.044921875,-1.8818359375
0.118,-1.4013671875,5.365234375,-3.203125
0.1185,-0.6806640625,5.685546875,-4.2041015625
0.119,0.240234375,5.60546875,-5.0048828125
0.1195,1.3212890625,4.884765625,-5.4453125
0.12,2.5625,3.84375,-5.92578125
0.1205,3.84375,2.6025390625,-6.2060546875
0.121,4.6845703125,1.5615234375,-6.2861328125
0.1215,5.044921875,0.9609375,-6.2861328125
0.122,5.044921875,0.2001953125,-5.8056640625
0.1225,4.9248046875,-0.9208984375,-4.96484375
0.123,4.884765625,-2.1220703125,-4.00390625
0.1235,4.8046875,-3.443359375,-2.8427734375
0.124,4.6845703125,-4.3642578125,-1.9619140625
0.1245,4.32421875,-5.0048828125,-1.2412109375
0.125,3.5234375,-5.2451171875,-0.2802734375
0.1255,2.5224609375,-5.525390625,1.0810546875
0.126,1.3212890625,-5.92578125,2.5625
0.1265,0.4404296875,-6.166015625,3.763671875
0.127,-0.3203125,-6.40625,4.64453125
0.1275,-1.201171875,-6.0859375,5.2451171875
0.128,-2.40234375,-5.125,5.685546875
0.1285,-3.7236328125,-4.00390625,6.0458984375
0.129,-4.8447265625,-2.72265625,6.2060546875
0.1295,-5.4453125,-1.841796875,6.24609375
0.13,-5.6455078125,-1.1611328125,6.0458984375
0.1305,-5.4453125,-0.3203125,5.365234375
0.131,-5.3251953125,0.880859375,4.404296875
0.1315,-5.28515625,2.2021484375,3.2431640625
0.132,-5.1650390625,3.36328125,2.162109375
0.1325,-4.96484375,4.1240234375,1.361328125
0.133,-4.404296875,4.6044921875,0.6005859375
0.1335,-3.443359375,4.7646484375,-0.6005859375
0.134,-2.40234375,5.1650390625,-1.9619140625
0.1345,-1.2412109375,5.4453125,-3.4033203125
0.135,-0.4404296875,5.685546875,-4.4443359375
0.1355,0.400390625,5.7255859375,-5.2451171875
0.136,1.4013671875,5.0849609375,-5.7255859375
0.1365,2.72265625,3.923828125,-6.1259765625
0.137,4.00390625,2.6826171875,-6.4462890625
0.1375,4.96484375,1.5615234375,-6.4462890625
0.138,5.3251953125,0.7607421875,-6.4462890625
0.1385,5.365234375,0.0400390625,-6.0458984375
0.139,5.125,-1.0009765625,-5.125
0.1395,5.0048828125,-2.2021484375,-4.1240234375
0.14,4.9248046875,-3.5634765625,-2.8828125
0.1405,4.724609375,-4.6044921875,-1.8818359375
0.141,4.484375,-5.28515625,-1.041015625
0.1415,3.7236328125,-5.525390625,-0.2001953125
0.142,2.5625,-5.765625,1.12109375
0.1425,1.361328125,-6.0458984375,2.6025390625
0.143,0.2802734375,-6.2861328125,3.923828125
0.1435,-0.5205078125,-6.486328125,4.8447265625
0.144,-1.28125,-6.326171875,5.5654296875
0.1445,-2.482421875,-5.4052734375,5.8857421875
0.145,-3.84375,-4.2041015625,6.2861328125
0.1455,-5.0849609375,-2.802734375,6.5263671875
0.146,-5.765625,-1.76171875,6.4462890625
0.1465,-6.005859375,-1.0009765625,6.326171875
0.147,-5.845703125,-0.240234375,5.685546875
0.1475,-5.60546875,0.9609375,4.564453125
0.148,-5.4853515625,2.3623046875,3.4033203125
0.1485,-5.365234375,3.68359375,2.1220703125
0.149,-5.0849609375,4.5244140625,1.201171875
0.1495,-4.564453125,5.044921875,0.400390625
0.15,-3.603515625,5.205078125,-0.720703125
0.1505,-2.322265625,5.4052734375,-2.162109375
0.151,-1.041015625,5.7255859375,-3.763671875
0.1515,0.0,5.8857421875,-4.884765625
0.152,0.6806640625,5.9658203125,-5.765625
0.1525,1.7216796875,5.365234375,-6.24609375
0.153,3.0830078125,4.0439453125,-6.6064453125
0.1535,4.404296875,2.7626953125,-6.88671875
0.154,5.4453125,1.4013671875,-6.9267578125
0.1545,5.92578125,0.4404296875,-6.7666015625
0.155,5.9658203125,-0.4404296875,-6.3662109375
0.1555,5.6455078125,-1.44140625,-5.365234375
0.156,5.365234375,-2.72265625,-4.0439453125
0.1565,5.1650390625,-4.1640625,-2.72265625
0.157,4.9248046875,-5.28515625,-1.521484375
0.1575,4.484375,-5.92578125,-0.640625
0.158,3.763671875,-6.2060546875,0.3203125
0.1585,2.482421875,-6.2060546875,1.5615234375
0.159,1.0810546875,-6.4462890625,3.1630859375
0.1595,-0.3203125,-6.56640625,4.6044921875
0.16,-1.0810546875,-6.6865234375,5.525390625
0.1605,-1.8017578125,-6.5263671875,6.2060546875
0.161,-2.962890625,-5.5654296875,6.5263671875
0.1615,-4.32421875,-4.1240234375,6.7666015625
0.162,-5.5654296875,-2.6826171875,6.9267578125
0.1625,-6.2861328125,-1.44140625,6.7666015625
0.163,-6.5263671875,-0.6005859375,6.5263671875
0.1635,-6.3662109375,0.2802734375,5.8857421875
0.164,-5.92578125,1.361328125,4.6845703125
0.1645,-5.685546875,2.6826171875,3.36328125
0.165,-5.4453125,4.0439453125,1.9619140625
0.1655,-5.125,4.96484375,0.9208984375
0.166,-4.64453125,5.4853515625,0.1201171875
0.1665,-3.7236328125,5.60546875,-0.9208984375
0.167,-2.322265625,5.6455078125,-2.2421875
0.1675,-1.0009765625,5.8857421875,-3.84375
0.168,0.2802734375,5.9658203125,-5.0849609375
0.1685,0.9609375,6.005859375,-5.92578125
0.169,1.76171875,5.60546875,-6.5263671875
0.1695,3.0029296875,4.484375,-6.7666015625
0.17,4.32421875,3.123046875,-7.046875
0.1705,5.4853515625,1.6416015625,-7.0869140625
0.171,6.0859375,0.560546875,-6.9267578125
0.1715,6.2060546875,-0.3203125,-6.6064453125
0.172,5.8857421875,-1.1611328125,-5.8056640625
0.1725,5.5654296875,-2.322265625,-4.564453125
0.173,5.3251953125,-3.763671875,-3.203125
0.1735,5.0849609375,-5.044921875,-1.8818359375
0.174,4.6845703125,-5.8056640625,-0.9208984375
0.1745,4.1240234375,-6.24609375,0.0
0.175,3.04296875,-6.2861328125,1.041015625
0.1755,1.6416015625,-6.40625,2.5224609375
0.176,0.240234375,-6.6064453125,4.1240234375
0.1765,-0.8408203125,-6.7265625,5.2451171875
0.177,-1.4814453125,-6.7265625,5.9658203125
0.1775,-2.4423828125,-6.0859375,6.4462890625
0.178,-3.7236328125,-4.7646484375,6.6865234375
0.1785,-5.0849609375,-3.4033203125,6.966796875
0.179,-6.0859375,-1.9619140625,6.88671875
0.1795,-6.486328125,-1.0009765625,6.6865234375
0.18,-6.486328125,-0.2802734375,6.326171875
0.1805,-6.166015625,0.7607421875,5.365234375
0.181,-5.845703125,2.0419921875,4.0439453125
0.1815,-5.6455078125,3.4833984375,2.6826171875
0.182,-5.365234375,4.64453125,1.4013671875
0.1825,-4.96484375,5.3251953125,0.560546875
0.183,-4.2041015625,5.60546875,-0.48046875
0.1835,-2.962890625,5.6455078125,-1.6416015625
0.184,-1.6015625,5.8857421875,-3.203125
0.1845,-0.2802734375,5.92578125,-4.724609375
0.185,0.6806640625,6.0458984375,-5.7255859375
0.1855,1.4013671875,6.005859375,-6.40625
0.186,2.482421875,5.0849609375,-6.7666015625
0.1865,3.8837890625,3.6435546875,-7.0068359375
0.187,5.1650390625,2.2021484375,-7.20703125
0.1875,6.0458984375,0.8408203125,-7.0869140625
0.188,6.2861328125,0.0,-6.8466796875
0.1885,6.1259765625,-0.9208984375,-6.24609375
0.189,5.765625,-2.001953125,-5.044921875
0.1895,5.4853515625,-3.4033203125,-3.68359375
0.19,5.2451171875,-4.8447265625,-2.2421875
0.1905,4.884765625,-5.765625,-1.12109375
0.191,4.404296875,-6.3662109375,-0.2802734375
0.1915,3.443359375,-6.4462890625,0.80078125
0.192,2.001953125,-6.5263671875,2.2421875
0.1925,0.560546875,-6.7265625,3.8837890625
0.193,-0.80078125,-6.7265625,5.1650390625
0.1935,-1.4814453125,-6.7666015625,6.0458984375
0.194,-2.2822265625,-6.40625,6.56640625
0.1945,-3.5634765625,-5.1650390625,6.8466796875
0.195,-4.884765625,-3.7236328125,7.046875
0.1955,-6.0458984375,-2.2421875,7.046875
0.196,-6.6064453125,-1.041015625,6.8466796875
0.1965,-6.6865234375,-0.3203125,6.486328125
0.197,-6.40625,0.640625,5.6455078125
0.1975,-5.9658203125,1.841796875,4.32421875
0.198,-5.7255859375,3.1630859375,2.962890625
0.1985,-5.4052734375,4.484375,1.5615234375
0.199,-5.0048828125,5.2451171875,0.6005859375
0.1995,-4.3642578125,5.60546875,-0.3203125
0.2,-3.3232421875,5.6455078125,-1.28125
0.2005,-1.9619140625,5.7255859375,-2.72265625
0.201,-0.560546875,5.8857421875,-4.32421875
0.2015,0.560546875,5.92578125,-5.4052734375
0.202,1.1611328125,6.005859375,-6.1259765625
0.2025,2.08203125,5.4052734375,-6.56640625
0.203,3.3232421875,4.1240234375,-6.806640625
0.2035,4.564453125,2.7626953125,-7.0068359375
0.204,5.60546875,1.361328125,-6.966796875
0.2045,6.0458984375,0.4404296875,-6.806640625
0.205,6.0458984375,-0.4404296875,-6.40625
0.2055,5.7255859375,-1.28125,-5.525390625
0.206,5.365234375,-2.4423828125,-4.32421875
0.2065,5.1650390625,-3.84375,-2.962890625
0.207,4.9248046875,-5.0048828125,-1.8017578125
0.2075,4.564453125,-5.7255859375,-0.9208984375
0.208,3.923828125,-6.0458984375,0.0
0.2085,2.802734375,-6.1259765625,1.0810546875
0.209,1.5615234375,-6.3662109375,2.5224609375
0.2095,0.2001953125,-6.40625,4.00390625
0.21,-0.720703125,-6.56640625,5.044921875
0.2105,-1.361328125,-6.56640625,5.765625
0.211,-2.322265625,-5.8857421875,6.166015625
0.2115,-3.6435546875,-4.6845703125,6.4462890625
0.212,-4.8447265625,-3.36328125,6.6865234375
0.2125,-5.765625,-2.08203125,6.6865234375
0.213,-6.166015625,-1.2412109375,6.56640625
0.2135,-6.1259765625,-0.5205078125,6.1259765625
0.214,-5.845703125,0.560546875,5.1650390625
0.2145,-5.6455078125,1.76171875,4.0439453125
0.215,-5.4853515625,3.1630859375,2.72265625
0.2155,-5.2451171875,4.2041015625,1.6015625
0.216,-4.9248046875,4.9248046875,0.7607421875
0.2165,-4.1640625,5.1650390625,-0.2001953125
0.217,-3.0029296875,5.28515625,-1.361328125
0.2175,-1.8017578125,5.60546875,-2.8828125
0.218,-0.6005859375,5.7255859375,-4.2841796875
0.2185,0.2802734375,5.92578125,-5.2451171875
0.219,1.0810546875,5.765625,-5.92578125
0.2195,2.2021484375,4.8447265625,-6.2861328125
0.22,3.4833984375,3.603515625,-6.56640625
0.2205,4.724609375,2.2421875,-6.7666015625
0.221,5.4453125,1.12109375,-6.6865234375
0.2215,5.7255859375,0.3603515625,-6.5263671875
0.222,5.5654296875,-0.5205078125,-5.92578125
0.2225,5.28515625,-1.5615234375,-4.9248046875
0.223,5.125,-2.8427734375,-3.7236328125
0.2235,4.96484375,-4.1640625,-2.4423828125
0.224,4.6845703125,-5.0048828125,-1.4814453125
0.2245,4.32421875,-5.6455078125,-0.720703125
0.225,3.4033203125,-5.765625,0.3203125
0.2255,2.2421875,-5.92578125,1.5615234375
0.226,0.9609375,-6.166015625,3.123046875
0.2265,-0.16015625,-6.326171875,4.2841796875
0.227,-0.80078125,-6.486328125,5.0849609375
0.2275,-1.6015625,-6.1259765625,5.685546875
0.228,-2.7626953125,-5.125,5.9658203125
0.2285,-4.00390625,-3.923828125,6.2861328125
0.229,-5.0849609375,-2.642578125,6.3662109375
0.2295,-5.685546875,-1.681640625,6.3662109375
0.23,-5.8056640625,-1.041015625,6.166015625
0.2305,-5.6455078125,-0.2802734375,5.4453125
0.231,-5.4052734375,0.880859375,4.484375
0.2315,-5.3251953125,2.1220703125,3.4033203125
0.232,-5.1650390625,3.3232421875,2.2421875
0.2325,-4.96484375,4.1240234375,1.4013671875
0.233,-4.484375,4.564453125,0.640625
0.2335,-3.603515625,4.8046875,-0.4404296875
0.234,-2.5625,5.125,-1.681640625
0.2345,-1.361328125,5.4052734375,-3.1630859375
0.235,-0.5205078125,5.60546875,-4.2041015625
0.2355,0.2802734375,5.765625,-5.125
0.236,1.1611328125,5.28515625,-5.60546875
0.2365,2.3623046875,4.32421875,-5.9658203125
0.237,3.5634765625,3.1630859375,-6.326171875
0.2375,4.6044921875,1.921875,-6.40625
0.238,5.0849609375,1.201171875,-6.4462890625
0.2385,5.2451171875,0.48046875,-6.166015625
0.239,5.0849609375,-0.48046875,-5.4453125
0.2395,5.0048828125,-1.5615234375,-4.564453125
0.24,4.9248046875,-2.8828125,-3.4033203125
0.2405,4.8046875,-4.00390625,-2.40234375
0.241,4.6044921875,-4.8447265625,-1.6015625
0.2415,4.00390625,-5.1650390625,-0.80078125
0.242,3.0830078125,-5.4453125,0.4404296875
0.2425,2.0419921875,-5.765625,1.76171875
0.243,0.880859375,-6.0458984375,3.123046875
0.2435,0.16015625,-6.3662109375,4.1240234375
0.244,-0.6806640625,-6.3662109375,4.9248046875
0.2445,-1.681640625,-5.685546875,5.365234375
0.245,-2.8828125,-4.6845703125,5.7255859375
0.2455,-4.1240234375,-3.5234375,6.0458984375
0.246,-5.0048828125,-2.4423828125,6.1259765625
0.2465,-5.4052734375,-1.7216796875,6.166015625
0.247,-5.4052734375,-1.041015625,5.765625
0.2475,-5.28515625,0.0,4.96484375
0.248,-5.205078125,1.0810546875,4.1240234375
0.2485,-5.1650390625,2.322265625,2.962890625
0.249,-5.044921875,3.283203125,2.0419921875
0.2495,-4.8046875,4.00390625,1.3212890625
0.25,-4.1240234375,4.3642578125,0.48046875
0.2505,-3.203125,4.724609375,-0.7607421875
0.251,-2.162109375,5.125,-2.162109375
0.2515,-1.201171875,5.365234375,-3.36328125
0.252,-0.5205078125,5.685546875,-4.3642578125
0.2525,0.4404296875,5.4853515625,-5.044921875
0.253,1.521484375,4.6845703125,-5.4853515625
0.2535,2.72265625,3.7236328125,-5.92578125
0.254,3.8837890625,2.5224609375,-6.1259765625
0.2545,4.6044921875,1.6416015625,-6.2861328125
0.255,4.96484375,0.9609375,-6.24609375
0.2555,4.9248046875,0.2001953125,-5.7255859375
0.256,4.8447265625,-0.8408203125,-4.96484375
0.2565,4.8447265625,-2.1220703125,-4.00390625
0.257,4.7646484375,-3.36328125,-2.8828125
0.2575,4.64453125,-4.2041015625,-2.08203125
0.258,4.32421875,-4.8046875,-1.28125
0.2585,3.5234375,-5.125,-0.3203125
0.259,2.5625,-5.4853515625,1.0009765625
0.2595,1.4013671875,-5.845703125,2.40234375
0.26,0.6005859375,-6.166015625,3.5234375
0.2605,-0.16015625,-6.3662109375,4.484375
0.261,-1.0810546875,-5.92578125,5.044921875
0.2615,-2.2421875,-5.0849609375,5.4453125
0.262,-3.5234375,-4.00390625,5.8857421875
0.2625,-4.564453125,-2.8427734375,6.0458984375
0.263,-5.1650390625,-2.08203125,6.1259765625
0.2635,-5.365234375,-1.4013671875,5.92578125
0.264,-5.2451171875,-0.6005859375,5.28515625
0.2645,-5.205078125,0.560546875,4.4443359375
0.265,-5.205078125,1.841796875,3.4033203125
0.2655,-5.0849609375,3.0029296875,2.40234375
0.266,-4.96484375,3.84375,1.6015625
0.2665,-4.404296875,4.244140625,0.80078125
0.267,-3.5634765625,4.5244140625,-0.3603515625
0.2675,-2.5625,5.044921875,-1.681640625
0.268,-1.4814453125,5.28515625,-3.0029296875
0.2685,-0.7607421875,5.60546875,-4.083984375
0.269,0.1201171875,5.6455078125,-4.884765625
0.2695,1.1611328125,4.96484375,-5.4052734375
0.27,2.40234375,4.00390625,-5.8056640625
0.2705,3.68359375,2.8427734375,-6.166015625
0.271,4.5244140625,1.76171875,-6.2861328125
0.2715,5.0048828125,1.0810546875,-6.326171875
0.272,5.044921875,0.3203125,-5.845703125
0.2725,4.884765625,-0.7607421875,-5.125
0.273,4.8447265625,-1.921875,-4.1640625
0.2735,4.8046875,-3.203125,-3.0830078125
0.274,4.64453125,-4.1640625,-2.1220703125
0.2745,4.4443359375,-4.8447265625,-1.361328125
0.275,3.68359375,-5.1650390625,-0.5205078125
0.2755,2.6826171875,-5.4453125,0.80078125
0.276,1.5615234375,-5.8056640625,2.2421875
0.2765,0.640625,-6.1259765625,3.4833984375
0.277,0.0,-6.40625,4.4443359375
0.2775,-1.0009765625,-6.1259765625,5.0849609375
0.278,-2.1220703125,-5.2451171875,5.4853515625
0.2785,-3.36328125,-4.2041015625,5.8857421875
0.279,-4.5244140625,-2.962890625,6.0859375
0.2795,-5.2451171875,-2.0419921875,6.166015625
0.28,-5.525390625,-1.361328125,6.0859375
0.2805,-5.4453125,-0.640625,5.4453125
0.281,-5.28515625,0.48046875,4.564453125
0.2815,-5.28515625,1.841796875,3.5634765625
0.282,-5.1650390625,3.04296875,2.4423828125
0.2825,-5.0048828125,3.8837890625,1.5615234375
0.283,-4.5244140625,4.404296875,0.80078125
0.2835,-3.68359375,4.6845703125,-0.3203125
0.284,-2.642578125,5.044921875,-1.6015625
0.2845,-1.4814453125,5.365234375,-3.04296875
0.285,-0.640625,5.60546875,-4.1640625
0.2855,0.16015625,5.765625,-5.0849609375
0.286,1.1611328125,5.2451171875,-5.60546875
0.2865,2.4423828125,4.1640625,-6.005859375
0.287,3.7236328125,3.0029296875,-6.3662109375
0.2875,4.7646484375,1.76171875,-6.4462890625
0.288,5.2451171875,0.9609375,-6.4462890625
0.2885,5.365234375,0.16015625,-6.1259765625
0.289,5.125,-0.8408203125,-5.28515625
0.2895,5.0048828125,-1.9619140625,-4.2841796875
0.29,4.96484375,-3.36328125,-3.0830078125
0.2905,4.8046875,-4.4443359375,-2.001953125
0.291,4.5244140625,-5.1650390625,-1.201171875
0.2915,3.8037109375,-5.4853515625,-0.3603515625
0.292,2.72265625,-5.685546875,0.9609375
0.2925,1.5615234375,-6.0458984375,2.40234375
0.293,0.4404296875,-6.24609375,3.8037109375
0.2935,-0.400390625,-6.4462890625,4.7646484375
0.294,-1.201171875,-6.3662109375,5.4853515625
0.2945,-2.322265625,-5.4453125,5.8857421875
0.295,-3.68359375,-4.244140625,6.24609375
0.2955,-4.8447265625,-2.9228515625,6.40625
0.296,-5.6455078125,-1.8017578125,6.4462890625
0.2965,-5.92578125,-1.12109375,6.2861328125
0.297,-5.845703125,-0.3203125,5.7255859375
0.2975,-5.5654296875,0.880859375,4.6044921875
0.298,-5.4453125,2.162109375,3.5234375
0.2985,-5.3251953125,3.5234375,2.2421875
0.299,-5.0849609375,4.4443359375,1.28125
0.2995,-4.64453125,4.96484375,0.48046875
0.3,-3.7236328125,5.125,-0.640625
0.3005,-2.482421875,5.365234375,-1.9619140625
0.301,-1.2412109375,5.6455078125,-3.5234375
0.3015,-0.240234375,5.8056640625,-4.6845703125
0.302,0.6005859375,5.9658203125,-5.60546875
0.3025,1.5615234375,5.4453125,-6.166015625
0.303,2.8427734375,4.244140625,-6.486328125
0.3035,4.1240234375,2.962890625,-6.7666015625
0.304,5.2451171875,1.5615234375,-6.8466796875
0.3045,5.765625,0.6005859375,-6.7666015625
0.305,5.8857421875,-0.3203125,-6.40625
0.3055,5.6455078125,-1.2412109375,-5.525390625
0.306,5.365234375,-2.4423828125,-4.2841796875
0.3065,5.205078125,-3.84375,-2.962890625
0.307,4.96484375,-5.0849609375,-1.7216796875
0.3075,4.6044921875,-5.765625,-0.8408203125
0.308,3.923828125,-6.1259765625,0.1201171875
0.3085,2.6826171875,-6.166015625,1.28125
0.309,1.3212890625,-6.40625,2.8828125
0.3095,0.0,-6.56640625,4.3642578125
0.31,-0.9208984375,-6.646484375,5.365234375
0.3105,-1.6416015625,-6.56640625,6.0859375
0.311,-2.7626953125,-5.7255859375,6.486328125
0.3115,-4.1240234375,-4.32421875,6.7265625
0.312,-5.365234375,-2.9228515625,6.9267578125
0.3125,-6.24609375,-1.6015625,6.7666015625
0.313,-6.5263671875,-0.7607421875,6.56640625
0.3135,-6.40625,0.16015625,6.005859375
0.314,-6.0458984375,1.28125,4.8046875
0.3145,-5.765625,2.5625,3.5234375
0.315,-5.525390625,3.9638671875,2.162109375
0.3155,-5.1650390625,4.96484375,1.0009765625
0.316,-4.724609375,5.4853515625,0.16015625
0.3165,-3.84375,5.6455078125,-0.8408203125
0.317,-2.4423828125,5.685546875,-2.2021484375
0.3175,-1.041015625,5.8857421875,-3.8037109375
0.318,0.240234375,5.9658203125,-5.125
0.3185,0.9609375,6.0859375,-5.9658203125
0.319,1.76171875,5.7255859375,-6.6064453125
0.3195,3.04296875,4.564453125,-6.88671875
0.32,4.32421875,3.1630859375,-7.0869140625
0.3205,5.4853515625,1.6416015625,-7.1669921875
0.321,6.1259765625,0.4404296875,-6.966796875
0.3215,6.2861328125,-0.400390625,-6.6865234375
0.322,6.0458984375,-1.28125,-5.845703125
0.3225,5.60546875,-2.4423828125,-4.6044921875
0.323,5.365234375,-3.84375,-3.203125
0.3235,5.0849609375,-5.125,-1.8818359375
0.324,4.6845703125,-5.92578125,-0.8408203125
0.3245,4.1240234375,-6.3662109375,0.080078125
0.325,3.04296875,-6.40625,1.12109375
0.3255,1.6015625,-6.4462890625,2.5625
0.326,0.2001953125,-6.646484375,4.1240234375
0.3265,-0.9208984375,-6.6865234375,5.28515625
0.327,-1.6015625,-6.6865234375,6.0859375
0.3275,-2.5224609375,-6.1259765625,6.56640625
0.328,-3.8037109375,-4.8447265625,6.7666015625
0.3285,-5.0849609375,-3.4833984375,6.966796875
0.329,-6.1259765625,-2.0419921875,6.9267578125
0.3295,-6.56640625,-0.9609375,6.7265625
0.33,-6.56640625,-0.2001953125,6.3662109375
0.3305,-6.24609375,0.7607421875,5.4052734375
0.331,-5.845703125,2.001953125,4.083984375
0.3315,-5.6455078125,3.36328125,2.7626953125
0.332,-5.365234375,4.6044921875,1.44140625
0.3325,-5.0048828125,5.28515625,0.560546875
0.333,-4.244140625,5.60546875,-0.400390625
0.3335,-3.123046875,5.6455078125,-1.4814453125
0.334,-1.7216796875,5.8056640625,-3.04296875
0.3345,-0.400390625,5.9658203125,-4.5244140625
0.335,0.6005859375,6.0458984375,-5.5654296875
0.3355,1.28125,6.005859375,-6.2861328125
0.336,2.322265625,5.1650390625,-6.6865234375
0.3365,3.68359375,3.8037109375,-6.966796875
0.337,4.96484375,2.40234375,-7.126953125
0.3375,5.8056640625,1.0810546875,-7.046875
0.338,6.166015625,0.2001953125,-6.8466796875
0.3385,6.1259765625,-0.720703125,-6.326171875
0.339,5.765625,-1.76171875,-5.2451171875
0.3395,5.4853515625,-3.0830078125,-3.923828125
0.34,5.2451171875,-4.5244140625,-2.5625
0.3405,4.96484375,-5.525390625,-1.361328125
0.341,4.5244140625,-6.166015625,-0.5205078125
0.3415,3.68359375,-6.3662109375,0.560546875
0.342,2.2822265625,-6.4462890625,1.8818359375
0.3425,0.9208984375,-6.6064453125,3.4833984375
0.343,-0.48046875,-6.6865234375,4.8447265625
0.3435,-1.2412109375,-6.7666015625,5.765625
0.344,-2.001953125,-6.5263671875,6.40625
0.3445,-3.2431640625,-5.4453125,6.7265625
0.345,-4.564453125,-4.0439453125,6.966796875
0.3455,-5.8056640625,-2.5625,7.046875
0.346,-6.486328125,-1.3212890625,6.88671875
0.3465,-6.6865234375,-0.5205078125,6.6064453125
0.347,-6.4462890625,0.48046875,5.845703125
0.3475,-6.0458984375,1.6015625,4.564453125
0.348,-5.765625,3.0029296875,3.203125
0.3485,-5.4853515625,4.32421875,1.841796875
0.349,-5.125,5.1650390625,0.7607421875
0.3495,-4.564453125,5.6455078125,-0.16015625
0.35,-3.5234375,5.7255859375,-1.201171875
0.3505,-2.08203125,5.8056640625,-2.6025390625
0.351,-0.720703125,6.005859375,-4.2041015625
0.3515,0.48046875,6.0458984375,-5.4052734375
0.352,1.12109375,6.0859375,-6.166015625
0.3525,2.0419921875,5.4453125,-6.6865234375
0.353,3.36328125,4.1640625,-6.9267578125
0.3535,4.64453125,2.802734375,-7.126953125
0.354,5.685546875,1.361328125,-7.0869140625
0.3545,6.166015625,0.3203125,-6.88671875
0.355,6.24609375,-0.5205078125,-6.5263671875
0.3555,5.8857421875,-1.44140625,-5.60546875
0.356,5.4853515625,-2.642578125,-4.32421875
0.3565,5.2451171875,-4.00390625,-2.9228515625
0.357,4.96484375,-5.205078125,-1.6416015625
0.3575,4.6044921875,-5.92578125,-0.720703125
0.358,3.923828125,-6.2861328125,0.2001953125
0.3585,2.72265625,-6.2861328125,1.28125
0.359,1.4013671875,-6.4462890625,2.7626953125
0.3595,0.0,-6.5263671875,4.2841796875
0.36,-0.9609375,-6.646484375,5.2451171875
0.3605,-1.6015625,-6.646484375,5.9658203125
0.361,-2.5625,-5.92578125,6.40625
0.3615,-3.84375,-4.564453125,6.6064453125
0.362,-5.0849609375,-3.2431640625,6.806640625
0.3625,-5.9658203125,-1.921875,6.7265625
0.363,-6.3662109375,-1.041015625,6.6064453125
0.3635,-6.326171875,-0.3203125,6.1259765625
0.364,-6.005859375,0.7607421875,5.1650390625
0.3645,-5.7255859375,1.921875,4.00390625
0.365,-5.525390625,3.3232421875,2.6826171875
0.3655,-5.2451171875,4.404296875,1.521484375
0.366,-4.884765625,5.0849609375,0.6806640625
0.3665,-4.1640625,5.365234375,-0.3203125
0.367,-3.0029296875,5.4453125,-1.4814453125
0.3675,-1.7216796875,5.7255859375,-2.962890625
0.368,-0.48046875,5.8056640625,-4.3642578125
0.3685,0.400390625,5.92578125,-5.3251953125
0.369,1.12109375,5.8056640625,-6.0859375
0.3695,2.2421875,4.96484375,-6.40625
0.37,3.5634765625,3.68359375,-6.7265625
0.3705,4.8046875,2.322265625,-6.88671875
0.371,5.5654296875,1.12109375,-6.7666015625
0.3715,5.845703125,0.3603515625,-6.646484375
0.372,5.7255859375,-0.5205078125,-6.1259765625
0.3725,5.4052734375,-1.5615234375,-5.0048828125
0.373,5.2451171875,-2.8828125,-3.84375
0.3735,5.044921875,-4.1640625,-2.5224609375
0.374,4.7646484375,-5.125,-1.4814453125
0.3745,4.404296875,-5.7255859375,-0.720703125
0.375,3.4833984375,-5.8857421875,0.3203125
0.3755,2.2822265625,-6.0458984375,1.5615234375
0.376,0.9609375,-6.2861328125,3.123046875
0.3765,-0.16015625,-6.40625,4.32421875
0.377,-0.8408203125,-6.6064453125,5.205078125
0.3775,-1.681640625,-6.2861328125,5.765625
0.378,-2.8427734375,-5.205078125,6.1259765625
0.3785,-4.0439453125,-4.00390625,6.40625
0.379,-5.125,-2.6826171875,6.486328125
0.3795,-5.765625,-1.681640625,6.4462890625
0.38,-5.92578125,-1.0009765625,6.24609375
0.3805,-5.765625,-0.2001953125,5.5654296875
0.381,-5.525390625,0.9208984375,4.564453125
0.3815,-5.4052734375,2.2021484375,3.443359375
0.382,-5.205078125,3.4033203125,2.2421875
0.3825,-5.0048828125,4.2041015625,1.4013671875
0.383,-4.5244140625,4.724609375,0.6005859375
0.3835,-3.603515625,4.96484375,-0.5205078125
0.384,-2.5625,5.205078125,-1.8818359375
0.3845,-1.3212890625,5.4052734375,-3.203125
0.385,-0.48046875,5.6455078125,-4.2841796875
0.3855,0.2802734375,5.8056640625,-5.125
0.386,1.201171875,5.365234375,-5.7255859375
0.3865,2.40234375,4.32421875,-6.0859375
0.387,3.6435546875,3.1630859375,-6.40625
0.3875,4.6044921875,1.9619140625,-6.4462890625
0.388,5.1650390625,1.12109375,-6.486328125
0.3885,5.365234375,0.4404296875,-6.2861328125
0.389,5.1650390625,-0.5205078125,-5.525390625
0.3895,5.044921875,-1.6015625,-4.564453125
0.39,4.96484375,-2.8828125,-3.4833984375
0.3905,4.8046875,-4.00390625,-2.4423828125
0.391,4.6044921875,-4.8447265625,-1.6015625
0.3915,4.083984375,-5.28515625,-0.80078125
0.392,3.1630859375,-5.525390625,0.3603515625
0.3925,2.0419921875,-5.8857421875,1.76171875
0.393,0.9208984375,-6.1259765625,3.123046875
0.3935,0.16015625,-6.3662109375,4.1240234375
0.394,-0.640625,-6.40625,4.96484375
0.3945,-1.681640625,-5.765625,5.4453125
0.395,-2.8828125,-4.7646484375,5.8056640625
0.3955,-4.1240234375,-3.5634765625,6.0859375
0.396,-4.96484375,-2.482421875,6.2060546875
0.3965,-5.4453125,-1.8017578125,6.2060546875
0.397,-5.4853515625,-1.0810546875,5.845703125
0.3975,-5.3251953125,0.0,5.0849609375
0.398,-5.28515625,1.0009765625,4.2041015625
0.3985,-5.205078125,2.322265625,3.04296875
0.399,-5.0849609375,3.3232421875,2.162109375
0.3995,-4.8447265625,4.0439453125,1.361328125
0.4,-4.244140625,4.404296875,0.6005859375
0.4005,-3.283203125,4.724609375,-0.6806640625
0.401,-2.2421875,5.0849609375,-2.08203125
0.4015,-1.28125,5.365234375,-3.283203125
0.402,-0.6005859375,5.685546875,-4.2841796875
0.4025,0.3203125,5.5654296875,-5.0048828125
0.403,1.44140625,4.8046875,-5.4853515625
0.4035,2.642578125,3.84375,-5.92578125
0.404,3.8037109375,2.6826171875,-6.1259765625
0.4045,4.5244140625,1.76171875,-6.2861328125
0.405,4.96484375,1.041015625,-6.2861328125
0.4055,4.96484375,0.2802734375,-5.765625
0.406,4.8447265625,-0.7607421875,-5.044921875
0.4065,4.8447265625,-1.9619140625,-4.1240234375
0.407,4.8046875,-3.1630859375,-3.0830078125
0.4075,4.6845703125,-4.083984375,-2.2421875
0.408,4.404296875,-4.64453125,-1.4013671875
0.4085,3.6435546875,-5.125,-0.5205078125
0.409,2.72265625,-5.525390625,0.80078125
0.4095,1.6015625,-5.8056640625,2.2021484375
0.41,0.7607421875,-6.1259765625,3.3232421875
0.4105,0.080078125,-6.40625,4.2841796875
0.411,-0.9208984375,-6.0859375,4.9248046875
0.4115,-2.08203125,-5.205078125,5.4052734375
0.412,-3.3232421875,-4.2041015625,5.8056640625
0.4125,-4.404296875,-3.0830078125,6.005859375
0.413,-5.044921875,-2.2822265625,6.1259765625
0.4135,-5.28515625,-1.6015625,6.005859375
0.414,-5.28515625,-0.7607421875,5.4052734375
0.4145,-5.2451171875,0.3603515625,4.64453125
0.415,-5.205078125,1.6416015625,3.6435546875
0.4155,-5.125,2.7626953125,2.642578125
0.416,-4.9248046875,3.68359375,1.76171875
0.4165,-4.5244140625,4.1240234375,1.0009765625
0.417,-3.7236328125,4.484375,0.0
0.4175,-2.802734375,4.96484375,-1.44140625
0.418,-1.681640625,5.2451171875,-2.802734375
0.4185,-0.9609375,5.60546875,-3.8837890625
0.419,-0.16015625,5.685546875,-4.7646484375
0.4195,0.9609375,5.125,-5.28515625
0.42,2.2421875,4.1240234375,-5.765625
0.4205,3.4833984375,3.04296875,-6.1259765625
0.421,4.404296875,1.9619140625,-6.2861328125
0.4215,4.9248046875,1.2412109375,-6.326171875
0.422,5.044921875,0.48046875,-5.9658203125
0.4225,4.9248046875,-0.560546875,-5.205078125
0.423,4.9248046875,-1.7216796875,-4.3642578125
0.4235,4.8447265625,-3.0029296875,-3.203125
0.424,4.8046875,-4.0439453125,-2.40234375
0.4245,4.484375,-4.8447265625,-1.521484375
0.425,3.84375,-5.1650390625,-0.640625
0.4255,2.8427734375,-5.4453125,0.6806640625
0.426,1.76171875,-5.8056640625,2.08203125
0.4265,0.7607421875,-6.0859375,3.3232421875
0.427,0.080078125,-6.3662109375,4.32421875
0.4275,-0.9208984375,-6.166015625,5.0849609375
0.428,-2.0419921875,-5.365234375,5.4853515625
0.4285,-3.283203125,-4.32421875,5.8857421875
0.429,-4.4443359375,-3.0830078125,6.1259765625
0.4295,-5.205078125,-2.1220703125,6.166015625
0.43,-5.4853515625,-1.44140625,6.0859375
0.4305,-5.4453125,-0.640625,5.5654296875
0.431,-5.28515625,0.48046875,4.64453125
0.4315,-5.28515625,1.7216796875,3.68359375
0.432,-5.205078125,2.8427734375,2.4423828125
0.4325,-5.0048828125,3.8037109375,1.6416015625
0.433,-4.564453125,4.3642578125,0.880859375
0.4335,-3.8037109375,4.64453125,-0.2001953125
0.434,-2.7626953125,5.0048828125,-1.4814453125
0.4345,-1.6015625,5.365234375,-2.9228515625
0.435,-0.720703125,5.60546875,-4.0439453125
0.4355,0.080078125,5.765625,-4.96484375
0.436,1.041015625,5.28515625,-5.525390625
0.4365,2.2822265625,4.2841796875,-5.92578125
0.437,3.5634765625,3.123046875,-6.2861328125
0.4375,4.6044921875,1.921875,-6.40625
0.438,5.125,1.0810546875,-6.4462890625
0.4385,5.3251953125,0.3603515625,-6.166015625
0.439,5.125,-0.640625,-5.4453125
0.4395,5.044921875,-1.8017578125,-4.404296875
0.44,4.884765625,-3.2431640625,-3.283203125
0.4405,4.8046875,-4.2841796875,-2.2021484375
0.441,4.564453125,-5.044921875,-1.4013671875
0.4415,3.9638671875,-5.4052734375,-0.5205078125
0.442,2.8828125,-5.60546875,0.6806640625
0.4425,1.76171875,-5.92578125,2.1220703125
0.443,0.6005859375,-6.1259765625,3.5234375
0.4435,-0.2001953125,-6.40625,4.484375
0.444,-1.0009765625,-6.40625,5.28515625
0.4445,-2.08203125,-5.6455078125,5.7255859375
0.445,-3.36328125,-4.484375,6.0859375
0.4455,-4.6044921875,-3.203125,6.3662109375
0.446,-5.4453125,-2.08203125,6.3662109375
0.4465,-5.765625,-1.3212890625,6.2861328125
0.447,-5.765625,-0.6005859375,5.765625
0.4475,-5.525390625,0.560546875,4.8046875
0.448,-5.525390625,1.7216796875,3.8837890625
0.4485,-5.28515625,3.04296875,2.5224609375
0.449,-5.0849609375,4.00390625,1.5615234375
0.4495,-4.8046875,4.724609375,0.7607421875
0.45,-3.9638671875,4.96484375,-0.240234375
0.4505,-2.802734375,5.1650390625,-1.521484375
0.451,-1.6015625,5.525390625,-3.04296875
0.4515,-0.560546875,5.7255859375,-4.32421875
0.452,0.240234375,5.92578125,-5.2451171875
0.4525,1.1611328125,5.60546875,-5.92578125
0.453,2.4423828125,4.5244140625,-6.2861328125
0.4535,3.763671875,3.283203125,-6.646484375
0.454,4.9248046875,1.921875,-6.7666015625
0.4545,5.5654296875,0.9208984375,-6.7265625
0.455,5.765625,0.1201171875,-6.4462890625
0.4555,5.60546875,-0.9208984375,-5.7255859375
0.456,5.205078125,-2.1220703125,-4.4443359375
0.4565,5.205078125,-3.5634765625,-3.283203125
0.457,5.0048828125,-4.7646484375,-2.001953125
0.4575,4.64453125,-5.525390625,-1.0810546875
0.458,4.1240234375,-5.9658203125,-0.2802734375
0.4585,2.962890625,-6.1259765625,1.041015625
0.459,1.6015625,-6.2861328125,2.5224609375
0.4595,0.2802734375,-6.486328125,4.083984375
0.46,-0.6806640625,-6.6064453125,5.0849609375
0.4605,-1.4013671875,-6.6064453125,5.8857421875
0.461,-2.482421875,-5.845703125,6.40625
0.4615,-3.8837890625,-4.5244140625,6.646484375
0.462,-5.1650390625,-3.123046875,6.8466796875
0.4625,-6.0859375,-1.76171875,6.7666015625
0.463,-6.40625,-0.880859375,6.56640625
0.4635,-6.3662109375,0.0,6.0859375
0.464,-6.1259765625,1.0009765625,5.0849609375
0.4645,-5.7255859375,2.2822265625,3.68359375
0.465,-5.525390625,3.68359375,2.2822265625
0.4655,-5.205078125,4.7646484375,1.1611328125
0.466,-4.7646484375,5.365234375,0.3203125
0.4665,-3.8837890625,5.5654296875,-0.6806640625
0.467,-2.6025390625,5.60546875,-1.9619140625
0.4675,-1.2412109375,5.8056640625,-3.5634765625
0.468,0.080078125,5.92578125,-4.884765625
0.4685,0.80078125,6.005859375,-5.765625
0.469,1.5615234375,5.765625,-6.40625
0.4695,2.802734375,4.724609375,-6.7666015625
0.47,4.1240234375,3.283203125,-7.0068359375
0.4705,5.3251953125,1.8818359375,-7.0869140625
0.471,6.005859375,0.640625,-6.9267578125
0.4715,6.166015625,-0.240234375,-6.6865234375
0.472,5.8857421875,-1.1611328125,-5.92578125
0.4725,5.60546875,-2.2822265625,-4.7646484375
0.473,5.3251953125,-3.603515625,-3.4033203125
0.4735,5.0849609375,-4.884765625,-2.08203125
0.474,4.724609375,-5.7255859375,-1.0009765625
0.4745,4.244140625,-6.24609375,-0.2001953125
0.475,3.203125,-6.326171875,0.9208984375
0.4755,1.8818359375,-6.40625,2.2822265625
0.476,0.400390625,-6.56640625,3.8837890625
0.4765,-0.720703125,-6.646484375,5.0849609375
0.477,-1.361328125,-6.7265625,5.8857421875
0.4775,-2.2822265625,-6.2861328125,6.4462890625
0.478,-3.5634765625,-5.044921875,6.6865234375
0.4785,-4.8447265625,-3.6435546875,6.9267578125
0.479,-5.92578125,-2.2021484375,6.966796875
0.4795,-6.486328125,-1.12109375,6.7265625
0.48,-6.6064453125,-0.3603515625,6.5263671875
0.4805,-6.2861328125,0.560546875,5.5654296875
0.481,-5.92578125,1.76171875,4.2841796875
0.4815,-5.7255859375,3.1630859375,2.9228515625
0.482,-5.4052734375,4.4443359375,1.6015625
0.4825,-5.0048828125,5.1650390625,0.6806640625
0.483,-4.404296875,5.5654296875,-0.240234375
0.4835,-3.2431640625,5.6455078125,-1.3212890625
0.484,-1.8818359375,5.765625,-2.8427734375
0.4845,-0.5205078125,5.9658203125,-4.404296875
0.485,0.48046875,6.0458984375,-5.4453125
0.4855,1.201171875,6.0458984375,-6.24609375
0.486,2.2421875,5.28515625,-6.6865234375
0.4865,3.5634765625,3.923828125,-6.966796875
0.487,4.8447265625,2.5625,-7.1669921875
0.4875,5.8056640625,1.1611328125,-7.0869140625
0.488,6.2060546875,0.2802734375,-6.806640625
0.4885,6.166015625,-0.6806640625,-6.40625
0.489,5.8056640625,-1.76171875,-5.3251953125
0.4895,5.4853515625,-3.0029296875,-4.00390625
0.49,5.28515625,-4.4443359375,-2.6025390625
0.4905,4.96484375,-5.525390625,-1.361328125
0.491,4.5244140625,-6.166015625,-0.5205078125
0.4915,3.7236328125,-6.40625,0.48046875
0.492,2.40234375,-6.4462890625,1.841796875
0.4925,0.9609375,-6.646484375,3.443359375
0.493,-0.4404296875,-6.7265625,4.8447265625
0.4935,-1.2412109375,-6.7666015625,5.765625
0.494,-1.9619140625,-6.56640625,6.40625
0.4945,-3.203125,-5.525390625,6.7666015625
0.495,-4.564453125,-4.083984375,7.0068359375
0.4955,-5.765625,-2.6025390625,7.0869140625
0.496,-6.40625,-1.4013671875,6.7666015625
0.4965,-6.7265625,-0.560546875,6.646484375
0.497,-6.486328125,0.4404296875,5.92578125
0.4975,-6.1259765625,1.6015625,4.6845703125
0.498,-5.845703125,2.962890625,3.3232421875
0.4985,-5.5654296875,4.32421875,1.8818359375
0.499,-5.1650390625,5.2451171875,0.80078125
0.4995,-4.64453125,5.7255859375,0.0
0.5,-3.603515625,5.8056640625,-1.1611328125
0.5005,-2.162109375,5.8857421875,-2.6025390625
0.501,-0.80078125,6.0859375,-4.2041015625
0.5015,0.48046875,6.0859375,-5.4052734375
0.502,1.12109375,6.1259765625,-6.24609375
0.5025,2.0419921875,5.60546875,-6.7666015625
0.503,3.36328125,4.32421875,-7.0068359375
0.5035,4.64453125,2.8828125,-7.20703125
0.504,5.765625,1.3212890625,-7.287109375
0.5045,6.24609375,0.2802734375,-6.966796875
0.505,6.2861328125,-0.560546875,-6.6064453125
0.5055,5.9658203125,-1.44140625,-5.7255859375
0.506,5.5654296875,-2.642578125,-4.3642578125
0.5065,5.3251953125,-4.00390625,-3.04296875
0.507,5.0048828125,-5.2451171875,-1.681640625
0.5075,4.6044921875,-5.92578125,-0.720703125
0.508,3.9638671875,-6.326171875,0.2001953125
0.5085,2.802734375,-6.3662109375,1.28125
0.509,1.44140625,-6.4462890625,2.72265625
0.5095,0.0400390625,-6.56640625,4.244140625
0.51,-0.9609375,-6.646484375,5.2451171875
0.5105,-1.5615234375,-6.646484375,6.005859375
0.511,-2.5224609375,-5.9658203125,6.4462890625
0.5115,-3.8037109375,-4.6845703125,6.6865234375
0.512,-5.125,-3.4833984375,6.88671875
0.5125,-5.9658203125,-2.001953125,6.7666015625
0.513,-6.3662109375,-1.1611328125,6.6064453125
0.5135,-6.3662109375,-0.3603515625,6.2060546875
0.514,-6.0458984375,0.640625,5.28515625
0.5145,-5.7255859375,1.8017578125,4.1240234375
0.515,-5.525390625,3.1630859375,2.7626953125
0.5155,-5.28515625,4.32421875,1.6015625
0.516,-4.9248046875,5.0048828125,0.7607421875
0.5165,-4.244140625,5.28515625,-0.16015625
0.517,-3.0830078125,5.4052734375,-1.3212890625
0.5175,-1.8818359375,5.685546875,-2.802734375
0.518,-0.6005859375,5.8056640625,-4.244140625
0.5185,0.2802734375,6.005859375,-5.205078125
0.519,1.0009765625,5.92578125,-5.9658203125
0.5195,2.08203125,5.125,-6.40625
0.52,3.283203125,3.8037109375,-6.6064453125
0.5205,4.64453125,2.482421875,-6.9267578125
0.521,5.4453125,1.2412109375,-6.8466796875
0.5215,5.8056640625,0.48046875,-6.7265625
0.522,5.765625,-0.400390625,-6.2060546875
0.5225,5.4853515625,-1.44140625,-5.1650390625
0.523,5.3251953125,-2.6826171875,-4.00390625
0.5235,5.0849609375,-4.083984375,-2.6826171875
0.524,4.8447265625,-5.0849609375,-1.6416015625
0.5245,4.484375,-5.7255859375,-0.80078125
0.525,3.6435546875,-5.92578125,0.240234375
0.5255,2.4423828125,-6.0859375,1.521484375
0.526,1.0810546875,-6.3662109375,3.04296875
0.5265,0.0,-6.4462890625,4.32421875
0.527,-0.80078125,-6.6064453125,5.205078125
0.5275,-1.6015625,-6.3662109375,5.845703125
0.528,-2.7626953125,-5.28515625,6.24609375
0.5285,-4.0439453125,-4.1240234375,6.4462890625
0.529,-5.205078125,-2.7626953125,6.56640625
0.5295,-5.845703125,-1.681640625,6.5263671875
0.53,-6.0458984375,-1.0009765625,6.2861328125
0.5305,-5.845703125,-0.2001953125,5.6455078125
0.531,-5.60546875,0.9609375,4.6044921875
0.5315,-5.4453125,2.2421875,3.443359375
0.532,-5.28515625,3.5234375,2.2421875
0.5325,-5.0048828125,4.32421875,1.28125
0.533,-4.5244140625,4.8447265625,0.5205078125
0.5335,-3.68359375,5.044921875,-0.5205078125
0.534,-2.5224609375,5.2451171875,-1.841796875
0.5345,-1.28125,5.4853515625,-3.283203125
0.535,-0.400390625,5.685546875,-4.404296875
0.5355,0.3603515625,5.845703125,-5.2451171875
0.536,1.3212890625,5.365234375,-5.8056640625
0.5365,2.482421875,4.32421875,-6.1259765625
0.537,3.68359375,3.1630859375,-6.4462890625
0.5375,4.724609375,1.921875,-6.5263671875
0.538,5.2451171875,1.0810546875,-6.5263671875
0.5385,5.4052734375,0.400390625,-6.2861328125
0.539,5.2451171875,-0.6005859375,-5.60546875
0.5395,5.0849609375,-1.6015625,-4.6044921875
0.54,4.96484375,-2.9228515625,-3.4833984375
0.5405,4.8046875,-4.083984375,-2.3623046875
0.541,4.6044921875,-4.8447265625,-1.6015625
0.5415,4.083984375,-5.3251953125,-0.7607421875
0.542,3.1630859375,-5.525390625,0.3603515625
0.5425,2.08203125,-5.8857421875,1.76171875
0.543,0.9208984375,-6.1259765625,3.123046875
0.5435,0.1201171875,-6.3662109375,4.1640625
0.544,-0.720703125,-6.6064453125,4.96484375
0.5445,-1.6416015625,-5.92578125,5.4853515625
0.545,-2.8828125,-4.884765625,5.8857421875
0.5455,-4.1240234375,-3.68359375,6.2060546875
0.546,-5.044921875,-2.5224609375,6.24609375
0.5465,-5.4853515625,-1.8017578125,6.2861328125
0.547,-5.60546875,-1.12109375,5.92578125
0.5475,-5.4453125,-0.2001953125,5.1650390625
0.548,-5.365234375,1.0009765625,4.2841796875
0.5485,-5.28515625,2.322265625,3.1630859375
0.549,-5.125,3.3232421875,2.2021484375
0.5495,-4.884765625,4.083984375,1.4013671875
0.55,-4.32421875,4.484375,0.560546875
0.5505,-3.3232421875,4.7646484375,-0.6806640625
0.551,-2.2822265625,5.1650390625,-2.08203125
0.5515,-1.2412109375,5.4052734375,-3.36328125
0.552,-0.640625,5.6455078125,-4.3642578125
0.5525,0.3603515625,5.60546875,-5.125
0.553,1.44140625,4.8447265625,-5.4853515625
0.5535,2.6826171875,3.8837890625,-5.9658203125
0.554,3.84375,2.6826171875,-6.24609375
0.5545,4.64453125,1.7216796875,-6.326171875
0.555,5.044921875,1.0009765625,-6.326171875
0.5555,5.044921875,0.2802734375,-5.845703125
0.556,4.9248046875,-0.80078125,-5.044921875
0.5565,4.9248046875,-2.001953125,-4.1240234375
0.557,4.8046875,-3.2431640625,-3.0029296875
0.5575,4.6845703125,-4.1640625,-2.1220703125
0.558,4.404296875,-4.8447265625,-1.361328125
0.5585,3.6435546875,-5.1650390625,-0.48046875
0.559,2.6826171875,-5.4853515625,0.880859375
0.5595,1.5615234375,-5.8056640625,2.2822265625
0.56,0.6005859375,-6.2060546875,3.443359375
0.5605,0.0400390625,-6.40625,4.32421875
0.561,-0.9609375,-6.1259765625,5.044921875
0.5615,-2.08203125,-5.2451171875,5.4453125
0.562,-3.3232421875,-4.244140625,5.845703125
0.5625,-4.4443359375,-3.04296875,6.0458984375
0.563,-5.0849609375,-2.2421875,6.1259765625
0.5635,-5.3251953125,-1.5615234375,6.0458984375
0.564,-5.28515625,-0.720703125,5.4453125
0.5645,-5.205078125,0.3203125,4.64453125
0.565,-5.2451171875,1.6015625,3.68359375
0.5655,-5.125,2.802734375,2.6025390625
0.566,-5.0048828125,3.6435546875,1.841796875
0.5665,-4.564453125,4.1640625,1.0810546875
0.567,-3.763671875,4.484375,0.0400390625
0.5675,-2.8427734375,4.9248046875,-1.361328125
0.568,-1.8017578125,5.1650390625,-2.72265625
0.5685,-1.0009765625,5.5654296875,-3.84375
0.569,-0.240234375,5.685546875,-4.64453125
0.5695,0.8408203125,5.205078125,-5.2451171875
0.57,2.08203125,4.2841796875,-5.7255859375
0.5705,3.36328125,3.1630859375,-6.1259765625
0.571,4.32421875,2.0419921875,-6.24609375
0.5715,4.8447265625,1.28125,-6.3662109375
0.572,5.0048828125,0.6005859375,-6.0859375
0.5725,4.9248046875,-0.400390625,-5.3251953125
0.573,4.9248046875,-1.521484375,-4.484375
0.5735,4.884765625,-2.802734375,-3.4033203125
0.574,4.7646484375,-3.8837890625,-2.4423828125
0.5745,4.564453125,-4.64453125,-1.681640625
0.575,3.9638671875,-5.044921875,-0.80078125
0.5755,3.04296875,-5.3251953125,0.4404296875
0.576,1.921875,-5.845703125,1.841796875
0.5765,0.9609375,-6.0859375,3.123046875
0.577,0.240234375,-6.40625,4.1640625
0.5775,-0.6806640625,-6.2861328125,4.884765625
0.578,-1.76171875,-5.525390625,5.3251953125
0.5785,-3.04296875,-4.5244140625,5.765625
0.579,-4.244140625,-3.283203125,6.0458984375
0.5795,-5.044921875,-2.322265625,6.166015625
0.58,-5.4052734375,-1.6416015625,6.1259765625
0.5805,-5.4052734375,-0.9208984375,5.6455078125
0.581,-5.28515625,0.16015625,4.8046875
0.5815,-5.28515625,1.4013671875,3.8837890625
0.582,-5.1650390625,2.642578125,2.7626953125
0.5825,-5.044921875,3.5634765625,1.921875
0.583,-4.6845703125,4.2041015625,1.12109375
0.5835,-3.923828125,4.484375,0.2001953125
0.584,-2.962890625,4.7646484375,-1.2412109375
0.5845,-1.8818359375,5.2451171875,-2.6025390625
0.585,-1.0009765625,5.525390625,-3.8037109375
0.5855,-0.3203125,5.765625,-4.6845703125
0.586,0.7607421875,5.4052734375,-5.3251953125
0.5865,1.9619140625,4.484375,-5.765625
0.587,3.2431640625,3.36328125,-6.166015625
0.5875,4.3642578125,2.162109375,-6.3662109375
0.588,5.0048828125,1.28125,-6.40625
0.5885,5.2451171875,0.560546875,-6.24609375
0.589,5.0849609375,-0.400390625,-5.525390625
0.5895,4.96484375,-1.4814453125,-4.564453125
0.59,4.96484375,-2.8427734375,-3.4833984375
0.5905,4.8447265625,-4.00390625,-2.3623046875
0.591,4.6044921875,-4.8447265625,-1.6015625
0.5915,4.083984375,-5.28515625,-0.720703125
0.592,3.0830078125,-5.6455078125,0.400390625
0.5925,1.9619140625,-5.92578125,1.8818359375
0.593,0.8408203125,-6.166015625,3.283203125
0.5935,0.0400390625,-6.40625,4.3642578125
0.594,-0.80078125,-6.4462890625,5.1650390625
0.5945,-1.841796875,-5.765625,5.6455078125
0.595,-3.1630859375,-4.64453125,6.005859375
0.5955,-4.4443359375,-3.36328125,6.326171875
0.596,-5.3251953125,-2.2021484375,6.326171875
0.5965,-5.765625,-1.44140625,6.326171875
0.597,-5.765625,-0.6806640625,5.845703125
0.5975,-5.525390625,0.4404296875,4.9248046875
0.598,-5.4453125,1.6015625,3.8837890625
0.5985,-5.3251953125,2.962890625,2.642578125
0.599,-5.125,3.9638671875,1.6416015625
0.5995,-4.8046875,4.6044921875,0.880859375
0.6,-4.00390625,4.8046875,-0.2001953125
0.6005,-2.8828125,5.0849609375,-1.361328125
0.601,-1.76171875,5.4453125,-2.8828125
0.6015,-0.640625,5.6455078125,-4.1240234375
0.602,0.1201171875,5.8857421875,-5.0849609375
0.6025,1.0009765625,5.60546875,-5.765625
0.603,2.2421875,4.6044921875,-6.166015625
0.6035,3.5634765625,3.4033203125,-6.486328125
0.604,4.724609375,2.08203125,-6.6865234375
0.6045,5.4052734375,1.0009765625,-6.6865234375
0.605,5.685546875,0.2802734375,-6.4462890625
0.6055,5.525390625,-0.6806640625,-5.765625
0.606,5.2451171875,-1.8017578125,-4.64453125
0.6065,5.1650390625,-3.1630859375,-3.4833984375
0.607,4.96484375,-4.484375,-2.2421875
0.6075,4.724609375,-5.28515625,-1.3212890625
0.608,4.244140625,-5.8857421875,-0.6005859375
0.6085,3.1630859375,-5.9658203125,0.6806640625
0.609,1.921875,-6.2060546875,2.1220703125
0.6095,0.6005859375,-6.40625,3.68359375
0.61,-0.48046875,-6.56640625,4.8046875
0.6105,-1.1611328125,-6.6865234375,5.685546875
0.611,-2.162109375,-6.005859375,6.166015625
0.6115,-3.5234375,-4.7646484375,6.4462890625
0.612,-4.8447265625,-3.4033203125,6.7265625
0.6125,-5.845703125,-2.0419921875,6.7265625
0.613,-6.2861328125,-1.12109375,6.6064453125
0.6135,-6.326171875,-0.3203125,6.2060546875
0.614,-6.0458984375,0.7607421875,5.205078125
0.6145,-5.765625,2.0419921875,3.923828125
0.615,-5.60546875,3.4833984375,2.6025390625
0.6155,-5.28515625,4.564453125,1.4013671875
0.616,-4.8447265625,5.2451171875,0.48046875
0.6165,-4.1640625,5.4453125,-0.4404296875
0.617,-2.8828125,5.5654296875,-1.681640625
0.6175,-1.5615234375,5.8056640625,-3.283203125
0.618,-0.240234375,5.92578125,-4.724609375
0.6185,0.640625,6.0458984375,-5.6455078125
0.619,1.4013671875,5.845703125,-6.3662109375
0.6195,2.6025390625,4.8447265625,-6.7666015625
0.62,3.9638671875,3.443359375,-7.0068359375
0.6205,5.205078125,2.001953125,-7.126953125
0.621,6.005859375,0.720703125,-7.0068359375
0.6215,6.2060546875,-0.2001953125,-6.7265625
0.622,6.0458984375,-1.041015625,-6.0859375
0.6225,5.685546875,-2.2021484375,-4.8447265625
0.623,5.4052734375,-3.5234375,-3.4833984375
0.6235,5.1650390625,-4.884765625,-2.08203125
0.624,4.884765625,-5.765625,-1.0810546875
0.6245,4.2841796875,-6.3662109375,-0.2001953125
0.625,3.2431640625,-6.4462890625,0.9208984375
0.6255,1.8818359375,-6.4462890625,2.3623046875
0.626,0.400390625,-6.6064453125,3.9638671875
0.6265,-0.80078125,-6.6865234375,5.1650390625
0.627,-1.4814453125,-6.7265625,6.005859375
0.6275,-2.3623046875,-6.2861328125,6.5263671875
0.628,-3.603515625,-5.044921875,6.7666015625
0.6285,-4.9248046875,-3.603515625,7.0068359375
0.629,-6.0458984375,-2.2021484375,7.0068359375
0.6295,-6.56640625,-1.041015625,6.7666015625
0.63,-6.646484375,-0.3203125,6.4462890625
0.6305,-6.3662109375,0.6806640625,5.60546875
0.631,-5.92578125,1.8818359375,4.2841796875
0.6315,-5.7255859375,3.2431640625,2.9228515625
0.632,-5.3251953125,4.564453125,1.6015625
0.6325,-5.0048828125,5.2451171875,0.6005859375
0.633,-4.404296875,5.60546875,-0.3203125
0.6335,-3.283203125,5.685546875,-1.361328125
0.634,-1.8818359375,5.765625,-2.8427734375
0.6345,-0.5205078125,5.9658203125,-4.3642578125
0.635,0.5205078125,6.0458984375,-5.4853515625
0.6355,1.1611328125,6.0859375,-6.2060546875
0.636,2.2021484375,5.365234375,-6.6865234375
0.6365,3.5234375,4.0439453125,-6.9267578125
0.637,4.8046875,2.6826171875,-7.126953125
0.6375,5.7255859375,1.28125,-7.0869140625
0.638,6.166015625,0.2802734375,-6.88671875
0.6385,6.1259765625,-0.6005859375,-6.4462890625
0.639,5.8056640625,-1.5615234375,-5.4453125
0.6395,5.4853515625,-2.802734375,-4.1640625
0.64,5.4052734375,-4.1640625,-2.8427734375
0.6405,4.96484375,-5.4052734375,-1.5615234375
0.641,4.6044921875,-6.0859375,-0.6806640625
0.6415,3.84375,-6.326171875,0.2802734375
0.642,2.6025390625,-6.40625,1.521484375
0.6425,1.201171875,-6.56640625,3.0830078125
0.643,-0.240234375,-6.6865234375,4.5244140625
0.6435,-1.0009765625,-6.7666015625,5.525390625
0.644,-1.76171875,-6.6865234375,6.24609375
0.6445,-2.8828125,-5.7255859375,6.6064453125
0.645,-4.2041015625,-4.3642578125,6.8466796875
0.6455,-5.4853515625,-2.8828125,7.046875
0.646,-6.2861328125,-1.6416015625,6.88671875
0.6465,-6.56640625,-0.7607421875,6.6865234375
0.647,-6.4462890625,0.16015625,6.0859375
0.6475,-6.1259765625,1.2412109375,4.9248046875
0.648,-5.8056640625,2.6025390625,3.68359375
0.6485,-5.6455078125,3.9638671875,2.2021484375
0.649,-5.28515625,4.9248046875,1.0810546875
0.6495,-4.8447265625,5.525390625,0.240234375
0.65,-3.8837890625,5.7255859375,-0.80078125
0.6505,-2.5224609375,5.765625,-2.2421875
0.651,-1.0810546875,6.0458984375,-3.8837890625
0.6515,0.240234375,6.0859375,-5.1650390625
0.652,0.9208984375,6.166015625,-6.0458984375
0.6525,1.76171875,5.765625,-6.6865234375
0.653,3.123046875,4.5244140625,-6.966796875
0.6535,4.4443359375,3.123046875,-7.1669921875
0.654,5.60546875,1.6416015625,-7.20703125
0.6545,6.2060546875,0.48046875,-7.046875
0.655,6.326171875,-0.400390625,-6.7265625
0.6555,6.0458984375,-1.28125,-5.845703125
0.656,5.5654296875,-2.6025390625,-4.4443359375
0.6565,5.4052734375,-4.00390625,-3.1630859375
0.657,5.0849609375,-5.28515625,-1.8017578125
0.6575,4.6845703125,-5.9658203125,-0.80078125
0.658,4.1240234375,-6.40625,0.16015625
0.6585,2.9228515625,-6.4462890625,1.28125
0.659,1.521484375,-6.56640625,2.72265625
0.6595,0.0400390625,-6.646484375,4.32421875
0.66,-1.0009765625,-6.6865234375,5.4052734375
0.6605,-1.6416015625,-6.6865234375,6.1259765625
0.661,-2.6025390625,-6.0458984375,6.56640625
0.6615,-3.923828125,-4.6845703125,6.7666015625
0.662,-5.1650390625,-3.283203125,6.966796875
0.6625,-6.1259765625,-1.8818359375,6.88671875
0.663,-6.5263671875,-0.9609375,6.6865234375
0.6635,-6.486328125,-0.2001953125,6.24609375
0.664,-6.24609375,0.7607421875,5.365234375
0.6645,-5.765625,1.9619140625,4.00390625
0.665,-5.5654296875,3.36328125,2.642578125
0.6655,-5.28515625,4.484375,1.4013671875
0.666,-4.884765625,5.1650390625,0.6005859375
0.6665,-4.2041015625,5.4853515625,-0.3603515625
0.667,-3.0029296875,5.5654296875,-1.4814453125
0.6675,-1.76171875,5.7255859375,-2.9228515625
0.668,-0.3603515625,5.845703125,-4.4443359375
0.6685,0.48046875,5.9658203125,-5.4052734375
0.669,1.1611328125,5.92578125,-6.1259765625
0.6695,2.2021484375,5.125,-6.486328125
0.67,3.5234375,3.84375,-6.7666015625
0.6705,4.7646484375,2.5224609375,-7.0068359375
0.671,5.60546875,1.2412109375,-6.88671875
0.6715,5.9658203125,0.4404296875,-6.7666015625
0.672,5.765625,-0.6005859375,-6.2861328125
0.6725,5.5654296875,-1.521484375,-5.2451171875
0.673,5.4052734375,-2.72265625,-4.1240234375
0.6735,5.125,-4.1240234375,-2.72265625
0.674,4.884765625,-5.125,-1.6416015625
0.6745,4.5244140625,-5.765625,-0.80078125
0.675,3.7236328125,-6.0458984375,0.2001953125
0.6755,2.5224609375,-6.1259765625,1.4814453125
0.676,1.1611328125,-6.40625,3.04296875
0.6765,0.0,-6.486328125,4.32421875
0.677,-0.80078125,-6.6865234375,5.2451171875
0.6775,-1.6015625,-6.4462890625,5.92578125
0.678,-2.7626953125,-5.4453125,6.24609375
0.6785,-4.0439453125,-4.2041015625,6.5263671875
0.679,-5.28515625,-2.8427734375,6.6865234375
0.6795,-5.9658203125,-1.7216796875,6.646484375
0.68,-6.24609375,-1.12109375,6.3662109375
0.6805,-6.0458984375,-0.240234375,5.765625
0.681,-5.7255859375,0.9609375,4.6845703125
0.6815,-5.60546875,2.2822265625,3.5234375
0.682,-5.3251953125,3.5634765625,2.2421875
0.6825,-5.0849609375,4.484375,1.28125
0.683,-4.64453125,4.96484375,0.560546875
0.6835,-3.7236328125,5.125,-0.560546875
0.684,-2.5625,5.3251953125,-1.8818359375
0.6845,-1.28125,5.60546875,-3.36328125
0.685,-0.3203125,5.7255859375,-4.5244140625
0.6855,0.48046875,5.8857421875,-5.365234375
0.686,1.3212890625,5.4453125,-5.92578125
0.6865,2.5625,4.404296875,-6.24609375
0.687,3.8037109375,3.203125,-6.56640625
0.6875,4.8046875,1.921875,-6.6064453125
0.688,5.365234375,0.8408203125,-6.6865234375
0.6885,5.5654296875,0.240234375,-6.3662109375
0.689,5.365234375,-0.6806640625,-5.6455078125
0.6895,5.0849609375,-1.7216796875,-4.6044921875
0.69,5.044921875,-3.04296875,-3.4833984375
0.6905,4.8046875,-4.2041015625,-2.2822265625
0.691,4.6044921875,-5.0048828125,-1.44140625
0.6915,4.1240234375,-5.4453125,-0.6806640625
0.692,3.1630859375,-5.6455078125,0.48046875
0.6925,2.001953125,-5.92578125,1.841796875
0.693,0.7607421875,-6.1259765625,3.203125
0.6935,0.0,-6.3662109375,4.2841796875
0.694,-0.7607421875,-6.486328125,5.0849609375
0.6945,-1.681640625,-5.92578125,5.5654296875
0.695,-2.9228515625,-4.884765625,5.92578125
0.6955,-4.1640625,-3.7236328125,6.24609375
0.696,-5.125,-2.642578125,6.2060546875
0.6965,-5.5654296875,-1.8017578125,6.326171875
0.697,-5.6455078125,-1.0810546875,6.005859375
0.6975,-5.4853515625,-0.2001953125,5.2451171875
0.698,-5.4052734375,1.0009765625,4.32421875
0.6985,-5.28515625,2.322265625,3.1630859375
0.699,-5.1650390625,3.36328125,2.2021484375
0.6995,-4.9248046875,4.1240234375,1.4013671875
0.7,-4.3642578125,4.5244140625,0.560546875
0.7005,-3.36328125,4.8046875,-0.640625
0.701,-2.3623046875,5.205078125,-2.001953125
0.7015,-1.2412109375,5.4052734375,-3.283203125
0.702,-0.560546875,5.7255859375,-4.32421875
0.7025,0.3203125,5.7255859375,-5.0849609375
0.703,1.361328125,5.0048828125,-5.60546875
0.7035,2.6025390625,3.9638671875,-5.9658203125
0.704,3.84375,2.6826171875,-6.3662109375
0.7045,4.64453125,1.7216796875,-6.3662109375
0.705,5.044921875,1.0810546875,-6.3662109375
0.7055,5.0849609375,0.3603515625,-5.92578125
0.706,4.96484375,-0.6806640625,-5.125
0.7065,4.96484375,-1.8818359375,-4.244140625
0.707,4.8046875,-3.1630859375,-3.123046875
0.7075,4.724609375,-4.083984375,-2.2822265625
0.708,4.484375,-4.7646484375,-1.4814453125
0.7085,3.763671875,-5.125,-0.6005859375
0.709,2.802734375,-5.4453125,0.6806640625
0.7095,1.7216796875,-5.765625,2.08203125
0.71,0.7607421875,-6.1259765625,3.283203125
0.7105,0.1201171875,-6.40625,4.244140625
0.711,-0.80078125,-6.166015625,4.9248046875
0.7115,-1.9619140625,-5.4052734375,5.365234375
0.712,-3.0830078125,-4.484375,5.685546875
0.7125,-4.32421875,-3.203125,6.005859375
0.713,-5.0048828125,-2.40234375,6.1259765625
0.7135,-5.3251953125,-1.6416015625,6.0859375
0.714,-5.28515625,-0.9208984375,5.5654296875
0.7145,-5.205078125,0.16015625,4.8046875
0.715,-5.2451171875,1.4013671875,3.84375
0.7155,-5.1650390625,2.6025390625,2.802734375
0.716,-5.044921875,3.4833984375,2.001953125
0.7165,-4.6845703125,4.083984375,1.2412109375
0.717,-3.8837890625,4.4443359375,0.240234375
0.7175,-2.962890625,4.8447265625,-1.1611328125
0.718,-1.8818359375,5.1650390625,-2.5224609375
0.7185,-1.0810546875,5.5654296875,-3.6435546875
0.719,-0.400390625,5.7255859375,-4.564453125
0.7195,0.6806640625,5.365234375,-5.1650390625
0.72,2.001953125,4.32421875,-5.765625
0.7205,3.1630859375,3.3232421875,-6.1259765625
0.721,4.2041015625,2.162109375,-6.24609375
0.7215,4.8046875,1.44140625,-6.3662109375
0.722,4.96484375,0.7607421875,-6.1259765625
0.7225,4.9248046875,-0.2802734375,-5.4453125
0.723,4.884765625,-1.3212890625,-4.6044921875
0.7235,4.884765625,-2.6025390625,-3.5634765625
0.724,4.7646484375,-3.7236328125,-2.5625
0.7245,4.6044921875,-4.5244140625,-1.8017578125
0.725,4.083984375,-5.0048828125,-0.9609375
0.7255,3.123046875,-5.3251953125,0.2802734375
0.726,2.0419921875,-5.765625,1.7216796875
0.7265,1.0009765625,-6.0458984375,3.0029296875
0.727,0.3203125,-6.3662109375,4.00390625
0.7275,-0.6005859375,-6.3662109375,4.8447265625
0.728,-1.5615234375,-5.5654296875,5.365234375
0.7285,-2.9228515625,-4.64453125,5.765625
0.729,-4.1640625,-3.443359375,6.0859375
0.7295,-5.0048828125,-2.40234375,6.1259765625
0.73,-5.4052734375,-1.681640625,6.1259765625
0.7305,-5.4453125,-0.9609375,5.7255859375
0.731,-5.28515625,0.1201171875,4.9248046875
0.7315,-5.28515625,1.3212890625,3.9638671875
0.732,-5.1650390625,2.6025390625,2.802734375
0.7325,-5.0849609375,3.5634765625,1.921875
0.733,-4.7646484375,4.2041015625,1.1611328125
0.7335,-4.00390625,4.5244140625,0.240234375
0.734,-2.962890625,4.8447265625,-1.12109375
0.7345,-1.9619140625,5.2451171875,-2.5224609375
0.735,-1.0009765625,5.4853515625,-3.7236328125
0.7355,-0.3203125,5.7255859375,-4.6845703125
0.736,0.7607421875,5.5654296875,-5.28515625
0.7365,1.921875,4.484375,-5.765625
0.737,3.1630859375,3.36328125,-6.166015625
0.7375,4.32421875,2.2021484375,-6.3662109375
0.738,4.96484375,1.28125,-6.40625
0.7385,5.2451171875,0.6005859375,-6.2861328125
0.739,5.125,-0.3203125,-5.6455078125
0.7395,4.96484375,-1.361328125,-4.64453125
0.74,4.96484375,-2.6826171875,-3.603515625
0.7405,4.8046875,-3.8837890625,-2.482421875
0.741,4.6044921875,-4.724609375,-1.681640625
0.7415,4.1240234375,-5.2451171875,-0.8408203125
0.742,3.203125,-5.4453125,0.3203125
0.7425,2.08203125,-5.765625,1.6416015625
0.743,0.9609375,-6.0859375,3.0830078125
0.7435,0.1201171875,-6.326171875,4.1640625
0.744,-0.640625,-6.40625,5.125
0.7445,-1.681640625,-5.8857421875,5.525390625
0.745,-2.962890625,-4.8046875,5.92578125
0.7455,-4.244140625,-3.5634765625,6.24609375
0.746,-5.1650390625,-2.3623046875,6.326171875
0.7465,-5.6455078125,-1.6015625,6.326171875
0.747,-5.7255859375,-0.8408203125,5.92578125
0.7475,-5.4853515625,0.16015625,5.125
0.748,-5.4052734375,1.3212890625,4.083984375
0.7485,-5.3251953125,2.6826171875,2.8828125
0.749,-5.125,3.763671875,1.8818359375
0.7495,-4.8447265625,4.484375,1.0810546875
0.75,-4.1640625,4.8046875,0.240234375
0.7505,-3.0830078125,4.96484375,-1.0810546875
0.751,-1.9619140625,5.365234375,-2.5625
0.7515,-0.8408203125,5.5654296875,-3.8837890625
0.752,-0.2001953125,5.8056640625,-4.724609375
0.7525,0.7607421875,5.6455078125,-5.60546875
0.753,1.921875,4.7646484375,-6.0458984375
0.7535,3.2431640625,3.603515625,-6.3662109375
0.754,4.484375,2.2822265625,-6.6064453125
0.7545,5.2451171875,1.2412109375,-6.6064453125
0.755,5.5654296875,0.48046875,-6.486328125
0.7555,5.4453125,-0.400390625,-5.8857421875
0.756,5.2451171875,-1.5615234375,-4.8447265625
0.7565,5.125,-2.8427734375,-3.7236328125
0.757,5.0048828125,-4.1640625,-2.4423828125
0.7575,4.7646484375,-5.0849609375,-1.4814453125
0.758,4.32421875,-5.6455078125,-0.6806640625
0.7585,3.36328125,-5.8056640625,0.4404296875
0.759,2.1220703125,-6.0458984375,1.841796875
0.7595,0.80078125,-6.326171875,3.4033203125
0.76,-0.3603515625,-6.646484375,4.5244140625
0.7605,-0.9609375,-6.6865234375,5.4052734375
0.761,-1.921875,-6.166015625,6.005859375
0.7615,-3.2431640625,-4.96484375,6.3662109375
0.762,-4.564453125,-3.603515625,6.6865234375
0.7625,-5.6455078125,-2.2421875,6.6865234375
0.763,-6.166015625,-1.28125,6.6064453125
0.7635,-6.2861328125,-0.5205078125,6.24609375
0.764,-6.0458984375,0.560546875,5.365234375
0.7645,-5.765625,1.841796875,4.083984375
0.765,-5.60546875,3.203125,2.802734375
0.7655,-5.3251953125,4.404296875,1.5615234375
0.766,-4.96484375,5.0849609375,0.6806640625
0.7665,-4.2041015625,5.4052734375,-0.3203125
0.767,-3.04296875,5.4853515625,-1.521484375
0.7675,-1.681640625,5.7255859375,-3.04296875
0.768,-0.3203125,5.8056640625,-4.64453125
0.7685,0.5205078125,5.9658203125,-5.4853515625
0.769,1.28125,5.8857421875,-6.24609375
0.7695,2.40234375,4.96484375,-6.646484375
0.77,3.8037109375,3.5634765625,-6.88671875
0.7705,5.044921875,2.2021484375,-7.0869140625
0.771,5.845703125,0.880859375,-6.9267578125
0.7715,6.0859375,0.0400390625,-6.7265625
0.772,6.005859375,-0.8408203125,-6.1259765625
0.7725,5.6455078125,-1.9619140625,-4.96484375
0.773,5.365234375,-3.2431640625,-3.6435546875
0.7735,5.125,-4.6845703125,-2.2822265625
0.774,4.8046875,-5.6455078125,-1.1611328125
0.7745,4.32421875,-6.166015625,-0.3603515625
0.775,3.443359375,-6.326171875,0.6806640625
0.7755,2.0419921875,-6.40625,2.08203125
0.776,0.6005859375,-6.486328125,3.763671875
0.7765,-0.640625,-6.6865234375,4.96484375
0.777,-1.3212890625,-6.7666015625,5.765625
0.7775,-2.1220703125,-6.40625,6.40625
0.778,-3.36328125,-5.205078125,6.6865234375
0.7785,-4.6845703125,-3.84375,6.88671875
0.779,-5.845703125,-2.40234375,6.966796875
0.7795,-6.4462890625,-1.2412109375,6.7666015625
0.78,-6.56640625,-0.48046875,6.486328125
0.7805,-6.3662109375,0.48046875,5.7255859375
0.781,-5.92578125,1.681640625,4.484375
0.7815,-5.7255859375,3.04296875,3.123046875
0.782,-5.4453125,4.32421875,1.76171875
0.7825,-5.0849609375,5.125,0.7607421875
0.783,-4.5244140625,5.5654296875,0.0
0.7835,-3.4833984375,5.685546875,-1.1611328125
0.784,-2.0419921875,5.8857421875,-2.5625
0.7845,-0.6806640625,5.92578125,-4.2041015625
0.785,0.400390625,6.005859375,-5.3251953125
0.7855,1.0810546875,6.0859375,-6.1259765625
0.786,2.0419921875,5.4453125,-6.646484375
0.7865,3.36328125,4.1240234375,-6.88671875
0.787,4.6044921875,2.802734375,-7.0869140625
0.7875,5.685546875,1.3212890625,-7.0869140625
0.788,6.166015625,0.3203125,-6.9267578125
0.7885,6.2060546875,-0.5205078125,-6.5263671875
0.789,5.8857421875,-1.4814453125,-5.5654296875
0.7895,5.5654296875,-2.72265625,-4.244140625
0.79,5.3251953125,-4.1640625,-2.8828125
0.7905,5.044921875,-5.3251953125,-1.6015625
0.791,4.6044921875,-6.0458984375,-0.6806640625
0.7915,3.923828125,-6.3662109375,0.2802734375
0.792,2.6025390625,-6.4462890625,1.5615234375
0.7925,1.2412109375,-6.6064453125,3.0830078125
0.793,-0.240234375,-6.7265625,4.5244140625
0.7935,-1.041015625,-6.7666015625,5.5654296875
0.794,-1.76171875,-6.6865234375,6.24609375
0.7945,-2.8828125,-5.765625,6.646484375
0.795,-4.2041015625,-4.404296875,6.88671875
0.7955,-5.4853515625,-2.962890625,7.046875
0.796,-6.326171875,-1.6015625,6.9267578125
0.7965,-6.646484375,-0.720703125,6.6865234375
0.797,-6.5263671875,0.2001953125,6.0859375
0.7975,-6.1259765625,1.28125,4.96484375
0.798,-5.845703125,2.5625,3.603515625
0.7985,-5.6455078125,4.00390625,2.2421875
0.799,-5.28515625,5.0048828125,1.041015625
0.7995,-4.8046875,5.60546875,0.240234375
0.8,-3.9638671875,5.7255859375,-0.720703125
0.8005,-2.5625,5.7255859375,-2.2021484375
0.801,-1.1611328125,6.005859375,-3.84375
0.8015,0.2001953125,6.0859375,-5.1650390625
0.802,0.9609375,6.1259765625,-6.0458984375
0.8025,1.76171875,5.8056640625,-6.6865234375
0.803,3.04296875,4.6044921875,-7.0068359375
0.8035,4.4443359375,3.1630859375,-7.20703125
0.804,5.60546875,1.7216796875,-7.2470703125
0.8045,6.24609375,0.5205078125,-7.0869140625
0.805,6.3662109375,-0.3603515625,-6.7666015625
0.8055,6.1259765625,-1.28125,-5.9658203125
0.806,5.7255859375,-2.482421875,-4.64453125
0.8065,5.4453125,-3.8837890625,-3.2431640625
0.807,5.1650390625,-5.1650390625,-1.8818359375
0.8075,4.7646484375,-6.005859375,-0.80078125
0.808,4.1240234375,-6.4462890625,0.2001953125
0.8085,3.04296875,-6.5263671875,1.1611328125
0.809,1.5615234375,-6.6064453125,2.6826171875
0.8095,0.16015625,-6.6865234375,4.2841796875
0.81,-1.0009765625,-6.7265625,5.4052734375
0.8105,-1.6015625,-6.7265625,6.1259765625
0.811,-2.5625,-6.1259765625,6.6064453125
0.8115,-3.8837890625,-4.7646484375,6.8466796875
0.812,-5.125,-3.36328125,7.046875
0.8125,-6.1259765625,-1.9619140625,6.966796875
0.813,-6.56640625,-0.9609375,6.7265625
0.8135,-6.56640625,-0.2001953125,6.3662109375
0.814,-6.24609375,0.80078125,5.4052734375
0.8145,-5.845703125,2.001953125,4.083984375
0.815,-5.6455078125,3.36328125,2.7626953125
0.8155,-5.3251953125,4.5244140625,1.4814453125
0.816,-4.9248046875,5.2451171875,0.720703125
0.8165,-4.2041015625,5.4853515625,-0.3203125
0.817,-3.123046875,5.525390625,-1.44140625
0.8175,-1.8017578125,5.7255859375,-2.8828125
0.818,-0.4404296875,5.845703125,-4.3642578125
0.8185,0.5205078125,5.92578125,-5.365234375
0.819,1.1611328125,5.92578125,-6.0859375
0.8195,2.162109375,5.205078125,-6.486328125
0.82,3.4833984375,3.8837890625,-6.7265625
0.8205,4.6845703125,2.6025390625,-6.966796875
0.821,5.5654296875,1.28125,-6.88671875
0.8215,5.92578125,0.48046875,-6.7265625
0.822,5.8857421875,-0.4404296875,-6.2861328125
0.8225,5.60546875,-1.361328125,-5.3251953125
0.823,5.365234375,-2.6025390625,-4.1640625
0.8235,5.1650390625,-4.00390625,-2.8427734375
0.824,4.96484375,-5.0048828125,-1.6416015625
0.8245,4.5244140625,-5.765625,-0.880859375
0.825,3.8037109375,-6.0859375,0.1201171875
0.8255,2.5625,-6.1259765625,1.3212890625
0.826,1.28125,-6.40625,2.8828125
0.8265,0.0400390625,-6.4462890625,4.244140625
0.827,-0.7607421875,-6.6865234375,5.1650390625
0.8275,-1.4814453125,-6.5263671875,5.8857421875
0.828,-2.642578125,-5.60546875,6.24609375
0.8285,-3.9638671875,-4.32421875,6.5263671875
0.829,-5.1650390625,-2.962890625,6.6865234375
0.8295,-5.92578125,-1.8017578125,6.646484375
0.83,-6.166015625,-1.041015625,6.4462890625
0.8305,-6.0458984375,-0.2802734375,5.8857421875
0.831,-5.765625,0.9208984375,4.8046875
0.8315,-5.6455078125,2.2021484375,3.6435546875
0.832,-5.28515625,3.5634765625,2.2822265625
0.8325,-5.125,4.404296875,1.3212890625
0.833,-4.6845703125,4.96484375,0.560546875
0.8335,-3.84375,5.1650390625,-0.5205078125
0.834,-2.642578125,5.3251953125,-1.8017578125
0.8345,-1.3212890625,5.60546875,-3.283203125
0.835,-0.3203125,5.7255859375,-4.484375
0.8355,0.400390625,5.8857421875,-5.365234375
0.836,1.28125,5.525390625,-5.92578125
0.8365,2.482421875,4.484375,-6.2861328125
0.837,3.763671875,3.2431640625,-6.56640625
0.8375,4.8046875,1.921875,-6.646484375
0.838,5.4052734375,0.9609375,-6.56640625
0.8385,5.5654296875,0.2802734375,-6.40625
0.839,5.4052734375,-0.640625,-5.7255859375
0.8395,5.1650390625,-1.681640625,-4.6845703125
0.84,5.125,-3.04296875,-3.603515625
0.8405,4.8447265625,-4.2041015625,-2.322265625
0.841,4.6044921875,-5.044921875,-1.44140625
0.8415,4.1240234375,-5.4853515625,-0.6806640625
0.842,3.1630859375,-5.6455078125,0.4404296875
0.8425,2.0419921875,-5.92578125,1.76171875
0.843,0.8408203125,-6.1259765625,3.1630859375
0.8435,0.0,-6.3662109375,4.244140625
0.844,-0.720703125,-6.486328125,5.0849609375
0.8445,-1.6416015625,-5.9658203125,5.60546875
0.845,-2.8828125,-4.96484375,5.92578125
0.8455,-4.1240234375,-3.763671875,6.24609375
0.846,-5.0849609375,-2.5625,6.326171875
0.8465,-5.60546875,-1.76171875,6.326171875
0.847,-5.7255859375,-1.0810546875,6.0859375
0.8475,-5.525390625,-0.2001953125,5.3251953125
0.848,-5.4052734375,0.80078125,4.2841796875
0.8485,-5.3251953125,2.2421875,3.2431640625
0.849,-5.1650390625,3.36328125,2.2021484375
0.8495,-5.0048828125,4.1240234375,1.44140625
0.85,-4.4443359375,4.564453125,0.6005859375
0.8505,-3.4833984375,4.8046875,-0.6005859375
0.851,-2.40234375,5.205078125,-1.9619140625
0.8515,-1.28125,5.4453125,-3.283203125
0.852,-0.5205078125,5.7255859375,-4.32421875
0.8525,0.2802734375,5.7255859375,-5.125
0.853,1.3212890625,5.0849609375,-5.60546875
0.8535,2.6025390625,4.00390625,-6.0458984375
0.854,3.84375,2.8427734375,-6.2861328125
0.8545,4.724609375,1.76171875,-6.40625
0.855,5.0849609375,1.0810546875,-6.40625
0.8555,5.1650390625,0.3203125,-6.0458984375
0.856,5.044921875,-0.80078125,-5.3251953125
0.8565,4.96484375,-1.921875,-4.2841796875
0.857,4.884765625,-3.203125,-3.1630859375
0.8575,4.724609375,-4.1640625,-2.2021484375
0.858,4.484375,-4.884765625,-1.44140625
0.8585,3.8037109375,-5.205078125,-0.560546875
0.859,2.802734375,-5.4853515625,0.720703125
0.8595,1.681640625,-5.845703125,2.162109375
0.86,0.6806640625,-6.0859375,3.36328125
0.8605,0.0400390625,-6.3662109375,4.32421875
0.861,-0.8408203125,-6.166015625,5.0048828125
0.8615,-2.001953125,-5.4052734375,5.4052734375
0.862,-3.203125,-4.3642578125,5.8056640625
0.8625,-4.3642578125,-3.1630859375,6.0859375
0.863,-5.0849609375,-2.2822265625,6.1259765625
0.8635,-5.365234375,-1.6015625,6.0859375
0.864,-5.365234375,-1.0009765625,5.4853515625
0.8645,-5.2451171875,0.16015625,4.7646484375
0.865,-5.205078125,1.4013671875,3.8037109375
0.8655,-5.1650390625,2.642578125,2.7626953125
0.866,-5.0048828125,3.5234375,1.921875
0.8665,-4.64453125,4.083984375,1.201171875
0.867,-3.8837890625,4.4443359375,0.240234375
0.8675,-2.962890625,4.8447265625,-1.12109375
0.868,-1.8818359375,5.1650390625,-2.5224609375
0.8685,-1.041015625,5.4853515625,-3.603515625
0.869,-0.400390625,5.7255859375,-4.5244140625
0.8695,0.640625,5.365234375,-5.125
0.87,1.841796875,4.484375,-5.60546875
0.8705,3.0830078125,3.443359375,-6.0458984375
0.871,4.1240234375,2.2421875,-6.166015625
0.8715,4.7646484375,1.521484375,-6.326171875
0.872,5.0048828125,0.720703125,-6.2861328125
0.8725,4.9248046875,0.0,-5.525390625
0.873,4.8447265625,-1.1611328125,-4.7646484375
0.8735,4.8447265625,-2.482421875,-3.68359375
0.874,4.7646484375,-3.5634765625,-2.6826171875
0.8745,4.6044921875,-4.4443359375,-1.9619140625
0.875,4.1240234375,-4.884765625,-1.12109375
0.8755,3.2431640625,-5.205078125,0.080078125
0.876,2.2822265625,-5.6455078125,1.4013671875
0.8765,1.2412109375,-5.92578125,2.72265625
0.877,0.48046875,-6.2861328125,3.8037109375
0.8775,-0.3603515625,-6.3662109375,4.6044921875
0.878,-1.361328125,-5.765625,5.125
0.8785,-2.642578125,-4.8046875,5.60546875
0.879,-3.8837890625,-3.6435546875,5.9658203125
0.8795,-4.8046875,-2.6025390625,6.0859375
0.88,-5.125,-1.9619140625,6.005859375
0.8805,-5.3251953125,-1.2412109375,5.8056640625
0.881,-5.205078125,-0.3203125,5.044921875
0.8815,-5.2451171875,0.9609375,4.1640625
0.882,-5.205078125,2.2421875,3.123046875
0.8825,-5.0849609375,3.2431640625,2.2021484375
0.883,-4.8447265625,3.9638671875,1.44140625
0.8835,-4.2041015625,4.32421875,0.6005859375
0.884,-3.2431640625,4.6845703125,-0.6806640625
0.8845,-2.2421875,5.0849609375,-2.1220703125
0.885,-1.28125,5.4052734375,-3.36328125
0.8855,-0.6005859375,5.7255859375,-4.3642578125
0.886,0.3603515625,5.525390625,-5.0849609375
0.8865,1.5615234375,4.6845703125,-5.525390625
0.887,2.8427734375,3.68359375,-5.9658203125
0.8875,4.00390625,2.482421875,-6.24609375
0.888,4.8046875,1.44140625,-6.4462890625
0.8885,5.0849609375,0.8408203125,-6.2861328125
0.889,5.044921875,0.0400390625,-5.7255859375
0.8895,4.9248046875,-1.041015625,-4.8447265625
0.89,4.9248046875,-2.322265625,-3.84375
0.8905,4.8046875,-3.5634765625,-2.72265625
0.891,4.64453125,-4.4443359375,-1.921875
0.8915,4.2841796875,-5.0048828125,-1.1611328125
0.892,3.4033203125,-5.28515625,0.0
0.8925,2.3623046875,-5.6455078125,1.28125
0.893,1.2412109375,-5.9658203125,2.7626953125
0.8935,0.3603515625,-6.2861328125,3.8837890625
0.894,-0.400390625,-6.4462890625,4.7646484375
0.8945,-1.361328125,-5.92578125,5.3251953125
0.895,-2.642578125,-4.9248046875,5.7255859375
0.8955,-3.923828125,-3.763671875,6.1259765625
0.896,-5.0048828125,-2.72265625,6.1259765625
0.8965,-5.4853515625,-1.8017578125,6.24609375
0.897,-5.6455078125,-1.12109375,5.9658203125
0.8975,-5.4853515625,0.0,5.2451171875
0.898,-5.3251953125,1.12109375,4.2041015625
0.8985,-5.3251953125,2.4423828125,3.0830078125
0.899,-5.1650390625,3.5634765625,2.0419921875
0.8995,-4.9248046875,4.32421875,1.201171875
0.9,-4.2841796875,4.64453125,0.3603515625
0.9005,-3.203125,4.884765625,-0.880859375
0.901,-2.162109375,5.2451171875,-2.2822265625
0.9015,-1.0009765625,5.4853515625,-3.68359375
0.902,-0.2802734375,5.7255859375,-4.64453125
0.9025,0.6005859375,5.685546875,-5.4052734375
0.903,1.7216796875,4.884765625,-5.845703125
0.9035,3.04296875,3.68359375,-6.24609375
0.904,4.2041015625,2.2822265625,-6.56640625
0.9045,5.0849609375,1.28125,-6.5263671875
0.905,5.4052734375,0.6005859375,-6.4462890625
0.9055,5.4052734375,-0.2802734375,-5.92578125
0.906,5.1650390625,-1.3212890625,-4.884765625
0.9065,5.0849609375,-2.5625,-3.84375
0.907,4.9248046875,-3.8837890625,-2.6025390625
0.9075,4.724609375,-4.8447265625,-1.681640625
0.908,4.3642578125,-5.4453125,-0.880859375
0.9085,3.5234375,-5.6455078125,0.16015625
0.909,2.2822265625,-5.845703125,1.4814453125
0.9095,1.12109375,-6.166015625,3.0029296875
0.91,0.080078125,-6.40625,4.2041015625
0.9105,-0.6806640625,-6.56640625,5.0849609375
0.911,-1.6015625,-6.166015625,5.7255859375
0.9115,-2.8828125,-5.125,6.0859375
0.912,-4.32421875,-4.00390625,6.4462890625
0.9125,-5.3251953125,-2.6025390625,6.5263671875
0.913,-5.92578125,-1.6015625,6.486328125
0.9135,-6.1259765625,-0.80078125,6.24609375
0.914,-5.8857421875,0.16015625,5.4853515625
0.9145,-5.6455078125,1.361328125,4.32421875
0.915,-5.525390625,2.7626953125,3.123046875
0.9155,-5.3251953125,3.9638671875,1.8818359375
0.916,-5.044921875,4.7646484375,1.0009765625
0.9165,-4.4443359375,5.1650390625,0.16015625
0.917,-3.36328125,5.3251953125,-1.041015625
0.9175,-2.0419921875,5.5654296875,-2.5625
0.918,-0.720703125,5.8056640625,-4.1240234375
0.9185,0.240234375,5.92578125,-5.1650390625
0.919,0.9208984375,5.9658203125,-5.92578125
0.9195,2.0419921875,5.125,-6.40625
0.92,3.3232421875,3.8037109375,-6.6064453125
0.9205,4.724609375,2.4423828125,-7.0068359375
0.921,5.6455078125,1.0810546875,-6.9267578125
0.9215,6.005859375,0.2802734375,-6.7666015625
0.922,5.9658203125,-0.640625,-6.24609375
0.9225,5.6455078125,-1.7216796875,-5.125
0.923,5.4052734375,-3.0830078125,-3.84375
0.9235,5.1650390625,-4.484375,-2.4423828125
0.924,4.8447265625,-5.4853515625,-1.3212890625
0.9245,4.4443359375,-6.0458984375,-0.48046875
0.925,3.5634765625,-6.2861328125,0.560546875
0.9255,2.2021484375,-6.326171875,1.921875
0.926,0.7607421875,-6.56640625,3.5234375
0.9265,-0.5205078125,-6.6064453125,4.884765625
0.927,-1.28125,-6.7265625,5.7255859375
0.9275,-2.0419921875,-6.40625,6.3662109375
0.928,-3.36328125,-5.2451171875,6.806640625
0.9285,-4.64453125,-3.84375,6.88671875
0.929,-5.8056640625,-2.4423828125,7.0068359375
0.9295,-6.486328125,-1.201171875,6.806640625
0.93,-6.6064453125,-0.400390625,6.486328125
0.9305,-6.40625,0.560546875,5.7255859375
0.931,-5.9658203125,1.76171875,4.4443359375
0.9315,-5.7255859375,3.0830078125,3.123046875
0.932,-5.4453125,4.404296875,1.7216796875
0.9325,-5.0849609375,5.205078125,0.6806640625
0.933,-4.5244140625,5.6455078125,-0.2001953125
0.9335,-3.443359375,5.685546875,-1.201171875
0.934,-2.001953125,5.765625,-2.6826171875
0.9345,-0.640625,5.9658203125,-4.244140625
0.935,0.5205078125,6.005859375,-5.4453125
0.9355,1.12109375,6.0458984375,-6.166015625
0.936,2.162109375,5.5654296875,-6.646484375
0.9365,3.4033203125,4.1240234375,-6.9267578125
0.937,4.6845703125,2.72265625,-7.126953125
0.9375,5.7255859375,1.361328125,-7.0869140625
0.938,6.2060546875,0.3203125,-6.9267578125
0.9385,6.2060546875,-0.560546875,-6.5263671875
0.939,5.8857421875,-1.44140625,-5.60546875
0.9395,5.525390625,-2.6826171875,-4.2841796875
0.94,5.28515625,-4.1240234375,-2.8828125
0.9405,5.0048828125,-5.28515625,-1.6416015625
0.941,4.6044921875,-5.92578125,-0.720703125
0.9415,3.9638671875,-6.2861328125,0.2001953125
0.942,2.72265625,-6.3662109375,1.3212890625
0.9425,1.3212890625,-6.486328125,2.8427734375
0.943,0.0,-6.6064453125,4.404296875
0.9435,-1.0009765625,-6.7265625,5.4052734375
0.944,-1.521484375,-6.6064453125,6.0859375
0.9445,-2.642578125,-5.92578125,6.5263671875
0.945,-4.0439453125,-4.564453125,6.7666015625
0.9455,-5.28515625,-3.1630859375,6.966796875
0.946,-6.166015625,-1.8017578125,6.88671875
0.9465,-6.486328125,-0.9208984375,6.6865234375
0.947,-6.4462890625,-0.16015625,6.2060546875
0.9475,-6.1259765625,0.9609375,5.125
0.948,-5.8056640625,2.2421875,3.84375
0.9485,-5.6455078125,3.6435546875,2.482421875
0.949,-5.3251953125,4.724609375,1.28125
0.9495,-4.9248046875,5.3251953125,0.48046875
0.95,-4.1240234375,5.5654296875,-0.5205078125
0.9505,-2.8427734375,5.6455078125,-1.8017578125
0.951,-1.4013671875,5.8857421875,-3.4033203125
0.9515,-0.16015625,6.005859375,-4.8046875
0.952,0.80078125,6.0859375,-5.765625
0.9525,1.4814453125,5.845703125,-6.40625
0.953,2.6826171875,4.8046875,-6.7666015625
0.9535,4.0439453125,3.443359375,-7.046875
0.954,5.2451171875,2.001953125,-7.1669921875
0.9545,6.005859375,0.7607421875,-7.046875
0.955,6.2060546875,0.0,-6.7666015625
0.9555,6.0458984375,-1.0009765625,-6.1259765625
0.956,5.7255859375,-2.1220703125,-4.884765625
0.9565,5.4453125,-3.5634765625,-3.5234375
0.957,5.205078125,-4.9248046875,-2.08203125
0.9575,4.8046875,-5.765625,-1.041015625
0.958,4.32421875,-6.2861328125,-0.240234375
0.9585,3.2431640625,-6.40625,0.9208984375
0.959,1.841796875,-6.5263671875,2.40234375
0.9595,0.3603515625,-6.7265625,4.083984375
0.96,-0.80078125,-6.88671875,5.0849609375
0.9605,-1.4814453125,-6.806640625,6.0458984375
0.961,-2.40234375,-6.2861328125,6.56640625
0.9615,-3.763671875,-4.9248046875,6.8466796875
0.962,-5.0849609375,-3.5234375,7.046875
0.9625,-6.1259765625,-2.08203125,7.046875
0.963,-6.6064453125,-1.0009765625,6.7666015625
0.9635,-6.6064453125,-0.2001953125,6.3662109375
0.964,-6.2861328125,0.80078125,5.4453125
0.9645,-5.92578125,2.0419921875,4.1240234375
0.965,-5.685546875,3.443359375,2.72265625
0.9655,-5.365234375,4.6044921875,1.4013671875
0.966,-4.9248046875,5.28515625,0.5205078125
0.9665,-4.244140625,5.60546875,-0.400390625
0.967,-3.123046875,5.6455078125,-1.4814453125
0.9675,-1.681640625,5.765625,-3.0029296875
0.968,-0.3203125,5.765625,-4.6044921875
0.9685,0.640625,5.92578125,-5.525390625
0.969,1.28125,5.92578125,-6.24609375
0.9695,2.2421875,5.1650390625,-6.6064453125
0.97,3.603515625,3.84375,-6.8466796875
0.9705,4.8046875,2.5224609375,-7.0869140625
0.971,5.685546875,1.12109375,-6.9267578125
0.9715,6.0458984375,0.2802734375,-6.7666015625
0.972,5.9658203125,-0.560546875,-6.2861328125
0.9725,5.6455078125,-1.4814453125,-5.3251953125
0.973,5.365234375,-2.72265625,-4.083984375
0.9735,5.125,-4.1240234375,-2.72265625
0.974,4.8046875,-5.1650390625,-1.6015625
0.9745,4.484375,-5.8056640625,-0.80078125
0.975,3.763671875,-6.0859375,0.16015625
0.9755,2.5625,-6.1259765625,1.4013671875
0.976,1.28125,-6.486328125,2.802734375
0.9765,0.0,-6.486328125,4.2841796875
0.977,-0.8408203125,-6.6865234375,5.205078125
0.9775,-1.5615234375,-6.56640625,5.92578125
0.978,-2.6025390625,-5.685546875,6.2861328125
0.9785,-3.923828125,-4.404296875,6.56640625
0.979,-5.1650390625,-3.0830078125,6.7265625
0.9795,-5.92578125,-1.841796875,6.6865234375
0.98,-6.24609375,-1.041015625,6.5263671875
0.9805,-6.1259765625,-0.3203125,6.005859375
0.981,-5.8056640625,0.80078125,4.96484375
0.9815,-5.6455078125,2.08203125,3.8037109375
0.982,-5.4853515625,3.4833984375,2.482421875
0.9825,-5.1650390625,4.4443359375,1.4013671875
0.983,-4.8046875,5.0048828125,0.6005859375
0.9835,-3.9638671875,5.2451171875,-0.3603515625
0.984,-2.8828125,5.2451171875,-1.681640625
0.9845,-1.44140625,5.6455078125,-3.2431640625
0.985,-0.3203125,5.7255859375,-4.5244140625
0.9855,0.400390625,6.005859375,-5.4052734375
0.986,1.28125,5.60546875,-6.005859375
0.9865,2.482421875,4.564453125,-6.3662109375
0.987,3.8037109375,3.3232421875,-6.6865234375
0.9875,4.9248046875,1.9619140625,-6.7666015625
0.988,5.525390625,0.9609375,-6.6865234375
0.9885,5.7255859375,0.2802734375,-6.4462890625
0.989,5.525390625,-0.640625,-5.765625
0.9895,5.2451171875,-1.76171875,-4.6845703125
0.99,5.125,-3.0830078125,-3.4833984375
0.9905,4.884765625,-4.32421875,-2.2822265625
0.991,4.6044921875,-5.1650390625,-1.361328125
0.9915,4.1240234375,-5.60546875,-0.640625
0.992,3.123046875,-5.765625,0.6005859375
0.9925,1.9619140625,-6.0458984375,1.841796875
0.993,0.6806640625,-6.24609375,3.3232421875
0.9935,-0.2802734375,-6.3662109375,4.4443359375
0.994,-0.9208984375,-6.486328125,5.2451171875
0.9945,-1.8017578125,-5.9658203125,5.7255859375
0.995,-3.0029296875,-4.884765625,6.0458984375
0.9955,-4.2041015625,-3.7236328125,6.3662109375
0.996,-5.205078125,-2.4423828125,6.40625
0.9965,-5.7255859375,-1.6416015625,6.3662109375
0.997,-5.765625,-1.0009765625,6.0859375
0.9975,-5.60546875,0.0,5.3251953125
0.998,-5.4052734375,1.041015625,4.32421875
0.9985,-5.3251953125,2.40234375,3.1630859375
0.999,-5.125,3.4833984375,2.08203125
0.9995,-4.884765625,4.244140625,1.28125
