wavelength,x,y,z
0.0,-4.083984375,0.4404296875,3.123046875
0.0005,-3.4033203125,-0.640625,3.443359375
0.001,-3.1630859375,-1.28125,3.763671875
0.0015,-2.2021484375,-2.322265625,4.00390625
0.002,-1.7216796875,-2.9228515625,4.00390625
0.0025,-0.9208984375,-3.6435546875,3.8837890625
0.003,-0.16015625,-3.9638671875,3.4833984375
0.0035,0.48046875,-4.244140625,3.123046875
0.004,1.5615234375,-4.5244140625,2.40234375
0.0045,2.482421875,-4.7646484375,1.6015625
0.005,2.9228515625,-4.5244140625,0.9609375
0.0055,3.5634765625,-4.5244140625,0.3603515625
0.006,3.603515625,-3.7236328125,-0.4404296875
0.0065,3.84375,-3.5634765625,-0.9208984375
0.007,3.9638671875,-2.5224609375,-2.0419921875
0.0075,4.0439453125,-2.001953125,-2.5625
0.008,3.84375,-1.12109375,-3.203125
0.0085,3.5234375,-0.2802734375,-3.68359375
0.009,2.802734375,0.6005859375,-3.84375
0.0095,2.482421875,1.44140625,-4.1640625
0.01,1.44140625,2.5625,-4.3642578125
0.0105,0.8408203125,3.0029296875,-4.2041015625
0.011,0.0,3.7236328125,-4.0439453125
0.0115,-0.8408203125,3.923828125,-3.4833984375
0.012,-1.5615234375,4.2041015625,-3.0830078125
0.0125,-2.72265625,4.484375,-2.08203125
0.013,-3.68359375,4.6044921875,-1.3212890625
0.0135,-4.1240234375,4.1240234375,-0.5205078125
0.014,-4.6845703125,4.0439453125,0.2001953125
0.0145,-4.64453125,3.1630859375,0.9609375
0.015,-4.8447265625,2.802734375,1.5615234375
0.0155,-4.96484375,1.6416015625,2.802734375
0.016,-4.8046875,1.0009765625,3.283203125
0.0165,-4.404296875,0.0,3.9638671875
0.017,-3.923828125,-1.0009765625,4.2841796875
0.0175,-3.04296875,-1.8818359375,4.32421875
0.018,-2.4423828125,-2.7626953125,4.5244140625
0.0185,-1.44140625,-3.9638671875,4.724609375
0.019,-0.6005859375,-4.2841796875,4.1640625
0.0195,0.16015625,-4.884765625,4.083984375
0.02,1.0810546875,-4.96484375,3.203125
0.0205,1.8017578125,-5.205078125,2.72265625
0.021,3.0830078125,-5.3251953125,1.6015625
0.0215,3.8837890625,-5.3251953125,0.80078125
0.022,4.2041015625,-4.6845703125,-0.1201171875
0.0225,4.64453125,-4.5244140625,-0.720703125
0.023,4.5244140625,-3.5234375,-1.6015625
0.0235,4.6044921875,-2.962890625,-2.2021484375
0.024,4.8046875,-1.8818359375,-3.4833984375
0.0245,4.404296875,-1.041015625,-3.84375
0.025,3.9638671875,0.0,-4.484375
0.0255,3.4033203125,0.9208984375,-4.6845703125
0.026,2.5224609375,1.841796875,-4.6845703125
0.0265,1.76171875,2.7626953125,-4.8447265625
0.027,0.7607421875,3.8837890625,-5.044921875
0.0275,-0.2802734375,4.1640625,-4.244140625
0.028,-1.0009765625,4.8046875,-4.1640625
0.0285,-2.08203125,4.8046875,-3.1630859375
0.029,-2.8427734375,4.96484375,-2.5625
0.0295,-4.1240234375,5.0849609375,-1.4013671875
0.03,-4.8447265625,4.9248046875,-0.5205078125
0.0305,-5.0849609375,4.1640625,0.48046875
0.031,-5.4853515625,3.9638671875,1.0810546875
0.0315,-5.365234375,2.8427734375,2.0419921875
0.032,-5.3251953125,2.162109375,2.6826171875
0.0325,-5.4853515625,1.0009765625,3.9638671875
0.033,-4.8447265625,0.0,4.2841796875
0.0335,-4.404296875,-1.0810546875,4.7646484375
0.034,-3.603515625,-2.001953125,4.96484375
0.0345,-2.6826171875,-2.9228515625,4.96484375
0.035,-1.8017578125,-3.8837890625,5.0048828125
0.0355,-0.80078125,-4.9248046875,5.0048828125
0.036,0.3203125,-5.0849609375,4.083984375
0.0365,0.9208984375,-5.60546875,3.9638671875
0.037,2.2421875,-5.6455078125,2.72265625
0.0375,2.8427734375,-5.6455078125,2.162109375
0.038,4.083984375,-5.7255859375,1.0009765625
0.0385,4.6044921875,-5.365234375,0.16015625
0.039,4.8046875,-4.64453125,-0.7607421875
0.0395,5.044921875,-4.2041015625,-1.361328125
0.04,4.96484375,-3.0830078125,-2.40234375
0.0405,4.8046875,-2.4423828125,-2.962890625
0.041,5.0048828125,-1.4013671875,-4.2041015625
0.0415,4.1640625,-0.3203125,-4.4443359375
0.042,3.8037109375,0.640625,-4.884765625
0.0425,2.8427734375,1.6416015625,-4.9248046875
0.043,2.08203125,2.5625,-5.0048828125
0.0435,1.2412109375,3.4833984375,-5.0048828125
0.044,0.240234375,4.404296875,-4.96484375
0.0445,-0.8408203125,4.564453125,-4.0439453125
0.045,-1.4814453125,5.044921875,-3.8837890625
0.0455,-2.8828125,5.0849609375,-2.6025390625
0.046,-3.4833984375,5.0849609375,-2.0419921875
0.0465,-4.64453125,5.1650390625,-0.9609375
0.047,-5.0048828125,4.64453125,0.0
0.0475,-5.2451171875,4.00390625,0.80078125
0.048,-5.4453125,3.4833984375,1.5615234375
0.0485,-5.4453125,2.3623046875,2.5224609375
0.049,-5.28515625,1.6416015625,3.123046875
0.0495,-5.4052734375,0.640625,4.1640625
0.05,-4.4443359375,-0.560546875,4.404296875
0.0505,-4.1640625,-1.361328125,4.884765625
0.051,-3.0029296875,-2.5625,4.9248046875
0.0515,-2.2822265625,-3.36328125,4.96484375
0.052,-1.3212890625,-4.2041015625,4.8046875
0.0525,-0.3603515625,-4.96484375,4.6044921875
0.053,0.6005859375,-5.0849609375,3.763671875
0.0535,1.28125,-5.4853515625,3.5234375
0.054,2.6025390625,-5.4853515625,2.2021484375
0.0545,3.123046875,-5.4453125,1.7216796875
0.055,4.1240234375,-5.4453125,0.6806640625
0.0555,4.3642578125,-4.8046875,-0.2001953125
0.056,4.6044921875,-4.32421875,-0.880859375
0.0565,4.64453125,-3.603515625,-1.681640625
0.057,4.6845703125,-2.72265625,-2.6025390625
0.0575,4.5244140625,-1.9619140625,-3.1630859375
0.058,4.564453125,-1.041015625,-4.0439453125
0.0585,3.5634765625,0.1201171875,-4.1640625
0.059,3.443359375,0.80078125,-4.64453125
0.0595,2.2421875,1.9619140625,-4.64453125
0.06,1.841796875,2.6025390625,-4.8046875
0.0605,0.8408203125,3.5234375,-4.64453125
0.061,-0.080078125,4.083984375,-4.3642578125
0.0615,-1.0009765625,4.32421875,-3.68359375
0.062,-1.7216796875,4.6845703125,-3.283203125
0.0625,-2.962890625,4.7646484375,-2.162109375
0.063,-3.4033203125,4.6845703125,-1.681640625
0.0635,-4.3642578125,4.724609375,-0.720703125
0.064,-4.564453125,4.00390625,0.16015625
0.0645,-4.8447265625,3.68359375,0.720703125
0.065,-4.9248046875,2.7626953125,1.6416015625
0.0655,-5.0048828125,2.08203125,2.40234375
0.066,-4.8447265625,1.28125,3.04296875
0.0665,-4.8046875,0.4404296875,3.84375
0.067,-3.8037109375,-0.720703125,3.9638671875
0.0675,-3.6435546875,-1.4013671875,4.404296875
0.068,-2.4423828125,-2.6025390625,4.4443359375
0.0685,-2.0419921875,-3.1630859375,4.5244140625
0.069,-1.041015625,-3.9638671875,4.32421875
0.0695,-0.240234375,-4.3642578125,3.8837890625
0.07,0.5205078125,-4.6044921875,3.4033203125
0.0705,1.4013671875,-4.884765625,2.802734375
0.071,2.3623046875,-5.0048828125,1.921875
0.0715,2.8427734375,-4.8447265625,1.4013671875
0.072,3.5634765625,-4.8447265625,0.640625
0.0725,3.6435546875,-4.1240234375,-0.2001953125
0.073,3.9638671875,-4.00390625,-0.640625
0.0735,3.923828125,-3.0029296875,-1.6015625
0.074,4.1240234375,-2.6025390625,-2.08203125
0.0745,3.9638671875,-1.681640625,-2.802734375
0.075,3.84375,-1.0009765625,-3.283203125
0.0755,3.123046875,0.0,-3.5634765625
0.076,2.9228515625,0.6005859375,-3.923828125
0.0765,2.001953125,1.6416015625,-4.0439453125
0.077,1.7216796875,2.162109375,-4.244140625
0.0775,0.8408203125,2.962890625,-4.1640625
0.078,0.0400390625,3.283203125,-3.68359375
0.0785,-0.640625,3.763671875,-3.4833984375
0.079,-1.6015625,3.923828125,-2.72265625
0.0795,-2.3623046875,4.2041015625,-2.2421875
0.08,-3.0029296875,4.1240234375,-1.521484375
0.0805,-3.5634765625,4.083984375,-0.9609375
0.081,-3.8037109375,3.4033203125,-0.16015625
0.0815,-4.1640625,3.3232421875,0.3203125
0.082,-4.244140625,2.40234375,1.3212890625
0.0825,-4.4443359375,2.08203125,1.841796875
0.083,-4.3642578125,1.201171875,2.6826171875
0.0835,-3.9638671875,0.400390625,3.04296875
0.084,-3.5634765625,-0.5205078125,3.4833984375
0.0845,-3.0830078125,-1.28125,3.7236328125
0.085,-2.40234375,-2.2021484375,3.9638671875
0.0855,-1.8818359375,-2.6826171875,3.8837890625
0.086,-1.1611328125,-3.36328125,3.8837890625
0.0865,-0.3603515625,-3.603515625,3.3232421875
0.087,0.2001953125,-4.083984375,3.203125
0.0875,1.2412109375,-4.1640625,2.2822265625
0.088,1.8017578125,-4.4443359375,2.0419921875
0.0885,2.40234375,-4.3642578125,1.28125
0.089,2.7626953125,-4.2041015625,0.7607421875
0.0895,3.0029296875,-3.7236328125,0.080078125
0.09,3.203125,-3.4833984375,-0.3603515625
0.0905,3.4033203125,-2.802734375,-1.1611328125
0.091,3.5234375,-2.4423828125,-1.6416015625
0.0915,3.5634765625,-1.7216796875,-2.40234375
0.092,3.04296875,-0.9609375,-2.6025390625
0.0925,2.962890625,-0.2802734375,-3.203125
0.093,2.3623046875,0.560546875,-3.36328125
0.0935,2.162109375,1.2412109375,-3.8037109375
0.094,1.4814453125,1.841796875,-3.7236328125
0.0945,0.9208984375,2.40234375,-3.7236328125
0.095,0.16015625,2.72265625,-3.283203125
0.0955,-0.4404296875,3.2431640625,-3.203125
0.096,-1.44140625,3.4833984375,-2.4423828125
0.0965,-1.9619140625,3.7236328125,-2.2421875
0.097,-2.642578125,3.68359375,-1.521484375
0.0975,-2.9228515625,3.4833984375,-1.0009765625
0.098,-3.36328125,3.283203125,-0.3603515625
0.0985,-3.5634765625,2.8427734375,0.2802734375
0.099,-3.923828125,2.4423828125,1.0009765625
0.0995,-3.8837890625,1.841796875,1.5615234375
0.1,-4.0439453125,1.2412109375,2.2822265625
0.1005,-3.4033203125,0.2802734375,2.6025390625
0.101,-3.4033203125,-0.3603515625,3.203125
0.1015,-2.642578125,-1.28125,3.3232421875
0.102,-2.4423828125,-1.8818359375,3.7236328125
0.1025,-1.681640625,-2.5224609375,3.5634765625
0.103,-1.1611328125,-2.962890625,3.4833984375
0.1035,-0.48046875,-3.36328125,3.1630859375
0.104,0.2802734375,-3.7236328125,2.802734375
0.1045,1.1611328125,-4.0439453125,2.2421875
0.105,1.5615234375,-4.1240234375,1.841796875
0.1055,2.2021484375,-4.1640625,1.28125
0.106,2.40234375,-3.7236328125,0.6806640625
0.1065,2.802734375,-3.6435546875,0.240234375
0.107,2.9228515625,-3.0029296875,-0.5205078125
0.1075,3.3232421875,-2.8427734375,-1.0810546875
0.108,3.203125,-2.08203125,-1.681640625
0.1085,3.2431640625,-1.6015625,-2.2021484375
0.109,2.72265625,-0.640625,-2.5625
0.1095,2.72265625,-0.16015625,-3.04296875
0.11,2.1220703125,0.7607421875,-3.3232421875
0.1105,1.921875,1.2412109375,-3.603515625
0.111,1.2412109375,1.9619140625,-3.5634765625
0.1115,0.6005859375,2.322265625,-3.36328125
0.112,0.0,2.8427734375,-3.203125
0.1125,-0.9208984375,3.0830078125,-2.6826171875
0.113,-1.6015625,3.5234375,-2.322265625
0.1135,-2.1220703125,3.443359375,-1.8017578125
0.114,-2.72265625,3.603515625,-1.3212890625
0.1145,-2.962890625,3.1630859375,-0.640625
0.115,-3.4033203125,3.123046875,-0.16015625
0.1155,-3.5634765625,2.40234375,0.7607421875
0.116,-3.8837890625,2.162109375,1.28125
0.1165,-3.84375,1.3212890625,1.9619140625
0.117,-3.603515625,0.6806640625,2.482421875
0.1175,-3.2431640625,-0.240234375,2.8828125
0.118,-2.9228515625,-0.9208984375,3.2431640625
0.1185,-2.4423828125,-1.8017578125,3.603515625
0.119,-1.921875,-2.2822265625,3.5234375
0.1195,-1.28125,-2.9228515625,3.603515625
0.12,-0.6005859375,-3.203125,3.123046875
0.1205,0.0400390625,-3.763671875,2.962890625
0.121,1.0810546875,-4.00390625,2.2021484375
0.1215,1.7216796875,-4.244140625,1.841796875
0.122,2.2021484375,-4.00390625,1.201171875
0.1225,2.5625,-3.9638671875,0.7607421875
0.123,2.7626953125,-3.4833984375,0.1201171875
0.1235,3.04296875,-3.203125,-0.4404296875
0.124,3.3232421875,-2.6025390625,-1.28125
0.1245,3.3232421875,-2.1220703125,-1.76171875
0.125,3.3232421875,-1.4013671875,-2.4423828125
0.1255,2.8427734375,-0.640625,-2.72265625
0.126,2.6826171875,0.0400390625,-3.203125
0.1265,2.08203125,0.880859375,-3.4033203125
0.127,1.7216796875,1.6416015625,-3.8037109375
0.1275,1.0009765625,2.08203125,-3.5634765625
0.128,0.48046875,2.72265625,-3.5634765625
0.1285,-0.3203125,2.8828125,-3.0830078125
0.129,-1.0009765625,3.36328125,-2.8427734375
0.1295,-2.08203125,3.6435546875,-2.0419921875
0.13,-2.6025390625,3.763671875,-1.5615234375
0.1305,-3.1630859375,3.603515625,-0.880859375
0.131,-3.4833984375,3.3232421875,-0.3203125
0.1315,-3.7236328125,2.9228515625,0.2802734375
0.132,-3.84375,2.40234375,1.0009765625
0.1325,-4.2041015625,1.8818359375,1.921875
0.133,-3.8837890625,1.12109375,2.2822265625
0.1335,-3.923828125,0.3603515625,3.04296875
0.134,-3.203125,-0.6005859375,3.203125
0.1345,-3.0029296875,-1.2412109375,3.6435546875
0.135,-2.2021484375,-2.2822265625,3.8037109375
0.1355,-1.6416015625,-2.9228515625,3.9638671875
0.136,-0.880859375,-3.36328125,3.5634765625
0.1365,-0.3203125,-3.923828125,3.4833984375
0.137,0.560546875,-4.083984375,2.802734375
0.1375,1.3212890625,-4.4443359375,2.40234375
0.138,2.482421875,-4.64453125,1.5615234375
0.1385,2.8427734375,-4.3642578125,0.9208984375
0.139,3.36328125,-4.2041015625,0.2802734375
0.1395,3.4833984375,-3.68359375,-0.3603515625
0.14,3.6435546875,-3.2431640625,-1.0009765625
0.1405,3.763671875,-2.5224609375,-1.8017578125
0.141,4.00390625,-1.921875,-2.642578125
0.1415,3.443359375,-1.0009765625,-3.0029296875
0.142,3.4033203125,-0.3203125,-3.603515625
0.1425,2.5224609375,0.640625,-3.6435546875
0.143,2.2822265625,1.28125,-4.00390625
0.1435,1.4013671875,2.40234375,-4.2041015625
0.144,0.6806640625,3.04296875,-4.083984375
0.1445,-0.080078125,3.4033203125,-3.763671875
0.145,-0.80078125,3.8037109375,-3.4833984375
0.1455,-1.681640625,3.9638671875,-2.72265625
0.146,-2.5224609375,4.2041015625,-2.08203125
0.1465,-3.68359375,4.484375,-1.2412109375
0.147,-3.8837890625,3.8837890625,-0.4404296875
0.1475,-4.4443359375,3.84375,0.16015625
0.148,-4.484375,3.04296875,0.9609375
0.1485,-4.6044921875,2.5224609375,1.5615234375
0.149,-4.64453125,1.6015625,2.5224609375
0.1495,-4.7646484375,0.9208984375,3.3232421875
0.15,-4.00390625,-0.2001953125,3.68359375
0.1505,-3.8837890625,-0.9208984375,4.2041015625
0.151,-2.8427734375,-2.001953125,4.2041015625
0.1515,-2.3623046875,-2.6826171875,4.404296875
0.152,-1.361328125,-3.84375,4.5244140625
0.1525,-0.5205078125,-4.3642578125,4.083984375
0.153,0.2802734375,-4.7646484375,3.68359375
0.1535,1.201171875,-5.0048828125,3.123046875
0.154,2.162109375,-5.044921875,2.2421875
0.1545,2.8828125,-5.125,1.5615234375
0.155,3.923828125,-5.2451171875,0.720703125
0.1555,4.00390625,-4.4443359375,-0.2001953125
0.156,4.4443359375,-4.32421875,-0.6806640625
0.1565,4.404296875,-3.2431640625,-1.7216796875
0.157,4.484375,-2.6826171875,-2.322265625
0.1575,4.484375,-1.681640625,-3.2431640625
0.158,4.32421875,-0.9208984375,-3.923828125
0.1585,3.4833984375,0.240234375,-4.1640625
0.159,3.203125,0.9609375,-4.564453125
0.1595,2.0419921875,2.08203125,-4.564453125
0.16,1.6015625,2.72265625,-4.6845703125
0.1605,0.6005859375,3.8037109375,-4.8046875
0.161,-0.400390625,4.1240234375,-4.1640625
0.1615,-1.1611328125,4.484375,-3.8037109375
0.162,-2.2421875,4.8447265625,-2.962890625
0.1625,-3.203125,4.8447265625,-2.001953125
0.163,-3.923828125,4.8046875,-1.28125
0.1635,-4.8447265625,4.8447265625,-0.400390625
0.164,-4.884765625,3.8837890625,0.560546875
0.1645,-5.28515625,3.7236328125,1.0810546875
0.165,-5.28515625,2.5224609375,2.2822265625
0.1655,-5.2451171875,1.8818359375,2.8427734375
0.166,-5.1650390625,0.80078125,3.84375
0.1665,-4.8447265625,-0.1201171875,4.404296875
0.167,-3.8837890625,-1.28125,4.6044921875
0.1675,-3.5234375,-2.1220703125,4.96484375
0.168,-2.2021484375,-3.443359375,4.96484375
0.1685,-1.6015625,-4.00390625,4.8046875
0.169,-0.5205078125,-5.0048828125,4.7646484375
0.1695,0.5205078125,-5.2451171875,3.9638671875
0.17,1.2412109375,-5.4453125,3.5634765625
0.1705,2.482421875,-5.7255859375,2.5625
0.171,3.4033203125,-5.6455078125,1.6015625
0.1715,4.00390625,-5.4052734375,0.7607421875
0.172,4.7646484375,-5.28515625,-0.080078125
0.1725,4.724609375,-4.244140625,-1.0009765625
0.173,4.96484375,-4.00390625,-1.6015625
0.1735,4.9248046875,-2.6025390625,-2.8828125
0.174,4.8046875,-2.0419921875,-3.283203125
0.1745,4.6044921875,-0.9609375,-4.1640625
0.175,4.1640625,0.0400390625,-4.64453125
0.1755,3.2431640625,1.12109375,-4.7646484375
0.176,2.7626953125,1.921875,-5.0048828125
0.1765,1.4814453125,3.1630859375,-5.044921875
0.177,0.9208984375,3.5634765625,-4.884765625
0.1775,-0.16015625,4.5244140625,-4.7646484375
0.178,-1.201171875,4.724609375,-3.8837890625
0.1785,-1.8818359375,5.0048828125,-3.4833984375
0.179,-3.203125,5.1650390625,-2.322265625
0.1795,-4.0439453125,5.125,-1.521484375
0.18,-4.64453125,4.8046875,-0.640625
0.1805,-5.28515625,4.6044921875,0.240234375
0.181,-5.205078125,3.6435546875,1.1611328125
0.1815,-5.4453125,3.283203125,1.681640625
0.182,-5.4453125,1.921875,3.04296875
0.1825,-5.28515625,1.3212890625,3.443359375
0.183,-5.0849609375,0.240234375,4.32421875
0.1835,-4.4443359375,-0.8408203125,4.64453125
0.184,-3.603515625,-1.8818359375,4.8447265625
0.1845,-2.9228515625,-2.8427734375,5.044921875
0.185,-1.76171875,-4.0439453125,5.0849609375
0.1855,-1.0009765625,-4.4443359375,4.64453125
0.186,0.0,-5.205078125,4.5244140625
0.1865,0.9609375,-5.28515625,3.603515625
0.187,1.6416015625,-5.5654296875,3.203125
0.1875,3.04296875,-5.6455078125,1.9619140625
0.188,3.763671875,-5.6455078125,1.2412109375
0.1885,4.244140625,-5.1650390625,0.3203125
0.189,4.7646484375,-4.884765625,-0.5205078125
0.1895,4.64453125,-3.84375,-1.361328125
0.19,4.8046875,-3.4833984375,-1.9619140625
0.1905,4.8447265625,-2.2021484375,-3.203125
0.191,4.5244140625,-1.6015625,-3.4833984375
0.1915,4.32421875,-0.5205078125,-4.32421875
0.192,3.5234375,0.5205078125,-4.484375
0.1925,2.9228515625,1.3212890625,-4.6845703125
0.193,2.08203125,2.2822265625,-4.8046875
0.1935,1.28125,3.283203125,-5.0048828125
0.194,0.4404296875,3.68359375,-4.4443359375
0.1945,-0.48046875,4.484375,-4.32421875
0.195,-1.44140625,4.4443359375,-3.4033203125
0.1955,-2.08203125,4.7646484375,-3.0830078125
0.196,-3.4033203125,4.8447265625,-1.841796875
0.1965,-3.923828125,4.8046875,-1.28125
0.197,-4.5244140625,4.3642578125,-0.3203125
0.1975,-4.884765625,4.0439453125,0.4404296875
0.198,-4.96484375,3.2431640625,1.2412109375
0.1985,-5.0048828125,2.6826171875,1.8818359375
0.199,-5.205078125,1.7216796875,3.0029296875
0.1995,-4.8046875,0.9609375,3.283203125
0.2,-4.6845703125,0.0,4.1240234375
0.2005,-3.763671875,-1.1611328125,4.2041015625
0.201,-3.36328125,-1.8818359375,4.564453125
0.2015,-2.322265625,-2.962890625,4.564453125
0.202,-1.6416015625,-3.8037109375,4.724609375
0.2025,-0.6806640625,-4.1640625,4.1240234375
0.203,0.080078125,-4.8447265625,4.0439453125
0.2035,0.9609375,-4.8447265625,3.1630859375
0.204,1.6416015625,-5.125,2.802734375
0.2045,2.962890625,-5.2451171875,1.6416015625
0.205,3.3232421875,-5.044921875,1.0810546875
0.2055,3.8837890625,-4.6845703125,0.2001953125
0.206,4.0439453125,-4.1640625,-0.5205078125
0.2065,4.1640625,-3.5634765625,-1.201171875
0.207,4.1640625,-2.8427734375,-1.8818359375
0.2075,4.404296875,-2.1220703125,-2.802734375
0.208,3.8837890625,-1.3212890625,-3.0830078125
0.2085,3.84375,-0.6005859375,-3.84375
0.209,2.8427734375,0.48046875,-3.84375
0.2095,2.6826171875,1.041015625,-4.244140625
0.21,1.7216796875,2.2021484375,-4.244140625
0.2105,1.28125,2.72265625,-4.3642578125
0.211,0.3203125,3.203125,-3.923828125
0.2115,-0.3203125,3.7236328125,-3.7236328125
0.212,-1.1611328125,3.84375,-3.0830078125
0.2125,-1.8818359375,4.1240234375,-2.6025390625
0.213,-2.962890625,4.3642578125,-1.8017578125
0.2135,-3.2431640625,4.0439453125,-1.2412109375
0.214,-3.8837890625,4.00390625,-0.5205078125
0.2145,-4.00390625,3.3232421875,0.2001953125
0.215,-4.32421875,3.0830078125,0.7607421875
0.2155,-4.32421875,2.2421875,1.5615234375
0.216,-4.6044921875,1.841796875,2.2822265625
0.2165,-4.1640625,0.80078125,2.72265625
0.217,-4.1640625,0.1201171875,3.36328125
0.2175,-3.2431640625,-1.0009765625,3.5634765625
0.218,-3.0830078125,-1.4814453125,3.9638671875
0.2185,-2.2021484375,-2.6025390625,4.1240234375
0.219,-1.7216796875,-3.04296875,4.0439453125
0.2195,-0.8408203125,-3.68359375,3.84375
0.22,-0.16015625,-3.9638671875,3.4833984375
0.2205,0.6005859375,-4.2841796875,3.0029296875
0.221,1.4814453125,-4.484375,2.3623046875
0.2215,2.40234375,-4.724609375,1.76171875
0.222,2.6025390625,-4.32421875,1.0810546875
0.2225,3.203125,-4.3642578125,0.5205078125
0.223,3.2431640625,-3.5634765625,-0.2802734375
0.2235,3.5634765625,-3.36328125,-0.720703125
0.224,3.6435546875,-2.5625,-1.6015625
0.2245,3.763671875,-2.2822265625,-2.1220703125
0.225,3.4033203125,-1.28125,-2.72265625
0.2255,3.203125,-0.6806640625,-3.0830078125
0.226,2.5625,0.2802734375,-3.3232421875
0.2265,2.322265625,0.880859375,-3.603515625
0.227,1.76171875,1.76171875,-3.8837890625
0.2275,1.1611328125,2.1220703125,-3.68359375
0.228,0.560546875,2.802734375,-3.7236328125
0.2285,-0.240234375,3.0029296875,-3.1630859375
0.229,-0.9208984375,3.443359375,-2.962890625
0.2295,-1.8017578125,3.603515625,-2.2421875
0.23,-2.40234375,3.84375,-1.8818359375
0.2305,-2.802734375,3.5234375,-1.1611328125
0.231,-3.203125,3.5634765625,-0.80078125
0.2315,-3.4833984375,3.0029296875,0.0
0.232,-3.7236328125,2.802734375,0.5205078125
0.2325,-4.00390625,2.08203125,1.4013671875
0.233,-4.00390625,1.6416015625,1.76171875
0.2335,-3.8837890625,0.7607421875,2.5224609375
0.234,-3.4833984375,0.080078125,2.8427734375
0.2345,-3.1630859375,-0.720703125,3.283203125
0.235,-2.6826171875,-1.4814453125,3.5234375
0.2355,-2.2822265625,-2.2421875,3.84375
0.236,-1.5615234375,-2.6025390625,3.5234375
0.2365,-1.0009765625,-3.2431640625,3.6435546875
0.237,-0.16015625,-3.4833984375,3.0029296875
0.2375,0.48046875,-3.923828125,2.8427734375
0.238,1.4013671875,-4.1640625,2.08203125
0.2385,1.8818359375,-4.244140625,1.76171875
0.239,2.40234375,-4.00390625,1.041015625
0.2395,2.642578125,-3.84375,0.6005859375
0.24,2.9228515625,-3.4033203125,-0.1201171875
0.2405,3.1630859375,-3.0830078125,-0.6806640625
0.241,3.5234375,-2.642578125,-1.5615234375
0.2415,3.2431640625,-2.001953125,-1.8818359375
0.242,3.3232421875,-1.28125,-2.5224609375
0.2425,2.6826171875,-0.4404296875,-2.7626953125
0.243,2.6025390625,0.16015625,-3.2431640625
0.2435,2.001953125,1.041015625,-3.4833984375
0.244,1.7216796875,1.5615234375,-3.68359375
0.2445,0.9609375,2.0419921875,-3.443359375
0.245,0.48046875,2.5625,-3.4033203125
0.2455,-0.3603515625,2.8427734375,-2.8828125
0.246,-1.041015625,3.2431640625,-2.642578125
0.2465,-1.9619140625,3.5634765625,-2.0419921875
0.247,-2.2822265625,3.4833984375,-1.6416015625
0.2475,-2.8427734375,3.4833984375,-1.0810546875
0.248,-3.04296875,3.0830078125,-0.5205078125
0.2485,-3.4033203125,2.8427734375,0.1201171875
0.249,-3.603515625,2.2822265625,0.7607421875
0.2495,-3.9638671875,1.9619140625,1.44140625
0.25,-3.603515625,1.1611328125,1.9619140625
0.2505,-3.7236328125,0.6005859375,2.5625
0.251,-3.04296875,-0.400390625,2.8427734375
0.2515,-2.962890625,-0.9609375,3.3232421875
0.252,-2.2822265625,-1.921875,3.5634765625
0.2525,-1.921875,-2.322265625,3.5634765625
0.253,-1.201171875,-2.9228515625,3.4833984375
0.2535,-0.560546875,-3.283203125,3.203125
0.254,0.240234375,-3.68359375,2.802734375
0.2545,1.0009765625,-4.00390625,2.3623046875
0.255,1.841796875,-4.2841796875,1.841796875
0.2555,2.162109375,-3.923828125,1.2412109375
0.256,2.642578125,-4.00390625,0.7607421875
0.2565,2.802734375,-3.443359375,0.0400390625
0.257,3.1630859375,-3.2431640625,-0.5205078125
0.2575,3.3232421875,-2.6025390625,-1.4013671875
0.258,3.4833984375,-2.162109375,-1.8818359375
0.2585,3.0830078125,-1.2412109375,-2.40234375
0.259,3.0029296875,-0.640625,-2.8427734375
0.2595,2.40234375,0.240234375,-3.123046875
0.26,2.2021484375,0.9208984375,-3.5234375
0.2605,1.5615234375,1.76171875,-3.7236328125
0.261,0.9609375,2.1220703125,-3.5234375
0.2615,0.400390625,2.72265625,-3.5234375
0.262,-0.400390625,3.0029296875,-2.962890625
0.2625,-1.12109375,3.3232421875,-2.642578125
0.263,-2.001953125,3.6435546875,-2.001953125
0.2635,-2.6826171875,3.763671875,-1.521484375
0.264,-3.0029296875,3.3232421875,-0.80078125
0.2645,-3.4033203125,3.3232421875,-0.4404296875
0.265,-3.5634765625,2.6826171875,0.3603515625
0.2655,-3.84375,2.40234375,0.9609375
0.266,-4.083984375,1.76171875,1.8818359375
0.2665,-3.8837890625,1.0810546875,2.322265625
0.267,-3.6435546875,0.240234375,2.8828125
0.2675,-3.203125,-0.560546875,3.203125
0.268,-2.72265625,-1.361328125,3.4833984375
0.2685,-2.2822265625,-2.1220703125,3.763671875
0.269,-1.6015625,-2.9228515625,3.8837890625
0.2695,-0.8408203125,-3.2431640625,3.443359375
0.27,-0.3203125,-3.8037109375,3.4833984375
0.2705,0.6806640625,-4.00390625,2.642578125
0.271,1.361328125,-4.2841796875,2.2822265625
0.2715,2.2822265625,-4.484375,1.5615234375
0.272,2.802734375,-4.3642578125,0.9609375
0.2725,3.0830078125,-4.00390625,0.240234375
0.273,3.4033203125,-3.8037109375,-0.2802734375
0.2735,3.5234375,-3.04296875,-1.1611328125
0.274,3.68359375,-2.5625,-1.681640625
0.2745,3.8837890625,-1.8017578125,-2.6025390625
0.275,3.4033203125,-0.9609375,-2.962890625
0.2755,3.1630859375,-0.2001953125,-3.4833984375
0.276,2.5224609375,0.6806640625,-3.6435546875
0.2765,2.0419921875,1.4814453125,-3.8837890625
0.277,1.4013671875,2.2421875,-4.0439453125
0.2775,0.6806640625,3.0029296875,-4.0439453125
0.278,-0.16015625,3.2431640625,-3.5234375
0.2785,-0.7607421875,3.763671875,-3.36328125
0.279,-1.9619140625,3.8837890625,-2.3623046875
0.2795,-2.5625,4.1240234375,-1.9619140625
0.28,-3.4833984375,4.1640625,-1.1611328125
0.2805,-3.84375,3.8037109375,-0.48046875
0.281,-4.1240234375,3.443359375,0.2001953125
0.2815,-4.32421875,2.9228515625,0.880859375
0.282,-4.484375,2.2021484375,1.841796875
0.2825,-4.4443359375,1.5615234375,2.40234375
0.283,-4.564453125,0.80078125,3.2431640625
0.2835,-3.8037109375,-0.3203125,3.5234375
0.284,-3.603515625,-1.0009765625,4.00390625
0.2845,-2.6025390625,-2.1220703125,4.1240234375
0.285,-2.08203125,-2.8828125,4.32421875
0.2855,-1.2412109375,-3.603515625,4.1640625
0.286,-0.4404296875,-4.2841796875,4.0439453125
0.2865,0.400390625,-4.4443359375,3.36328125
0.287,1.1611328125,-4.8447265625,3.123046875
0.2875,2.40234375,-4.96484375,1.921875
0.288,2.9228515625,-4.96484375,1.4013671875
0.2885,3.763671875,-4.96484375,0.560546875
0.289,3.9638671875,-4.404296875,-0.2802734375
0.2895,4.1640625,-3.923828125,-0.9208984375
0.29,4.32421875,-3.1630859375,-1.7216796875
0.2905,4.404296875,-2.2822265625,-2.6025390625
0.291,4.1640625,-1.5615234375,-3.123046875
0.2915,4.1640625,-0.720703125,-3.9638671875
0.292,3.1630859375,0.4404296875,-4.0439453125
0.2925,2.962890625,1.0810546875,-4.4443359375
0.293,1.841796875,2.322265625,-4.5244140625
0.2935,1.28125,3.0029296875,-4.6044921875
0.294,0.3203125,3.68359375,-4.32421875
0.2945,-0.5205078125,4.2041015625,-4.083984375
0.295,-1.361328125,4.32421875,-3.283203125
0.2955,-2.2421875,4.6845703125,-2.8828125
0.296,-3.5234375,4.8046875,-1.6416015625
0.2965,-4.00390625,4.5244140625,-1.041015625
0.297,-4.7646484375,4.404296875,-0.16015625
0.2975,-4.884765625,3.7236328125,0.640625
0.298,-5.0849609375,3.283203125,1.28125
0.2985,-5.125,2.322265625,2.3623046875
0.299,-5.205078125,1.521484375,3.203125
0.2995,-4.8046875,0.6005859375,3.68359375
0.3,-4.724609375,-0.3603515625,4.484375
0.3005,-3.5634765625,-1.5615234375,4.484375
0.301,-3.2431640625,-2.2421875,4.8447265625
0.3015,-1.9619140625,-3.603515625,4.8447265625
0.302,-1.28125,-4.2041015625,4.8046875
0.3025,-0.2001953125,-4.8447265625,4.32421875
0.303,0.6005859375,-5.28515625,4.00390625
0.3035,1.4814453125,-5.28515625,3.123046875
0.304,2.4423828125,-5.5654296875,2.482421875
0.3045,3.763671875,-5.7255859375,1.2412109375
0.305,4.1240234375,-5.28515625,0.48046875
0.3055,4.8046875,-5.0849609375,-0.4404296875
0.306,4.8046875,-4.1640625,-1.2412109375
0.3065,4.8447265625,-3.5634765625,-1.8818359375
0.307,4.884765625,-2.482421875,-2.962890625
0.3075,4.9248046875,-1.6416015625,-3.8037109375
0.308,4.244140625,-0.6005859375,-4.1640625
0.3085,4.1240234375,0.3203125,-4.8447265625
0.309,2.8828125,1.4013671875,-4.724609375
0.3095,2.5224609375,2.08203125,-5.0048828125
0.31,1.2412109375,3.4833984375,-5.044921875
0.3105,0.48046875,4.00390625,-4.8447265625
0.311,-0.6005859375,4.564453125,-4.2841796875
0.3115,-1.361328125,4.9248046875,-3.8837890625
0.312,-2.2822265625,4.9248046875,-3.0029296875
0.3125,-3.2431640625,5.0849609375,-2.2822265625
0.313,-4.564453125,5.205078125,-1.1611328125
0.3135,-4.7646484375,4.484375,-0.2802734375
0.314,-5.4453125,4.404296875,0.6005859375
0.3145,-5.3251953125,3.443359375,1.4013671875
0.315,-5.4453125,2.9228515625,2.0419921875
0.3155,-5.4453125,1.76171875,3.203125
0.316,-5.4052734375,0.9208984375,3.9638671875
0.3165,-4.64453125,-0.2802734375,4.32421875
0.317,-4.404296875,-1.12109375,4.96484375
0.3175,-3.203125,-2.2822265625,4.8046875
0.318,-2.7626953125,-2.9228515625,5.0048828125
0.3185,-1.4814453125,-4.32421875,5.0849609375
0.319,-0.640625,-4.724609375,4.6044921875
0.3195,0.3603515625,-5.28515625,4.2041015625
0.32,1.201171875,-5.4853515625,3.6435546875
0.3205,2.08203125,-5.60546875,2.7626953125
0.321,3.0830078125,-5.7255859375,1.921875
0.3215,4.244140625,-5.8056640625,0.880859375
0.322,4.404296875,-4.884765625,0.0
0.3225,4.96484375,-4.8046875,-0.7607421875
0.323,4.8046875,-3.7236328125,-1.6416015625
0.3235,4.8447265625,-3.203125,-2.2421875
0.324,4.884765625,-2.001953125,-3.4033203125
0.3245,4.7646484375,-1.2412109375,-4.00390625
0.325,3.9638671875,0.0,-4.4443359375
0.3255,3.6435546875,0.7607421875,-4.8447265625
0.326,2.5625,1.841796875,-4.7646484375
0.3265,2.0419921875,2.5224609375,-4.884765625
0.327,0.9609375,3.8037109375,-5.044921875
0.3275,0.0,4.083984375,-4.404296875
0.328,-0.80078125,4.6044921875,-4.1240234375
0.3285,-1.76171875,4.724609375,-3.36328125
0.329,-2.6025390625,4.8046875,-2.642578125
0.3295,-3.603515625,4.884765625,-1.76171875
0.33,-4.564453125,4.96484375,-0.80078125
0.3305,-4.6845703125,4.1240234375,0.1201171875
0.331,-5.1650390625,4.0439453125,0.6806640625
0.3315,-5.0849609375,2.962890625,1.6015625
0.332,-5.125,2.482421875,2.2021484375
0.3325,-5.205078125,1.361328125,3.3232421875
0.333,-4.884765625,0.560546875,3.8037109375
0.3335,-4.2841796875,-0.6005859375,4.244140625
0.334,-3.84375,-1.361328125,4.564453125
0.3345,-2.8828125,-2.3623046875,4.6044921875
0.335,-2.2822265625,-3.0830078125,4.6845703125
0.3355,-1.28125,-4.2041015625,4.8046875
0.336,-0.3203125,-4.4443359375,4.083984375
0.3365,0.3603515625,-5.0849609375,3.9638671875
0.337,1.361328125,-5.125,3.04296875
0.3375,2.08203125,-5.28515625,2.4423828125
0.338,3.1630859375,-5.28515625,1.521484375
0.3385,3.84375,-5.2451171875,0.7607421875
0.339,4.083984375,-4.484375,-0.2001953125
0.3395,4.4443359375,-4.32421875,-0.6806640625
0.34,4.32421875,-3.283203125,-1.6416015625
0.3405,4.4443359375,-2.802734375,-2.162109375
0.341,4.5244140625,-1.8017578125,-3.2431640625
0.3415,4.0439453125,-0.9609375,-3.603515625
0.342,3.6435546875,0.0400390625,-4.1240234375
0.3425,2.962890625,0.880859375,-4.244140625
0.343,2.2822265625,1.7216796875,-4.3642578125
0.3435,1.6416015625,2.482421875,-4.5244140625
0.344,0.80078125,3.36328125,-4.5244140625
0.3445,-0.16015625,3.5634765625,-3.84375
0.345,-0.6806640625,4.083984375,-3.8037109375
0.3455,-1.8017578125,4.1240234375,-2.802734375
0.346,-2.3623046875,4.404296875,-2.40234375
0.3465,-3.4033203125,4.484375,-1.44140625
0.347,-3.84375,4.2041015625,-0.80078125
0.3475,-4.1640625,3.763671875,0.0400390625
0.348,-4.404296875,3.4033203125,0.5205078125
0.3485,-4.4443359375,2.642578125,1.3212890625
0.349,-4.5244140625,2.08203125,1.921875
0.3495,-4.724609375,1.3212890625,2.8427734375
0.35,-4.0439453125,0.400390625,3.123046875
0.3505,-3.9638671875,-0.3603515625,3.763671875
0.351,-3.123046875,-1.28125,3.84375
0.3515,-2.7626953125,-1.9619140625,4.1240234375
0.352,-1.9619140625,-2.8828125,4.1240234375
0.3525,-1.28125,-3.5634765625,4.083984375
0.353,-0.48046875,-3.8837890625,3.5634765625
0.3535,0.080078125,-4.32421875,3.4833984375
0.354,1.12109375,-4.404296875,2.6025390625
0.3545,1.7216796875,-4.6845703125,2.322265625
0.355,2.6826171875,-4.8046875,1.44140625
0.3555,3.0029296875,-4.404296875,0.8408203125
0.356,3.443359375,-4.2041015625,0.16015625
0.3565,3.5234375,-3.68359375,-0.48046875
0.357,3.763671875,-3.1630859375,-1.1611328125
0.3575,3.84375,-2.5224609375,-1.8818359375
0.358,4.00390625,-1.921875,-2.642578125
0.3585,3.3232421875,-0.9208984375,-2.9228515625
0.359,3.3232421875,-0.3203125,-3.5634765625
0.3595,2.482421875,0.640625,-3.5634765625
0.36,2.2421875,1.28125,-3.9638671875
0.3605,1.4814453125,2.1220703125,-4.0439453125
0.361,0.8408203125,2.5625,-3.84375
0.3615,0.1201171875,3.0029296875,-3.5634765625
0.362,-0.6005859375,3.4033203125,-3.203125
0.3625,-1.44140625,3.603515625,-2.5625
0.363,-2.08203125,3.84375,-2.162109375
0.3635,-2.8828125,3.9638671875,-1.4814453125
0.364,-3.0830078125,3.4833984375,-0.80078125
0.3645,-3.5634765625,3.4833984375,-0.3603515625
0.365,-3.6435546875,2.802734375,0.3603515625
0.3655,-3.9638671875,2.5625,0.9609375
0.366,-4.00390625,1.841796875,1.7216796875
0.3665,-4.1240234375,1.3212890625,2.2421875
0.367,-3.5634765625,0.3603515625,2.6826171875
0.3675,-3.5234375,-0.2001953125,3.1630859375
0.368,-2.802734375,-1.1611328125,3.3232421875
0.3685,-2.6025390625,-1.76171875,3.68359375
0.369,-1.8818359375,-2.6025390625,3.763671875
0.3695,-1.28125,-2.962890625,3.4833984375
0.37,-0.6806640625,-3.4033203125,3.443359375
0.3705,0.1201171875,-3.7236328125,2.9228515625
0.371,0.80078125,-4.0439453125,2.5625
0.3715,1.5615234375,-4.2041015625,2.001953125
0.372,2.162109375,-4.32421875,1.5615234375
0.3725,2.482421875,-3.8837890625,0.8408203125
0.373,2.8828125,-3.923828125,0.48046875
0.3735,3.0029296875,-3.203125,-0.3603515625
0.374,3.36328125,-3.0830078125,-0.880859375
0.3745,3.5234375,-2.322265625,-1.7216796875
0.375,3.4033203125,-1.8017578125,-2.1220703125
0.3755,3.0830078125,-0.9609375,-2.6826171875
0.376,2.8427734375,-0.3203125,-3.04296875
0.3765,2.40234375,0.48046875,-3.36328125
0.377,2.08203125,1.12109375,-3.7236328125
0.3775,1.44140625,1.841796875,-3.8037109375
0.378,0.7607421875,2.2822265625,-3.443359375
0.3785,0.240234375,2.8427734375,-3.4833984375
0.379,-0.6806640625,3.04296875,-2.7626953125
0.3795,-1.3212890625,3.4833984375,-2.5625
0.38,-2.1220703125,3.5634765625,-1.8818359375
0.3805,-2.5625,3.5634765625,-1.44140625
0.381,-2.9228515625,3.2431640625,-0.80078125
0.3815,-3.2431640625,3.1630859375,-0.3603515625
0.382,-3.4833984375,2.6025390625,0.4404296875
0.3825,-3.7236328125,2.2822265625,0.9609375
0.383,-3.8837890625,1.681640625,1.76171875
0.3835,-3.5634765625,0.9609375,2.08203125
0.384,-3.5234375,0.240234375,2.72265625
0.3845,-2.962890625,-0.6005859375,2.9228515625
0.385,-2.72265625,-1.28125,3.3232421875
0.3855,-2.162109375,-2.001953125,3.4833984375
0.386,-1.681640625,-2.5224609375,3.5634765625
0.3865,-1.0009765625,-2.8828125,3.203125
0.387,-0.48046875,-3.4033203125,3.203125
0.3875,0.48046875,-3.603515625,2.5224609375
0.388,1.0810546875,-4.0439453125,2.322265625
0.3885,1.841796875,-4.1240234375,1.7216796875
0.389,2.162109375,-3.9638671875,1.201171875
0.3895,2.5625,-3.8037109375,0.640625
0.39,2.802734375,-3.443359375,0.080078125
0.3905,3.123046875,-3.0830078125,-0.640625
0.391,3.3232421875,-2.5625,-1.28125
0.3915,3.4833984375,-2.0419921875,-2.001953125
0.392,3.0029296875,-1.1611328125,-2.3623046875
0.3925,3.04296875,-0.640625,-2.962890625
0.393,2.3623046875,0.2802734375,-3.203125
0.3935,2.2421875,0.9208984375,-3.68359375
0.394,1.521484375,1.7216796875,-3.68359375
0.3945,0.9609375,2.2421875,-3.603515625
0.395,0.2802734375,2.642578125,-3.283203125
0.3955,-0.48046875,3.123046875,-3.04296875
0.396,-1.4013671875,3.36328125,-2.40234375
0.3965,-2.001953125,3.6435546875,-2.0419921875
0.397,-2.6826171875,3.68359375,-1.44140625
0.3975,-2.962890625,3.3232421875,-0.80078125
0.398,-3.36328125,3.2431640625,-0.3203125
0.3985,-3.5634765625,2.6025390625,0.48046875
0.399,-3.84375,2.2822265625,1.12109375
0.3995,-3.84375,1.5615234375,1.8017578125
0.4,-3.8837890625,1.0009765625,2.40234375
0.4005,-3.283203125,0.0,2.72265625
0.401,-3.2431640625,-0.640625,3.203125
0.4015,-2.4423828125,-1.6015625,3.36328125
0.402,-2.2021484375,-2.1220703125,3.68359375
0.4025,-1.44140625,-2.8427734375,3.6435546875
0.403,-0.80078125,-3.2431640625,3.443359375
0.4035,-0.16015625,-3.6435546875,3.1630859375
0.404,0.7607421875,-3.9638671875,2.6025390625
0.4045,1.6015625,-4.244140625,2.001953125
0.405,2.1220703125,-4.2041015625,1.4814453125
0.4055,2.72265625,-4.244140625,0.9609375
0.406,2.8828125,-3.7236328125,0.240234375
0.4065,3.2431640625,-3.6435546875,-0.240234375
0.407,3.36328125,-2.7626953125,-1.1611328125
0.4075,3.6435546875,-2.4423828125,-1.7216796875
0.408,3.5234375,-1.6416015625,-2.4423828125
0.4085,3.36328125,-1.0009765625,-2.9228515625
0.409,2.802734375,-0.1201171875,-3.203125
0.4095,2.5625,0.560546875,-3.6435546875
0.41,1.76171875,1.6416015625,-3.84375
0.4105,1.361328125,2.162109375,-3.8837890625
0.411,0.6005859375,2.8828125,-3.84375
0.4115,-0.16015625,3.1630859375,-3.36328125
0.412,-0.8408203125,3.5634765625,-3.1630859375
0.4125,-1.9619140625,3.84375,-2.2822265625
0.413,-2.72265625,4.083984375,-1.76171875
0.4135,-3.2431640625,3.84375,-1.0009765625
0.414,-3.8037109375,3.8037109375,-0.4404296875
0.4145,-3.8837890625,3.1630859375,0.2802734375
0.415,-4.2041015625,2.9228515625,0.8408203125
0.4155,-4.3642578125,1.9619140625,1.921875
0.416,-4.3642578125,1.44140625,2.40234375
0.4165,-4.2041015625,0.48046875,3.123046875
0.417,-3.7236328125,-0.3603515625,3.4833984375
0.4175,-3.203125,-1.2412109375,3.7236328125
0.418,-2.6025390625,-2.0419921875,4.00390625
0.4185,-1.8017578125,-3.0830078125,4.2041015625
0.419,-1.12109375,-3.4833984375,3.923828125
0.4195,-0.400390625,-4.1640625,3.8837890625
0.42,0.48046875,-4.2841796875,3.1630859375
0.4205,1.12109375,-4.64453125,2.8427734375
0.421,2.40234375,-4.8447265625,1.8017578125
0.4215,3.0830078125,-4.884765625,1.201171875
0.422,3.5234375,-4.484375,0.3603515625
0.4225,3.9638671875,-4.32421875,-0.2802734375
0.423,3.8837890625,-3.4833984375,-1.0009765625
0.4235,4.083984375,-3.04296875,-1.6015625
0.424,4.244140625,-2.08203125,-2.72265625
0.4245,3.9638671875,-1.44140625,-3.1630859375
0.425,3.8037109375,-0.5205078125,-3.84375
0.4255,3.123046875,0.4404296875,-4.00390625
0.426,2.5625,1.2412109375,-4.2041015625
0.4265,1.8017578125,2.2021484375,-4.3642578125
0.427,1.041015625,3.1630859375,-4.564453125
0.4275,0.1201171875,3.5234375,-4.00390625
0.428,-0.560546875,4.1640625,-4.00390625
0.4285,-1.4814453125,4.2041015625,-3.0830078125
0.429,-2.2421875,4.484375,-2.642578125
0.4295,-3.5634765625,4.64453125,-1.521484375
0.43,-4.1640625,4.5244140625,-0.80078125
0.4305,-4.5244140625,4.0439453125,0.080078125
0.431,-4.884765625,3.763671875,0.6806640625
0.4315,-4.8447265625,2.8828125,1.521484375
0.432,-4.9248046875,2.2421875,2.2021484375
0.4325,-5.125,1.2412109375,3.3232421875
0.433,-4.564453125,0.2802734375,3.6435546875
0.4335,-4.32421875,-0.640625,4.32421875
0.434,-3.4833984375,-1.6015625,4.484375
0.4345,-2.8427734375,-2.4423828125,4.64453125
0.435,-1.921875,-3.5234375,4.724609375
0.4355,-1.0009765625,-4.484375,4.7646484375
0.436,0.0,-4.6845703125,4.00390625
0.4365,0.640625,-5.2451171875,3.923828125
0.437,1.841796875,-5.28515625,2.802734375
0.4375,2.482421875,-5.4052734375,2.2421875
0.438,3.8037109375,-5.525390625,1.12109375
0.4385,4.244140625,-5.1650390625,0.2802734375
0.439,4.5244140625,-4.6044921875,-0.6005859375
0.4395,4.8046875,-4.1240234375,-1.28125
0.44,4.724609375,-3.0830078125,-2.162109375
0.4405,4.6845703125,-2.4423828125,-2.8828125
0.441,4.8447265625,-1.44140625,-4.0439453125
0.4415,4.083984375,-0.3203125,-4.244140625
0.442,3.8037109375,0.560546875,-4.8046875
0.4425,2.7626953125,1.6015625,-4.7646484375
0.443,2.1220703125,2.40234375,-4.884765625
0.4435,1.1611328125,3.443359375,-4.96484375
0.444,0.240234375,4.32421875,-4.8447265625
0.4445,-0.80078125,4.484375,-4.00390625
0.445,-1.4814453125,5.0048828125,-3.84375
0.4455,-2.8427734375,5.0048828125,-2.5625
0.446,-3.4033203125,5.044921875,-2.001953125
0.4465,-4.64453125,5.125,-0.9208984375
0.447,-5.0048828125,4.5244140625,0.0400390625
0.4475,-5.28515625,4.0439453125,0.80078125
0.448,-5.4453125,3.4033203125,1.6015625
0.4485,-5.4052734375,2.3623046875,2.5224609375
0.449,-5.28515625,1.5615234375,3.1630859375
0.4495,-5.4052734375,0.6005859375,4.2841796875
0.45,-4.4443359375,-0.6005859375,4.4443359375
0.4505,-4.2041015625,-1.4013671875,4.96484375
0.451,-2.9228515625,-2.642578125,4.96484375
0.4515,-2.322265625,-3.4033203125,5.044921875
0.452,-1.28125,-4.404296875,4.96484375
0.4525,-0.2802734375,-5.125,4.6845703125
0.453,0.7607421875,-5.2451171875,3.84375
0.4535,1.44140625,-5.685546875,3.5234375
0.454,2.802734375,-5.6455078125,2.2021484375
0.4545,3.3232421875,-5.60546875,1.6416015625
0.455,4.4443359375,-5.6455078125,0.6005859375
0.4555,4.6044921875,-4.884765625,-0.3203125
0.456,4.8447265625,-4.4443359375,-1.041015625
0.4565,4.96484375,-3.6435546875,-1.9619140625
0.457,4.884765625,-2.72265625,-2.8427734375
0.4575,4.7646484375,-1.841796875,-3.4033203125
0.458,4.8046875,-0.880859375,-4.3642578125
0.4585,3.68359375,0.3203125,-4.484375
0.459,3.4833984375,1.041015625,-4.96484375
0.4595,2.2421875,2.2822265625,-4.9248046875
0.46,1.7216796875,2.962890625,-5.0048828125
0.4605,0.640625,3.8837890625,-4.884765625
0.461,-0.3203125,4.484375,-4.484375
0.4615,-1.28125,4.64453125,-3.7236328125
0.462,-2.08203125,5.044921875,-3.283203125
0.4625,-3.36328125,5.044921875,-2.08203125
0.463,-3.8037109375,4.9248046875,-1.521484375
0.4635,-4.8447265625,4.9248046875,-0.5205078125
0.464,-4.96484375,4.083984375,0.4404296875
0.4645,-5.2451171875,3.7236328125,1.0009765625
0.465,-5.28515625,2.72265625,2.0419921875
0.4655,-5.28515625,1.9619140625,2.8427734375
0.466,-5.0849609375,1.0810546875,3.4833984375
0.4665,-5.0048828125,0.2001953125,4.244140625
0.467,-3.923828125,-1.041015625,4.3642578125
0.4675,-3.7236328125,-1.7216796875,4.8046875
0.468,-2.40234375,-3.0830078125,4.8046875
0.4685,-1.921875,-3.5634765625,4.8046875
0.469,-0.8408203125,-4.484375,4.6044921875
0.4695,0.080078125,-4.884765625,4.083984375
0.47,0.880859375,-5.0849609375,3.4833984375
0.4705,1.841796875,-5.365234375,2.8427734375
0.471,2.8828125,-5.4052734375,1.841796875
0.4715,3.3232421875,-5.2451171875,1.28125
0.472,4.1640625,-5.1650390625,0.3603515625
0.4725,4.2041015625,-4.3642578125,-0.5205078125
0.473,4.484375,-4.1240234375,-1.041015625
0.4735,4.484375,-2.962890625,-2.08203125
0.474,4.6044921875,-2.4423828125,-2.6826171875
0.4745,4.32421875,-1.44140625,-3.4033203125
0.475,4.1240234375,-0.640625,-4.00390625
0.4755,3.203125,0.48046875,-4.1640625
0.476,3.0029296875,1.12109375,-4.5244140625
0.4765,1.841796875,2.40234375,-4.564453125
0.477,1.44140625,2.802734375,-4.64453125
0.4775,0.4404296875,3.68359375,-4.4443359375
0.478,-0.5205078125,4.00390625,-3.84375
0.4785,-1.201171875,4.32421875,-3.4833984375
0.479,-2.2822265625,4.484375,-2.642578125
0.4795,-3.1630859375,4.64453125,-1.8818359375
0.48,-3.6435546875,4.4443359375,-1.2412109375
0.4805,-4.3642578125,4.32421875,-0.48046875
0.481,-4.3642578125,3.4833984375,0.4404296875
0.4815,-4.6845703125,3.36328125,0.880859375
0.482,-4.6845703125,2.2421875,1.9619140625
0.4825,-4.7646484375,1.841796875,2.482421875
0.483,-4.564453125,0.8408203125,3.203125
0.4835,-4.2041015625,0.0,3.6435546875
0.484,-3.5234375,-1.0009765625,3.8837890625
0.4845,-3.0830078125,-1.681640625,4.1640625
0.485,-2.2021484375,-2.7626953125,4.32421875
0.4855,-1.681640625,-3.203125,4.1640625
0.486,-0.8408203125,-3.923828125,4.083984375
0.4865,0.0,-4.1240234375,3.443359375
0.487,0.6005859375,-4.5244140625,3.2431640625
0.4875,1.7216796875,-4.64453125,2.2822265625
0.488,2.40234375,-4.884765625,1.76171875
0.4885,2.8828125,-4.64453125,1.12109375
0.489,3.36328125,-4.5244140625,0.5205078125
0.4895,3.4833984375,-3.8037109375,-0.240234375
0.49,3.763671875,-3.603515625,-0.6806640625
0.4905,3.84375,-2.72265625,-1.681640625
0.491,3.923828125,-2.322265625,-2.1220703125
0.4915,3.84375,-1.4814453125,-2.9228515625
0.492,3.36328125,-0.640625,-3.203125
0.4925,3.04296875,0.16015625,-3.68359375
0.493,2.4423828125,0.9609375,-3.84375
0.4935,1.9619140625,1.841796875,-4.2041015625
0.494,1.28125,2.3623046875,-4.00390625
0.4945,0.6005859375,3.04296875,-4.00390625
0.495,-0.2802734375,3.2431640625,-3.36328125
0.4955,-0.9208984375,3.763671875,-3.2431640625
0.496,-2.001953125,3.763671875,-2.40234375
0.4965,-2.5224609375,4.083984375,-1.9619140625
0.497,-3.1630859375,3.84375,-1.201171875
0.4975,-3.5234375,3.68359375,-0.640625
0.498,-3.8037109375,3.203125,0.1201171875
0.4985,-3.9638671875,2.8427734375,0.640625
0.499,-4.2041015625,2.162109375,1.521484375
0.4995,-4.1240234375,1.6416015625,1.9619140625
0.5,-4.1640625,0.9208984375,2.7626953125
0.5005,-3.4833984375,0.0,2.962890625
0.501,-3.36328125,-0.720703125,3.4833984375
0.5015,-2.5625,-1.6416015625,3.5634765625
0.502,-2.2822265625,-2.2822265625,3.8837890625
0.5025,-1.4814453125,-2.7626953125,3.6435546875
0.503,-0.9609375,-3.3232421875,3.603515625
0.5035,-0.2001953125,-3.5634765625,3.123046875
0.504,0.3603515625,-4.1240234375,2.8427734375
0.5045,1.4013671875,-4.244140625,2.1220703125
0.505,1.841796875,-4.32421875,1.76171875
0.5055,2.482421875,-4.244140625,1.1611328125
0.506,2.6025390625,-3.84375,0.6005859375
0.5065,3.04296875,-3.68359375,0.0400390625
0.507,3.123046875,-3.0830078125,-0.640625
0.5075,3.5234375,-2.802734375,-1.28125
0.508,3.36328125,-2.1220703125,-1.8017578125
0.5085,3.4833984375,-1.5615234375,-2.482421875
0.509,2.8427734375,-0.6005859375,-2.72265625
0.5095,2.8828125,-0.080078125,-3.283203125
0.51,2.162109375,0.9208984375,-3.4833984375
0.5105,2.001953125,1.4013671875,-3.84375
0.511,1.201171875,2.0419921875,-3.68359375
0.5115,0.6005859375,2.5224609375,-3.5234375
0.512,-0.1201171875,3.0029296875,-3.203125
0.5125,-0.9208984375,3.2431640625,-2.802734375
0.513,-1.6416015625,3.763671875,-2.322265625
0.5135,-2.2021484375,3.603515625,-1.8017578125
0.514,-2.8427734375,3.68359375,-1.28125
0.5145,-3.04296875,3.203125,-0.640625
0.515,-3.5234375,3.1630859375,-0.1201171875
0.5155,-3.6435546875,2.482421875,0.720703125
0.516,-4.00390625,2.2421875,1.28125
0.5165,-3.8037109375,1.4013671875,1.921875
0.517,-3.7236328125,0.80078125,2.4423828125
0.5175,-3.203125,-0.16015625,2.802734375
0.518,-3.04296875,-0.80078125,3.203125
0.5185,-2.4423828125,-1.681640625,3.5234375
0.519,-2.08203125,-2.1220703125,3.5234375
0.5195,-1.4013671875,-2.802734375,3.5234375
0.52,-0.6806640625,-3.0830078125,3.1630859375
0.5205,-0.16015625,-3.603515625,3.0029296875
0.521,0.8408203125,-3.84375,2.2421875
0.5215,1.4013671875,-4.1240234375,2.0419921875
0.522,1.8818359375,-3.923828125,1.44140625
0.5225,2.2822265625,-4.00390625,1.12109375
0.523,2.5224609375,-3.4833984375,0.400390625
0.5235,2.8427734375,-3.36328125,0.0
0.524,3.0830078125,-2.7626953125,-0.9208984375
0.5245,3.283203125,-2.5224609375,-1.3212890625
0.525,3.2431640625,-1.76171875,-2.08203125
0.5255,2.962890625,-1.12109375,-2.3623046875
0.526,2.72265625,-0.3203125,-2.8828125
0.5265,2.3623046875,0.4404296875,-3.203125
0.527,2.0419921875,1.1611328125,-3.6435546875
0.5275,1.4814453125,1.6416015625,-3.5234375
0.528,0.9208984375,2.2421875,-3.68359375
0.5285,0.16015625,2.5625,-3.1630859375
0.529,-0.560546875,3.0830078125,-3.04296875
0.5295,-1.4814453125,3.4033203125,-2.322265625
0.53,-2.08203125,3.68359375,-2.001953125
0.5305,-2.6025390625,3.4833984375,-1.3212890625
0.531,-2.962890625,3.443359375,-0.9208984375
0.5315,-3.3232421875,3.04296875,-0.16015625
0.532,-3.5634765625,2.6826171875,0.4404296875
0.5325,-3.8837890625,2.162109375,1.28125
0.533,-3.84375,1.5615234375,1.7216796875
0.5335,-3.84375,0.8408203125,2.482421875
0.534,-3.2431640625,0.0,2.7626953125
0.5345,-3.123046875,-0.6806640625,3.2431640625
0.535,-2.4423828125,-1.6015625,3.443359375
0.5355,-2.08203125,-2.2822265625,3.7236328125
0.536,-1.361328125,-2.802734375,3.443359375
0.5365,-0.80078125,-3.36328125,3.443359375
0.537,0.0,-3.5634765625,2.8427734375
0.5375,0.6806640625,-3.923828125,2.6025390625
0.538,1.7216796875,-4.2041015625,1.8818359375
0.5385,2.162109375,-4.1640625,1.4013671875
0.539,2.6826171875,-4.0439453125,0.7607421875
0.5395,2.8427734375,-3.6435546875,0.240234375
0.54,3.123046875,-3.3232421875,-0.3603515625
0.5405,3.3232421875,-2.7626953125,-1.0810546875
0.541,3.603515625,-2.2822265625,-1.8818359375
0.5415,3.2431640625,-1.521484375,-2.2822265625
0.542,3.283203125,-0.9208984375,-2.8828125
0.5425,2.5625,0.0,-3.0830078125
0.543,2.4423828125,0.6005859375,-3.5634765625
0.5435,1.7216796875,1.6015625,-3.7236328125
0.544,1.2412109375,2.1220703125,-3.84375
0.5445,0.48046875,2.642578125,-3.603515625
0.545,-0.1201171875,3.0830078125,-3.443359375
0.5455,-0.9208984375,3.36328125,-2.8427734375
0.546,-1.76171875,3.7236328125,-2.3623046875
0.5465,-2.7626953125,4.00390625,-1.6416015625
0.547,-3.123046875,3.68359375,-1.0009765625
0.5475,-3.68359375,3.68359375,-0.4404296875
0.548,-3.8037109375,3.04296875,0.2802734375
0.5485,-4.1240234375,2.72265625,0.880859375
0.549,-4.2041015625,1.921875,1.76171875
0.5495,-4.3642578125,1.4013671875,2.482421875
0.55,-3.84375,0.400390625,2.9228515625
0.5505,-3.8037109375,-0.3203125,3.5234375
0.551,-2.9228515625,-1.28125,3.603515625
0.5515,-2.6025390625,-1.9619140625,3.9638671875
0.552,-1.76171875,-3.0830078125,4.1240234375
0.5525,-1.0009765625,-3.5634765625,3.84375
0.553,-0.3203125,-4.00390625,3.603515625
0.5535,0.48046875,-4.2841796875,3.1630859375
0.554,1.3212890625,-4.484375,2.482421875
0.5545,2.2021484375,-4.64453125,1.841796875
0.555,3.1630859375,-4.8447265625,1.12109375
0.5555,3.36328125,-4.2041015625,0.2802734375
0.556,3.8037109375,-4.1640625,-0.2001953125
0.5565,3.8037109375,-3.283203125,-1.0810546875
0.557,3.9638671875,-2.8427734375,-1.681640625
0.5575,4.0439453125,-2.001953125,-2.6025390625
0.558,3.9638671875,-1.28125,-3.203125
0.5585,3.36328125,-0.2802734375,-3.603515625
0.559,3.123046875,0.4404296875,-3.9638671875
0.5595,2.2021484375,1.44140625,-4.0439453125
0.56,1.76171875,2.0419921875,-4.2841796875
0.5605,0.880859375,3.1630859375,-4.4443359375
0.561,0.0,3.4833984375,-3.923828125
0.5615,-0.640625,3.9638671875,-3.7236328125
0.562,-1.6416015625,4.2041015625,-2.9228515625
0.5625,-2.5224609375,4.32421875,-2.2421875
0.563,-3.36328125,4.4443359375,-1.4814453125
0.5635,-4.2041015625,4.484375,-0.6806640625
0.564,-4.3642578125,3.763671875,0.16015625
0.5645,-4.7646484375,3.6435546875,0.6806640625
0.565,-4.7646484375,2.5625,1.76171875
0.5655,-4.8447265625,2.0419921875,2.2822265625
0.566,-4.9248046875,1.12109375,3.3232421875
0.5665,-4.564453125,0.2001953125,3.84375
0.567,-3.8837890625,-0.8408203125,4.1240234375
0.5675,-3.4033203125,-1.681640625,4.484375
0.568,-2.3623046875,-2.8828125,4.5244140625
0.5685,-1.8017578125,-3.4833984375,4.564453125
0.569,-0.80078125,-4.5244140625,4.5244140625
0.5695,0.16015625,-4.6845703125,3.84375
0.57,0.8408203125,-5.125,3.5634765625
0.5705,2.08203125,-5.3251953125,2.5625
0.571,2.8828125,-5.3251953125,1.76171875
0.5715,3.68359375,-5.2451171875,0.9609375
0.572,4.404296875,-5.125,0.16015625
0.5725,4.404296875,-4.2041015625,-0.7607421875
0.573,4.6845703125,-4.00390625,-1.28125
0.5735,4.64453125,-2.72265625,-2.5224609375
0.574,4.6044921875,-2.162109375,-2.962890625
0.5745,4.5244140625,-1.12109375,-3.9638671875
0.575,4.0439453125,-0.16015625,-4.3642578125
0.5755,3.283203125,0.8408203125,-4.564453125
0.576,2.6826171875,1.76171875,-4.8447265625
0.5765,1.5615234375,2.8828125,-4.8447265625
0.577,0.9609375,3.36328125,-4.8046875
0.5775,0.0,4.404296875,-4.64453125
0.578,-1.0810546875,4.5244140625,-3.8037109375
0.5785,-1.76171875,4.8447265625,-3.4833984375
0.579,-3.1630859375,5.044921875,-2.2822265625
0.5795,-3.8837890625,5.0048828125,-1.521484375
0.58,-4.564453125,4.7646484375,-0.640625
0.5805,-5.205078125,4.5244140625,0.240234375
0.581,-5.1650390625,3.603515625,1.12109375
0.5815,-5.4453125,3.2431640625,1.7216796875
0.582,-5.4453125,1.921875,3.0029296875
0.5825,-5.205078125,1.28125,3.443359375
0.583,-5.0849609375,0.240234375,4.32421875
0.5835,-4.3642578125,-0.9208984375,4.64453125
0.584,-3.603515625,-1.921875,4.8447265625
0.5845,-2.8427734375,-2.9228515625,5.044921875
0.585,-1.76171875,-4.083984375,5.044921875
0.5855,-1.0009765625,-4.484375,4.724609375
0.586,0.0400390625,-5.3251953125,4.5244140625
0.5865,1.041015625,-5.4052734375,3.603515625
0.587,1.76171875,-5.685546875,3.2431640625
0.5875,3.1630859375,-5.765625,1.921875
0.588,3.84375,-5.6455078125,1.1611328125
0.5885,4.4443359375,-5.2451171875,0.240234375
0.589,4.96484375,-4.9248046875,-0.640625
0.5895,4.8046875,-3.8837890625,-1.4814453125
0.59,4.96484375,-3.443359375,-2.08203125
0.5905,5.0048828125,-2.162109375,-3.36328125
0.591,4.64453125,-1.4814453125,-3.68359375
0.5915,4.484375,-0.4404296875,-4.5244140625
0.592,3.5634765625,0.640625,-4.724609375
0.5925,2.962890625,1.4814453125,-4.884765625
0.593,2.0419921875,2.5224609375,-5.044921875
0.5935,1.1611328125,3.5634765625,-5.0849609375
0.594,0.2802734375,3.9638671875,-4.564453125
0.5945,-0.640625,4.7646484375,-4.4443359375
0.595,-1.6416015625,4.724609375,-3.4833984375
0.5955,-2.322265625,5.044921875,-3.0830078125
0.596,-3.763671875,5.125,-1.8017578125
0.5965,-4.32421875,5.0048828125,-1.12109375
0.597,-4.884765625,4.5244140625,-0.1201171875
0.5975,-5.28515625,4.1640625,0.6806640625
0.598,-5.2451171875,3.3232421875,1.521484375
0.5985,-5.365234375,2.6826171875,2.2021484375
0.599,-5.4853515625,1.5615234375,3.4033203125
0.5995,-5.0048828125,0.7607421875,3.68359375
0.6,-4.8447265625,-0.3203125,4.5244140625
0.6005,-3.84375,-1.44140625,4.64453125
0.601,-3.3232421875,-2.2822265625,4.8447265625
0.6015,-2.2822265625,-3.36328125,4.9248046875
0.602,-1.44140625,-4.244140625,5.0048828125
0.6025,-0.4404296875,-4.6044921875,4.32421875
0.603,0.400390625,-5.28515625,4.2041015625
0.6035,1.3212890625,-5.2451171875,3.1630859375
0.604,2.0419921875,-5.4853515625,2.7626953125
0.6045,3.443359375,-5.60546875,1.521484375
0.605,3.84375,-5.28515625,0.80078125
0.6055,4.404296875,-4.8447265625,-0.16015625
0.606,4.6044921875,-4.3642578125,-0.880859375
0.6065,4.6044921875,-3.5634765625,-1.6015625
0.607,4.6044921875,-2.8427734375,-2.322265625
0.6075,4.7646484375,-1.921875,-3.36328125
0.608,4.1640625,-1.12109375,-3.6435546875
0.6085,4.0439453125,-0.2001953125,-4.404296875
0.609,3.0029296875,0.880859375,-4.404296875
0.6095,2.6826171875,1.5615234375,-4.64453125
0.61,1.6015625,2.6826171875,-4.724609375
0.6105,1.0009765625,3.36328125,-4.7646484375
0.611,0.0,3.84375,-4.1640625
0.6115,-0.720703125,4.3642578125,-3.9638671875
0.612,-1.6416015625,4.404296875,-3.123046875
0.6125,-2.40234375,4.64453125,-2.6025390625
0.613,-3.68359375,4.8447265625,-1.5615234375
0.6135,-4.00390625,4.484375,-0.880859375
0.614,-4.64453125,4.2041015625,0.0
0.6145,-4.7646484375,3.5634765625,0.7607421875
0.615,-4.884765625,3.04296875,1.361328125
0.6155,-4.884765625,2.162109375,2.2421875
0.616,-5.0849609375,1.4013671875,3.123046875
0.6165,-4.4443359375,0.4404296875,3.443359375
0.617,-4.3642578125,-0.400390625,4.1240234375
0.6175,-3.2431640625,-1.4814453125,4.1240234375
0.618,-3.0029296875,-2.1220703125,4.484375
0.6185,-1.921875,-3.283203125,4.5244140625
0.619,-1.28125,-3.8037109375,4.3642578125
0.6195,-0.3203125,-4.2841796875,3.923828125
0.62,0.3603515625,-4.6044921875,3.5634765625
0.6205,1.201171875,-4.7646484375,2.8427734375
0.621,2.001953125,-4.9248046875,2.2421875
0.6215,3.0830078125,-5.0849609375,1.4013671875
0.622,3.283203125,-4.564453125,0.640625
0.6225,3.84375,-4.484375,0.0400390625
0.623,3.8037109375,-3.6435546875,-0.720703125
0.6235,4.00390625,-3.3232421875,-1.28125
0.624,4.00390625,-2.4423828125,-2.162109375
0.6245,4.1240234375,-1.9619140625,-2.72265625
0.625,3.603515625,-1.0009765625,-3.203125
0.6255,3.4033203125,-0.3203125,-3.603515625
0.626,2.5625,0.720703125,-3.7236328125
0.6265,2.40234375,1.28125,-4.0439453125
0.627,1.5615234375,2.322265625,-4.244140625
0.6275,0.9609375,2.6826171875,-4.00390625
0.628,0.2001953125,3.283203125,-3.84375
0.6285,-0.6005859375,3.5234375,-3.3232421875
0.629,-1.28125,3.84375,-2.962890625
0.6295,-2.2021484375,4.0439453125,-2.2421875
0.63,-3.04296875,4.2841796875,-1.6416015625
0.6305,-3.3232421875,3.8037109375,-0.9208984375
0.631,-3.8837890625,3.84375,-0.400390625
0.6315,-3.923828125,3.04296875,0.48046875
0.632,-4.244140625,2.7626953125,0.9609375
0.6325,-4.404296875,1.921875,1.921875
0.633,-4.3642578125,1.44140625,2.3623046875
0.6335,-4.00390625,0.48046875,3.04296875
0.634,-3.68359375,-0.3203125,3.4033203125
0.6345,-3.0830078125,-1.2412109375,3.6435546875
0.635,-2.6025390625,-1.921875,3.8837890625
0.6355,-1.921875,-2.8427734375,4.083984375
0.636,-1.2412109375,-3.1630859375,3.68359375
0.6365,-0.640625,-3.763671875,3.68359375
0.637,0.240234375,-3.8837890625,3.0029296875
0.6375,0.880859375,-4.2041015625,2.72265625
0.638,1.841796875,-4.404296875,1.921875
0.6385,2.40234375,-4.484375,1.4814453125
0.639,2.72265625,-4.0439453125,0.6806640625
0.6395,3.04296875,-3.9638671875,0.3203125
0.64,3.1630859375,-3.36328125,-0.48046875
0.6405,3.4033203125,-3.0830078125,-1.0009765625
0.641,3.6435546875,-2.4423828125,-1.8818359375
0.6415,3.4033203125,-1.8017578125,-2.1220703125
0.642,3.283203125,-1.041015625,-2.7626953125
0.6425,2.7626953125,-0.3203125,-2.962890625
0.643,2.5625,0.400390625,-3.4033203125
0.6435,2.0419921875,1.1611328125,-3.603515625
0.644,1.6416015625,1.8017578125,-3.84375
0.6445,0.9208984375,2.2421875,-3.5234375
0.645,0.4404296875,2.802734375,-3.5634765625
0.6455,-0.48046875,3.04296875,-2.962890625
0.646,-1.12109375,3.4833984375,-2.7626953125
0.6465,-2.0419921875,3.68359375,-2.0419921875
0.647,-2.40234375,3.68359375,-1.681640625
0.6475,-2.962890625,3.5634765625,-1.0009765625
0.648,-3.203125,3.2431640625,-0.560546875
0.6485,-3.5634765625,2.8828125,0.2001953125
0.649,-3.8037109375,2.40234375,0.80078125
0.6495,-4.1240234375,2.0419921875,1.6015625
0.65,-3.763671875,1.2412109375,2.0419921875
0.6505,-3.84375,0.6005859375,2.72265625
0.651,-3.1630859375,-0.400390625,2.9228515625
0.6515,-3.0830078125,-1.0009765625,3.443359375
0.652,-2.3623046875,-1.921875,3.6435546875
0.6525,-1.9619140625,-2.40234375,3.7236328125
0.653,-1.201171875,-2.8828125,3.443359375
0.6535,-0.640625,-3.36328125,3.36328125
0.654,0.2001953125,-3.6435546875,2.802734375
0.6545,0.9208984375,-4.00390625,2.4423828125
0.655,1.76171875,-4.244140625,1.841796875
0.6555,2.0419921875,-3.9638671875,1.28125
0.656,2.5625,-4.00390625,0.80078125
0.6565,2.6826171875,-3.5234375,0.16015625
0.657,3.04296875,-3.283203125,-0.400390625
0.6575,3.1630859375,-2.6025390625,-1.12109375
0.658,3.4033203125,-2.2822265625,-1.6416015625
0.6585,3.04296875,-1.44140625,-2.1220703125
0.659,3.04296875,-0.9609375,-2.6025390625
0.6595,2.4423828125,0.0,-2.8828125
0.66,2.3623046875,0.560546875,-3.3232421875
0.6605,1.8017578125,1.4013671875,-3.5634765625
0.661,1.3212890625,1.76171875,-3.4833984375
0.6615,0.6806640625,2.3623046875,-3.443359375
0.662,0.0400390625,2.6826171875,-3.0830078125
0.6625,-0.720703125,3.04296875,-2.7626953125
0.663,-1.4814453125,3.36328125,-2.2822265625
0.6635,-2.2021484375,3.6435546875,-1.8818359375
0.664,-2.5224609375,3.283203125,-1.2412109375
0.6645,-3.04296875,3.443359375,-0.9208984375
0.665,-3.203125,2.802734375,-0.16015625
0.6655,-3.6435546875,2.6826171875,0.48046875
0.666,-3.8837890625,2.0419921875,1.3212890625
0.6665,-3.8837890625,1.6015625,1.8017578125
0.667,-3.6435546875,0.6806640625,2.40234375
0.6675,-3.443359375,0.0400390625,2.8828125
0.668,-2.9228515625,-0.8408203125,3.1630859375
0.6685,-2.6025390625,-1.5615234375,3.5234375
0.669,-2.001953125,-2.3623046875,3.763671875
0.6695,-1.3212890625,-2.7626953125,3.443359375
0.67,-0.80078125,-3.36328125,3.4833984375
0.6705,0.1201171875,-3.603515625,2.8427734375
0.671,0.80078125,-4.00390625,2.5224609375
0.6715,1.7216796875,-4.1640625,1.8818359375
0.672,2.2421875,-4.2841796875,1.361328125
0.6725,2.5625,-3.84375,0.640625
0.673,2.8828125,-3.84375,0.240234375
0.6735,3.04296875,-3.0830078125,-0.560546875
0.674,3.3232421875,-2.802734375,-1.12109375
0.6745,3.5234375,-2.1220703125,-1.9619140625
0.675,3.2431640625,-1.44140625,-2.3623046875
0.6755,3.04296875,-0.6806640625,-2.8427734375
0.676,2.5625,0.0400390625,-3.123046875
0.6765,2.2021484375,0.80078125,-3.443359375
0.677,1.76171875,1.5615234375,-3.7236328125
0.6775,1.12109375,2.2421875,-3.8037109375
0.678,0.3603515625,2.5625,-3.36328125
0.6785,-0.16015625,3.123046875,-3.36328125
0.679,-1.1611328125,3.3232421875,-2.5625
0.6795,-1.8017578125,3.68359375,-2.2822265625
0.68,-2.642578125,3.763671875,-1.6015625
0.6805,-3.0830078125,3.5634765625,-1.0009765625
0.681,-3.4833984375,3.283203125,-0.400390625
0.6815,-3.7236328125,3.04296875,0.2001953125
0.682,-3.8837890625,2.40234375,1.0009765625
0.6825,-4.0439453125,1.921875,1.6416015625
0.683,-4.2841796875,1.28125,2.482421875
0.6835,-3.7236328125,0.3203125,2.8427734375
0.684,-3.603515625,-0.3603515625,3.443359375
0.6845,-2.8427734375,-1.3212890625,3.5634765625
0.685,-2.4423828125,-2.08203125,3.8837890625
0.6855,-1.7216796875,-2.8828125,3.923828125
0.686,-1.0009765625,-3.5634765625,3.8837890625
0.6865,-0.2802734375,-3.8037109375,3.36328125
0.687,0.4404296875,-4.2841796875,3.1630859375
0.6875,1.6015625,-4.4443359375,2.2021484375
0.688,2.2021484375,-4.64453125,1.76171875
0.6885,3.04296875,-4.6845703125,0.9609375
0.689,3.3232421875,-4.244140625,0.2802734375
0.6895,3.5634765625,-3.84375,-0.3203125
0.69,3.763671875,-3.2431640625,-1.0810546875
0.6905,3.84375,-2.5625,-1.921875
0.691,3.84375,-1.921875,-2.482421875
0.6915,3.8837890625,-1.1611328125,-3.2431640625
0.692,3.0830078125,-0.16015625,-3.443359375
0.6925,2.9228515625,0.48046875,-3.8837890625
0.693,1.921875,1.6416015625,-4.00390625
0.6935,1.5615234375,2.2822265625,-4.2041015625
0.694,0.720703125,3.0029296875,-4.1240234375
0.6945,0.0,3.5634765625,-3.8837890625
0.695,-0.80078125,3.7236328125,-3.283203125
0.6955,-1.6416015625,4.1240234375,-2.8828125
0.696,-2.8427734375,4.2041015625,-1.8818359375
0.6965,-3.3232421875,4.1640625,-1.3212890625
0.697,-4.083984375,4.1240234375,-0.6005859375
0.6975,-4.2841796875,3.5634765625,0.2802734375
0.698,-4.5244140625,3.2431640625,0.80078125
0.6985,-4.64453125,2.40234375,1.76171875
0.699,-4.7646484375,1.76171875,2.5224609375
0.6995,-4.5244140625,0.880859375,3.123046875
0.7,-4.484375,0.080078125,3.84375
0.7005,-3.5234375,-1.0810546875,3.9638671875
0.701,-3.2431640625,-1.7216796875,4.404296875
0.7015,-2.08203125,-3.0830078125,4.484375
0.702,-1.521484375,-3.6435546875,4.484375
0.7025,-0.6005859375,-4.32421875,4.2041015625
0.703,0.240234375,-4.8046875,3.84375
0.7035,1.0810546875,-4.8447265625,3.1630859375
0.704,1.9619140625,-5.2451171875,2.5224609375
0.7045,3.2431640625,-5.365234375,1.44140625
0.705,3.6435546875,-5.044921875,0.6806640625
0.7055,4.32421875,-4.8447265625,-0.080078125
0.706,4.3642578125,-4.00390625,-0.9208984375
0.7065,4.484375,-3.603515625,-1.4814453125
0.707,4.564453125,-2.5224609375,-2.6025390625
0.7075,4.6044921875,-1.76171875,-3.3232421875
0.708,4.1240234375,-0.80078125,-3.84375
0.7085,3.923828125,0.080078125,-4.484375
0.709,2.8427734375,1.12109375,-4.4443359375
0.7095,2.5625,1.8017578125,-4.724609375
0.71,1.28125,3.1630859375,-4.8447265625
0.7105,0.640625,3.68359375,-4.64453125
0.711,-0.400390625,4.2841796875,-4.244140625
0.7115,-1.1611328125,4.64453125,-3.8037109375
0.712,-2.0419921875,4.64453125,-3.0830078125
0.7125,-3.0830078125,4.884765625,-2.2822265625
0.713,-4.3642578125,5.044921875,-1.2412109375
0.7135,-4.6044921875,4.484375,-0.3203125
0.714,-5.2451171875,4.32421875,0.48046875
0.7145,-5.1650390625,3.443359375,1.28125
0.715,-5.28515625,2.8828125,1.921875
0.7155,-5.3251953125,1.76171875,3.123046875
0.716,-5.28515625,0.9609375,3.84375
0.7165,-4.64453125,-0.240234375,4.32421875
0.717,-4.3642578125,-1.12109375,4.884765625
0.7175,-3.203125,-2.2021484375,4.8046875
0.718,-2.72265625,-2.9228515625,5.044921875
0.7185,-1.44140625,-4.3642578125,5.0849609375
0.719,-0.6005859375,-4.8046875,4.64453125
0.7195,0.400390625,-5.3251953125,4.2041015625
0.72,1.2412109375,-5.60546875,3.603515625
0.7205,2.162109375,-5.685546875,2.7626953125
0.721,3.203125,-5.765625,1.841796875
0.7215,4.404296875,-5.8056640625,0.80078125
0.722,4.564453125,-5.0048828125,-0.2001953125
0.7225,5.125,-4.8447265625,-0.9208984375
0.723,4.96484375,-3.7236328125,-1.8017578125
0.7235,4.96484375,-3.1630859375,-2.4423828125
0.724,5.0048828125,-1.9619140625,-3.603515625
0.7245,4.8046875,-1.041015625,-4.244140625
0.725,4.083984375,0.1201171875,-4.64453125
0.7255,3.68359375,0.9609375,-5.044921875
0.726,2.5224609375,2.001953125,-4.9248046875
0.7265,1.9619140625,2.72265625,-5.044921875
0.727,0.80078125,4.0439453125,-5.1650390625
0.7275,-0.2001953125,4.404296875,-4.484375
0.728,-1.0009765625,4.8447265625,-4.2041015625
0.7285,-1.9619140625,4.96484375,-3.4033203125
0.729,-2.8427734375,5.044921875,-2.642578125
0.7295,-3.8837890625,5.125,-1.6416015625
0.73,-4.884765625,5.1650390625,-0.6806640625
0.7305,-5.044921875,4.2841796875,0.3203125
0.731,-5.525390625,4.1640625,0.9208984375
0.7315,-5.4052734375,3.04296875,1.921875
0.732,-5.4052734375,2.4423828125,2.482421875
0.7325,-5.4853515625,1.28125,3.68359375
0.733,-5.125,0.3603515625,4.2041015625
0.7335,-4.4443359375,-0.80078125,4.64453125
0.734,-3.9638671875,-1.681640625,5.0048828125
0.7345,-2.8828125,-2.7626953125,4.96484375
0.735,-2.2421875,-3.5234375,5.0048828125
0.7355,-1.041015625,-4.7646484375,5.0849609375
0.736,0.0,-5.0849609375,4.2841796875
0.7365,0.6806640625,-5.5654296875,4.083984375
0.737,1.841796875,-5.6455078125,3.04296875
0.7375,2.642578125,-5.6455078125,2.3623046875
0.738,3.6435546875,-5.6455078125,1.361328125
0.7385,4.484375,-5.60546875,0.48046875
0.739,4.6044921875,-4.64453125,-0.560546875
0.7395,4.96484375,-4.484375,-1.12109375
0.74,4.8447265625,-3.2431640625,-2.162109375
0.7405,4.8046875,-2.642578125,-2.6826171875
0.741,4.884765625,-1.5615234375,-3.84375
0.7415,4.32421875,-0.6005859375,-4.244140625
0.742,3.68359375,0.48046875,-4.6044921875
0.7425,3.123046875,1.28125,-4.8046875
0.743,2.162109375,2.2822265625,-4.8046875
0.7435,1.521484375,3.0029296875,-4.8447265625
0.744,0.5205078125,4.00390625,-4.884765625
0.7445,-0.560546875,4.1640625,-4.0439453125
0.745,-1.12109375,4.64453125,-3.923828125
0.7455,-2.322265625,4.7646484375,-2.7626953125
0.746,-2.962890625,4.8447265625,-2.2421875
0.7465,-4.00390625,4.8447265625,-1.28125
0.747,-4.564453125,4.6044921875,-0.48046875
0.7475,-4.7646484375,3.8837890625,0.4404296875
0.748,-5.0849609375,3.6435546875,0.9609375
0.7485,-5.044921875,2.5625,1.9619140625
0.749,-5.044921875,2.0419921875,2.5224609375
0.7495,-5.1650390625,1.0810546875,3.6435546875
0.75,-4.484375,0.0400390625,3.8837890625
0.7505,-4.1640625,-0.9208984375,4.4443359375
0.751,-3.3232421875,-1.8818359375,4.5244140625
0.7515,-2.6025390625,-2.72265625,4.6845703125
0.752,-1.8017578125,-3.5634765625,4.6044921875
0.7525,-0.9208984375,-4.484375,4.564453125
0.753,0.1201171875,-4.64453125,3.8037109375
0.7535,0.6806640625,-5.0849609375,3.68359375
0.754,1.9619140625,-5.125,2.5224609375
0.7545,2.5224609375,-5.2451171875,2.08203125
0.755,3.5234375,-5.205078125,1.0810546875
0.7555,3.8837890625,-4.8447265625,0.3203125
0.756,4.1240234375,-4.2041015625,-0.48046875
0.7565,4.2841796875,-3.8037109375,-1.0810546875
0.757,4.32421875,-2.8427734375,-2.001953125
0.7575,4.244140625,-2.2822265625,-2.5224609375
0.758,4.32421875,-1.4013671875,-3.4833984375
0.7585,3.5234375,-0.3603515625,-3.6435546875
0.759,3.3232421875,0.3203125,-4.1240234375
0.7595,2.40234375,1.28125,-4.1240234375
0.76,1.9619140625,1.921875,-4.3642578125
0.7605,1.201171875,2.6826171875,-4.32421875
0.761,0.4404296875,3.3232421875,-4.1640625
0.7615,-0.4404296875,3.5634765625,-3.5634765625
0.762,-1.0009765625,3.9638671875,-3.36328125
0.7625,-2.08203125,4.0439453125,-2.3623046875
0.763,-2.5625,4.2041015625,-2.0419921875
0.7635,-3.4833984375,4.2841796875,-1.2412109375
0.764,-3.763671875,3.8037109375,-0.5205078125
0.7645,-4.1640625,3.603515625,0.1201171875
0.765,-4.2041015625,3.0029296875,0.7607421875
0.7655,-4.4443359375,2.482421875,1.4814453125
0.766,-4.4443359375,1.76171875,2.162109375
0.7665,-4.5244140625,1.12109375,2.8828125
0.767,-3.8037109375,0.0400390625,3.203125
0.7675,-3.8037109375,-0.6005859375,3.84375
0.768,-2.8427734375,-1.681640625,3.84375
0.7685,-2.5625,-2.322265625,4.1640625
0.769,-1.6416015625,-3.203125,4.083984375
0.7695,-0.9609375,-3.6435546875,3.8837890625
0.77,-0.2001953125,-4.00390625,3.5234375
0.7705,0.6005859375,-4.3642578125,3.123046875
0.771,1.5615234375,-4.5244140625,2.3623046875
0.7715,2.08203125,-4.64453125,1.921875
0.772,2.8828125,-4.6845703125,1.1611328125
0.7725,3.0830078125,-4.1240234375,0.400390625
0.773,3.4833984375,-4.00390625,-0.080078125
0.7735,3.4833984375,-3.1630859375,-0.9208984375
0.774,3.8037109375,-2.8427734375,-1.4814453125
0.7745,3.68359375,-2.0419921875,-2.2021484375
0.775,3.68359375,-1.44140625,-2.7626953125
0.7755,3.0029296875,-0.48046875,-3.04296875
0.776,2.9228515625,0.0400390625,-3.4833984375
0.7765,2.08203125,1.0009765625,-3.603515625
0.777,1.921875,1.521484375,-3.923828125
0.7775,1.12109375,2.3623046875,-3.84375
0.778,0.4404296875,2.6826171875,-3.5234375
0.7785,-0.16015625,3.123046875,-3.36328125
0.779,-1.0009765625,3.3232421875,-2.7626953125
0.7795,-1.681640625,3.68359375,-2.3623046875
0.78,-2.322265625,3.68359375,-1.8017578125
0.7805,-2.8828125,3.8037109375,-1.28125
0.781,-3.1630859375,3.3232421875,-0.640625
0.7815,-3.5634765625,3.3232421875,-0.240234375
0.782,-3.6435546875,2.5625,0.6005859375
0.7825,-4.00390625,2.40234375,1.12109375
0.783,-4.0439453125,1.6015625,1.921875
0.7835,-3.84375,1.0009765625,2.3623046875
0.784,-3.5634765625,0.0400390625,2.8828125
0.7845,-3.203125,-0.640625,3.203125
0.785,-2.72265625,-1.4814453125,3.5234375
0.7855,-2.322265625,-2.08203125,3.763671875
0.786,-1.681640625,-2.7626953125,3.8037109375
0.7865,-0.9208984375,-3.123046875,3.4033203125
0.787,-0.3603515625,-3.7236328125,3.4033203125
0.7875,0.640625,-3.8837890625,2.6025390625
0.788,1.28125,-4.2841796875,2.40234375
0.7885,1.9619140625,-4.244140625,1.6416015625
0.789,2.40234375,-4.2041015625,1.2412109375
0.7895,2.72265625,-3.8037109375,0.48046875
0.79,3.04296875,-3.6435546875,0.0400390625
0.7905,3.203125,-2.962890625,-0.8408203125
0.791,3.443359375,-2.642578125,-1.361328125
0.7915,3.5234375,-1.9619140625,-2.1220703125
0.792,3.0830078125,-1.2412109375,-2.4423828125
0.7925,2.9228515625,-0.5205078125,-2.962890625
0.793,2.40234375,0.240234375,-3.203125
0.7935,2.1220703125,1.0009765625,-3.5634765625
0.794,1.5615234375,1.6015625,-3.5634765625
0.7945,1.0009765625,2.162109375,-3.603515625
0.795,0.2802734375,2.482421875,-3.203125
0.7955,-0.2802734375,3.0029296875,-3.123046875
0.796,-1.2412109375,3.1630859375,-2.3623046875
0.7965,-1.76171875,3.5234375,-2.2021484375
0.797,-2.4423828125,3.5234375,-1.5615234375
0.7975,-2.72265625,3.3232421875,-1.041015625
0.798,-3.123046875,3.1630859375,-0.5205078125
0.7985,-3.283203125,2.802734375,0.080078125
0.799,-3.68359375,2.4423828125,0.7607421875
0.7995,-3.763671875,1.921875,1.3212890625
0.8,-3.923828125,1.3212890625,2.0419921875
0.8005,-3.36328125,0.400390625,2.40234375
0.801,-3.4033203125,-0.2001953125,3.0029296875
0.8015,-2.72265625,-1.12109375,3.1630859375
0.802,-2.5625,-1.681640625,3.6435546875
0.8025,-1.8017578125,-2.40234375,3.5634765625
0.803,-1.28125,-2.9228515625,3.5234375
0.8035,-0.560546875,-3.283203125,3.203125
0.804,0.2001953125,-3.7236328125,2.9228515625
0.8045,1.12109375,-4.0439453125,2.2822265625
0.805,1.681640625,-4.1640625,1.921875
0.8055,2.3623046875,-4.2041015625,1.28125
0.806,2.5625,-3.84375,0.640625
0.8065,3.0029296875,-3.7236328125,0.1201171875
0.807,3.123046875,-3.04296875,-0.640625
0.8075,3.4833984375,-2.72265625,-1.28125
0.808,3.36328125,-2.0419921875,-1.9619140625
0.8085,3.36328125,-1.44140625,-2.5625
0.809,2.72265625,-0.5205078125,-2.8427734375
0.8095,2.6826171875,0.1201171875,-3.283203125
0.81,1.921875,1.12109375,-3.4833984375
0.8105,1.6416015625,1.6416015625,-3.7236328125
0.811,0.9208984375,2.322265625,-3.603515625
0.8115,0.2802734375,2.6826171875,-3.36328125
0.812,-0.3603515625,3.04296875,-3.0830078125
0.8125,-1.28125,3.36328125,-2.5224609375
0.813,-2.08203125,3.68359375,-1.9619140625
0.8135,-2.5625,3.5634765625,-1.4013671875
0.814,-3.1630859375,3.603515625,-0.9208984375
0.8145,-3.283203125,3.0830078125,-0.2001953125
0.815,-3.68359375,2.962890625,0.2802734375
0.8155,-3.84375,2.2021484375,1.201171875
0.816,-4.0439453125,1.8017578125,1.7216796875
0.8165,-3.923828125,0.9609375,2.3623046875
0.817,-3.7236328125,0.2802734375,2.8427734375
0.8175,-3.1630859375,-0.6005859375,3.1630859375
0.818,-2.8427734375,-1.28125,3.5234375
0.8185,-2.162109375,-2.2822265625,3.84375
0.819,-1.6416015625,-2.72265625,3.763671875
0.8195,-0.9208984375,-3.4833984375,3.7236328125
0.82,-0.2001953125,-3.7236328125,3.2431640625
0.8205,0.48046875,-4.1240234375,3.0029296875
0.821,1.5615234375,-4.3642578125,2.162109375
0.8215,2.3623046875,-4.564453125,1.6015625
0.822,2.802734375,-4.2841796875,0.880859375
0.8225,3.3232421875,-4.244140625,0.3203125
0.823,3.36328125,-3.5634765625,-0.4404296875
0.8235,3.6435546875,-3.2431640625,-1.0009765625
0.824,3.84375,-2.40234375,-2.08203125
0.8245,3.8037109375,-1.8818359375,-2.5224609375
0.825,3.5634765625,-1.0009765625,-3.203125
0.8255,3.123046875,-0.1201171875,-3.4833984375
0.826,2.5625,0.6806640625,-3.7236328125
0.8265,2.001953125,1.521484375,-3.923828125
0.827,1.3212890625,2.5224609375,-4.2041015625
0.8275,0.560546875,2.8828125,-3.8037109375
0.828,-0.080078125,3.5234375,-3.84375
0.8285,-0.9609375,3.6435546875,-3.0830078125
0.829,-1.6015625,3.9638671875,-2.72265625
0.8295,-2.8427734375,4.1640625,-1.76171875
0.83,-3.4833984375,4.1640625,-1.12109375
0.8305,-3.8837890625,3.763671875,-0.3203125
0.831,-4.2841796875,3.603515625,0.240234375
0.8315,-4.2841796875,2.8427734375,0.9609375
0.832,-4.4443359375,2.322265625,1.5615234375
0.8325,-4.6845703125,1.44140625,2.6826171875
0.833,-4.32421875,0.640625,3.04296875
0.8335,-4.1640625,-0.16015625,3.7236328125
0.834,-3.4033203125,-1.12109375,3.923828125
0.8345,-2.9228515625,-1.8818359375,4.1640625
0.835,-2.08203125,-2.8828125,4.32421875
0.8355,-1.3212890625,-3.84375,4.484375
0.836,-0.3603515625,-4.1240234375,3.84375
0.8365,0.240234375,-4.724609375,3.84375
0.837,1.28125,-4.7646484375,2.8427734375
0.8375,1.921875,-5.0048828125,2.4423828125
0.838,3.203125,-5.205078125,1.3212890625
0.8385,3.763671875,-4.96484375,0.6005859375
0.839,4.1240234375,-4.484375,-0.2802734375
0.8395,4.3642578125,-4.083984375,-0.880859375
0.84,4.32421875,-3.2431640625,-1.7216796875
0.8405,4.404296875,-2.5625,-2.40234375
0.841,4.6044921875,-1.6416015625,-3.5634765625
0.8415,3.923828125,-0.640625,-3.84375
0.842,3.68359375,0.2802734375,-4.3642578125
0.8425,2.802734375,1.2412109375,-4.4443359375
0.843,2.2021484375,2.0419921875,-4.6044921875
0.8435,1.28125,3.04296875,-4.6845703125
0.844,0.400390625,3.923828125,-4.64453125
0.8445,-0.6005859375,4.1240234375,-3.8837890625
0.845,-1.2412109375,4.64453125,-3.763671875
0.8455,-2.482421875,4.6845703125,-2.6025390625
0.846,-3.0830078125,4.7646484375,-2.08203125
0.8465,-4.32421875,4.9248046875,-1.0009765625
0.847,-4.6845703125,4.4443359375,-0.16015625
0.8475,-5.0048828125,3.9638671875,0.6005859375
0.848,-5.1650390625,3.36328125,1.3212890625
0.8485,-5.1650390625,2.40234375,2.2421875
0.849,-5.125,1.6015625,2.8828125
0.8495,-5.3251953125,0.7607421875,4.083984375
0.85,-4.3642578125,-0.48046875,4.244140625
0.8505,-4.1640625,-1.2412109375,4.8046875
0.851,-3.0029296875,-2.482421875,4.8046875
0.8515,-2.322265625,-3.2431640625,4.9248046875
0.852,-1.3212890625,-4.244140625,4.884765625
0.8525,-0.3603515625,-5.0048828125,4.6845703125
0.853,0.640625,-5.1650390625,3.84375
0.8535,1.361328125,-5.6455078125,3.5634765625
0.854,2.7626953125,-5.6455078125,2.2421875
0.8545,3.283203125,-5.6455078125,1.6416015625
0.855,4.4443359375,-5.6455078125,0.6005859375
0.8555,4.724609375,-5.0048828125,-0.3203125
0.856,4.96484375,-4.484375,-1.12109375
0.8565,5.0849609375,-3.7236328125,-2.001953125
0.857,5.0048828125,-2.642578125,-3.0029296875
0.8575,4.8046875,-1.8017578125,-3.5634765625
0.858,4.8447265625,-0.80078125,-4.564453125
0.8585,3.763671875,0.400390625,-4.64453125
0.859,3.5234375,1.1611328125,-5.044921875
0.8595,2.2421875,2.482421875,-5.0849609375
0.86,1.5615234375,3.1630859375,-5.0849609375
0.8605,0.560546875,4.083984375,-4.9248046875
0.861,-0.48046875,4.724609375,-4.564453125
0.8615,-1.44140625,4.8046875,-3.7236328125
0.862,-2.2421875,5.205078125,-3.3232421875
0.8625,-3.603515625,5.1650390625,-1.9619140625
0.863,-4.0439453125,5.044921875,-1.361328125
0.8635,-5.0849609375,5.0048828125,-0.3603515625
0.864,-5.205078125,4.1640625,0.560546875
0.8645,-5.4453125,3.68359375,1.2412109375
0.865,-5.4853515625,2.7626953125,2.2021484375
0.8655,-5.4853515625,1.8818359375,3.123046875
0.866,-5.205078125,1.0009765625,3.68359375
0.8665,-5.1650390625,0.080078125,4.5244140625
0.867,-4.0439453125,-1.2412109375,4.64453125
0.8675,-3.8037109375,-1.921875,5.0849609375
0.868,-2.4423828125,-3.36328125,5.0849609375
0.8685,-1.841796875,-3.923828125,5.0849609375
0.869,-0.720703125,-4.8046875,4.7646484375
0.8695,0.240234375,-5.3251953125,4.404296875
0.87,1.1611328125,-5.4453125,3.5634765625
0.8705,2.0419921875,-5.765625,3.04296875
0.871,3.36328125,-5.765625,1.76171875
0.8715,3.763671875,-5.525390625,1.1611328125
0.872,4.6845703125,-5.4853515625,0.1201171875
0.8725,4.7646484375,-4.64453125,-0.80078125
0.873,4.96484375,-4.1640625,-1.44140625
0.8735,4.96484375,-3.04296875,-2.5224609375
0.874,4.96484375,-2.2421875,-3.3232421875
0.8745,4.6044921875,-1.28125,-3.8837890625
0.875,4.484375,-0.3203125,-4.64453125
0.8755,3.3232421875,0.9208984375,-4.64453125
0.876,3.0830078125,1.5615234375,-5.0048828125
0.8765,1.681640625,2.962890625,-5.0048828125
0.877,1.201171875,3.4833984375,-5.0048828125
0.8775,0.0400390625,4.2041015625,-4.6044921875
0.878,-0.9208984375,4.64453125,-4.1240234375
0.8785,-1.7216796875,4.7646484375,-3.36328125
0.879,-2.6826171875,4.96484375,-2.72265625
0.8795,-3.84375,5.0849609375,-1.6015625
0.88,-4.1640625,4.6044921875,-1.0009765625
0.8805,-4.96484375,4.5244140625,0.0
0.881,-4.96484375,3.6435546875,0.80078125
0.8815,-5.1650390625,3.36328125,1.361328125
0.882,-5.1650390625,2.2021484375,2.5224609375
0.8825,-5.205078125,1.6015625,3.123046875
0.883,-4.8447265625,0.6005859375,3.7236328125
0.8835,-4.564453125,-0.3203125,4.32421875
0.884,-3.5634765625,-1.44140625,4.4443359375
0.8845,-3.2431640625,-2.1220703125,4.7646484375
0.885,-2.001953125,-3.443359375,4.8046875
0.8855,-1.4814453125,-3.84375,4.6044921875
0.886,-0.48046875,-4.64453125,4.404296875
0.8865,0.4404296875,-4.9248046875,3.8037109375
0.887,1.201171875,-5.1650390625,3.283203125
0.8875,2.2421875,-5.3251953125,2.40234375
0.888,3.203125,-5.525390625,1.5615234375
0.8885,3.5634765625,-5.0849609375,0.80078125
0.889,4.32421875,-5.0048828125,0.0
0.8895,4.2841796875,-4.00390625,-0.880859375
0.89,4.5244140625,-3.763671875,-1.361328125
0.8905,4.5244140625,-2.5625,-2.5625
0.891,4.5244140625,-2.0419921875,-3.0029296875
0.8915,4.1240234375,-1.0009765625,-3.7236328125
0.892,3.763671875,-0.1201171875,-4.1240234375
0.8925,2.8828125,0.9609375,-4.244140625
0.893,2.482421875,1.6015625,-4.484375
0.8935,1.521484375,2.802734375,-4.64453125
0.894,0.9208984375,3.0830078125,-4.3642578125
0.8945,0.0,3.84375,-4.1640625
0.895,-0.9208984375,3.9638671875,-3.4833984375
0.8955,-1.5615234375,4.32421875,-3.123046875
0.896,-2.642578125,4.32421875,-2.1220703125
0.8965,-3.36328125,4.484375,-1.6015625
0.897,-3.7236328125,4.083984375,-0.7607421875
0.8975,-4.244140625,3.9638671875,-0.16015625
0.898,-4.2841796875,3.1630859375,0.640625
0.8985,-4.484375,2.8828125,1.12109375
0.899,-4.6044921875,1.921875,2.162109375
0.8995,-4.5244140625,1.4814453125,2.5224609375
0.9,-4.32421875,0.560546875,3.283203125
0.9005,-3.8037109375,-0.3203125,3.5234375
0.901,-3.283203125,-1.1611328125,3.8837890625
0.9015,-2.6826171875,-1.9619140625,4.0439453125
0.902,-2.08203125,-2.8828125,4.32421875
0.9025,-1.361328125,-3.2431640625,3.9638671875
0.903,-0.6806640625,-3.9638671875,3.9638671875
0.9035,0.240234375,-4.1240234375,3.203125
0.904,0.8408203125,-4.6044921875,3.04296875
0.9045,1.9619140625,-4.7646484375,2.0419921875
0.905,2.482421875,-4.8447265625,1.7216796875
0.9055,3.04296875,-4.5244140625,0.8408203125
0.906,3.4033203125,-4.32421875,0.2802734375
0.9065,3.6435546875,-3.68359375,-0.5205078125
0.907,3.8037109375,-3.2431640625,-1.0810546875
0.9075,4.00390625,-2.5625,-2.08203125
0.908,3.8037109375,-1.9619140625,-2.4423828125
0.9085,3.763671875,-1.0810546875,-3.203125
0.909,3.0029296875,-0.16015625,-3.36328125
0.9095,2.8427734375,0.560546875,-3.8037109375
0.91,2.001953125,1.4814453125,-3.8837890625
0.9105,1.6015625,2.162109375,-4.1640625
0.911,0.7607421875,2.6025390625,-3.7236328125
0.9115,0.16015625,3.1630859375,-3.7236328125
0.912,-0.640625,3.2431640625,-3.0830078125
0.9125,-1.3212890625,3.6435546875,-2.802734375
0.913,-2.322265625,3.8837890625,-1.9619140625
0.9135,-2.72265625,3.84375,-1.5615234375
0.914,-3.2431640625,3.68359375,-0.8408203125
0.9145,-3.4833984375,3.283203125,-0.3203125
0.915,-3.763671875,3.0029296875,0.3203125
0.9155,-3.84375,2.40234375,0.9609375
0.916,-4.1640625,2.001953125,1.7216796875
0.9165,-3.84375,1.28125,2.1220703125
0.917,-3.923828125,0.640625,2.7626953125
0.9175,-3.203125,-0.3603515625,3.0029296875
0.918,-3.203125,-0.9208984375,3.4833984375
0.9185,-2.40234375,-1.8818359375,3.6435546875
0.919,-2.1220703125,-2.322265625,3.84375
0.9195,-1.28125,-2.9228515625,3.5634765625
0.92,-0.720703125,-3.4033203125,3.443359375
0.9205,0.0400390625,-3.763671875,3.04296875
0.921,0.80078125,-4.0439453125,2.6025390625
0.9215,1.6416015625,-4.3642578125,2.08203125
0.922,2.001953125,-4.2041015625,1.5615234375
0.9225,2.6025390625,-4.2841796875,1.041015625
0.923,2.7626953125,-3.68359375,0.3203125
0.9235,3.203125,-3.5634765625,-0.240234375
0.924,3.3232421875,-2.8828125,-1.041015625
0.9245,3.68359375,-2.6025390625,-1.6015625
0.925,3.36328125,-1.681640625,-2.2021484375
0.9255,3.3232421875,-1.1611328125,-2.6826171875
0.926,2.6826171875,-0.16015625,-3.04296875
0.9265,2.5625,0.4404296875,-3.4833984375
0.927,1.921875,1.361328125,-3.7236328125
0.9275,1.521484375,1.76171875,-3.7236328125
0.928,0.80078125,2.40234375,-3.68359375
0.9285,0.1201171875,2.6826171875,-3.2431640625
0.929,-0.6005859375,3.1630859375,-2.962890625
0.9295,-1.44140625,3.4033203125,-2.40234375
0.93,-2.1220703125,3.68359375,-1.9619140625
0.9305,-2.482421875,3.4033203125,-1.3212890625
0.931,-3.0029296875,3.5234375,-0.9609375
0.9315,-3.203125,2.9228515625,-0.2001953125
0.932,-3.5234375,2.802734375,0.2802734375
0.9325,-3.7236328125,2.162109375,1.12109375
0.933,-3.84375,1.841796875,1.5615234375
0.9335,-3.68359375,0.9609375,2.2021484375
0.934,-3.4033203125,0.3203125,2.5625
0.9345,-3.0830078125,-0.5205078125,3.0029296875
0.935,-2.6826171875,-1.201171875,3.3232421875
0.9355,-2.2822265625,-1.9619140625,3.6435546875
0.936,-1.6416015625,-2.40234375,3.36328125
0.9365,-1.1611328125,-3.0830078125,3.5234375
0.937,-0.3603515625,-3.2431640625,3.0029296875
0.9375,0.2802734375,-3.8037109375,2.8427734375
0.938,1.2412109375,-4.00390625,2.162109375
0.9385,1.76171875,-4.2041015625,1.8818359375
0.939,2.2421875,-4.00390625,1.12109375
0.9395,2.5625,-3.923828125,0.7607421875
0.94,2.8427734375,-3.4033203125,0.0
0.9405,3.1630859375,-3.1630859375,-0.6005859375
0.941,3.4833984375,-2.6025390625,-1.44140625
0.9415,3.3232421875,-2.0419921875,-1.8818359375
0.942,3.3232421875,-1.28125,-2.5625
0.9425,2.7626953125,-0.4404296875,-2.8427734375
0.943,2.6025390625,0.240234375,-3.3232421875
0.9435,2.0419921875,1.12109375,-3.5634765625
0.944,1.6015625,1.7216796875,-3.84375
0.9445,0.880859375,2.162109375,-3.5234375
0.945,0.3603515625,2.802734375,-3.5234375
0.9455,-0.5205078125,3.0029296875,-2.8828125
0.946,-1.201171875,3.443359375,-2.642578125
0.9465,-2.2021484375,3.68359375,-1.921875
0.947,-2.6025390625,3.603515625,-1.4013671875
0.9475,-3.123046875,3.4833984375,-0.80078125
0.948,-3.3232421875,3.123046875,-0.240234375
0.9485,-3.5634765625,2.72265625,0.4404296875
0.949,-3.8037109375,2.2021484375,1.12109375
0.9495,-4.1240234375,1.76171875,1.921875
0.95,-3.68359375,0.880859375,2.2822265625
0.9505,-3.7236328125,0.2802734375,2.9228515625
0.951,-2.962890625,-0.6806640625,3.0830078125
0.9515,-2.72265625,-1.4013671875,3.36328125
0.952,-2.08203125,-2.2822265625,3.68359375
0.9525,-1.5615234375,-2.8828125,3.68359375
0.953,-0.80078125,-3.2431640625,3.443359375
0.9535,-0.2802734375,-3.7236328125,3.283203125
0.954,0.640625,-3.923828125,2.642578125
0.9545,1.4013671875,-4.244140625,2.2421875
0.955,2.3623046875,-4.5244140625,1.5615234375
0.9555,2.6826171875,-4.1240234375,0.880859375
0.956,3.1630859375,-4.083984375,0.3203125
0.9565,3.2431640625,-3.4833984375,-0.3603515625
0.957,3.5234375,-3.0830078125,-1.0009765625
0.9575,3.6435546875,-2.3623046875,-1.8017578125
0.958,3.84375,-1.8017578125,-2.5625
0.9585,3.203125,-0.8408203125,-2.9228515625
0.959,3.1630859375,-0.240234375,-3.4833984375
0.9595,2.3623046875,0.7607421875,-3.4833984375
0.96,2.08203125,1.3212890625,-3.923828125
0.9605,1.28125,2.3623046875,-4.1240234375
0.961,0.6005859375,2.8828125,-3.8037109375
0.9615,-0.1201171875,3.3232421875,-3.5634765625
0.962,-0.9609375,3.68359375,-3.0830078125
0.9625,-1.841796875,3.84375,-2.40234375
0.963,-2.6025390625,4.00390625,-1.8818359375
0.9635,-3.4833984375,4.1640625,-1.12109375
0.964,-3.68359375,3.5634765625,-0.3203125
0.9645,-4.1240234375,3.5234375,0.16015625
0.965,-4.1640625,2.6826171875,1.041015625
0.9655,-4.3642578125,2.2421875,1.6416015625
0.966,-4.4443359375,1.4013671875,2.5224609375
0.9665,-4.3642578125,0.6806640625,3.1630859375
0.967,-3.68359375,-0.3603515625,3.4833984375
0.9675,-3.4833984375,-1.1611328125,3.84375
0.968,-2.5224609375,-2.162109375,3.9638671875
0.9685,-2.162109375,-2.8828125,4.1240234375
0.969,-1.201171875,-3.7236328125,4.244140625
0.9695,-0.3603515625,-4.0439453125,3.7236328125
0.97,0.2802734375,-4.4443359375,3.4833984375
0.9705,1.361328125,-4.7646484375,2.72265625
0.971,2.2421875,-4.8447265625,1.9619140625
0.9715,2.9228515625,-4.884765625,1.28125
0.972,3.68359375,-4.884765625,0.6005859375
0.9725,3.8037109375,-4.1240234375,-0.2802734375
0.973,4.1640625,-3.9638671875,-0.80078125
0.9735,4.1640625,-2.8828125,-1.921875
0.974,4.2841796875,-2.40234375,-2.4423828125
0.9745,4.2041015625,-1.44140625,-3.3232421875
0.975,3.923828125,-0.6005859375,-3.84375
0.9755,3.1630859375,0.4404296875,-4.0439453125
0.976,2.802734375,1.201171875,-4.4443359375
0.9765,1.841796875,2.40234375,-4.5244140625
0.977,1.2412109375,2.9228515625,-4.5244140625
0.9775,0.240234375,3.84375,-4.4443359375
0.978,-0.6806640625,4.1240234375,-3.763671875
0.9785,-1.361328125,4.4443359375,-3.4033203125
0.979,-2.6025390625,4.64453125,-2.4423828125
0.9795,-3.443359375,4.6845703125,-1.6416015625
0.98,-4.1240234375,4.484375,-0.8408203125
0.9805,-4.7646484375,4.404296875,0.0
0.981,-4.7646484375,3.5234375,0.80078125
0.9815,-5.044921875,3.2431640625,1.361328125
0.982,-5.0849609375,1.9619140625,2.6025390625
0.9825,-4.96484375,1.4013671875,3.04296875
0.983,-4.8447265625,0.4404296875,3.8837890625
0.9835,-4.32421875,-0.640625,4.2841796875
0.984,-3.5634765625,-1.6015625,4.484375
0.9845,-2.962890625,-2.5625,4.8046875
0.985,-1.841796875,-3.68359375,4.8046875
0.9855,-1.1611328125,-4.1640625,4.564453125
0.986,-0.16015625,-5.0048828125,4.484375
0.9865,0.80078125,-5.125,3.6435546875
0.987,1.521484375,-5.4453125,3.2431640625
0.9875,2.8427734375,-5.60546875,2.0419921875
0.988,3.68359375,-5.60546875,1.28125
0.9885,4.2041015625,-5.1650390625,0.3203125
0.989,4.8046875,-4.96484375,-0.48046875
0.9895,4.724609375,-3.923828125,-1.361328125
0.99,4.9248046875,-3.5234375,-1.9619140625
0.9905,4.96484375,-2.2021484375,-3.283203125
0.991,4.724609375,-1.5615234375,-3.68359375
0.9915,4.4443359375,-0.4404296875,-4.484375
0.992,3.7236328125,0.6005859375,-4.8046875
0.9925,2.8828125,1.521484375,-4.884765625
0.993,2.162109375,2.5224609375,-5.044921875
0.9935,1.0810546875,3.7236328125,-5.125
0.994,0.240234375,4.083984375,-4.64453125
0.9945,-0.720703125,4.8447265625,-4.484375
0.995,-1.681640625,4.8447265625,-3.5234375
0.9955,-2.4423828125,5.0849609375,-3.04296875
0.996,-3.84375,5.2451171875,-1.8017578125
0.9965,-4.6044921875,5.0849609375,-0.9208984375
0.997,-5.0048828125,4.5244140625,0.080078125
0.9975,-5.525390625,4.2841796875,0.8408203125
0.998,-5.365234375,3.203125,1.681640625
0.9985,-5.4453125,2.6826171875,2.2822265625
0.999,-5.5654296875,1.4013671875,3.603515625
0.9995,-5.0849609375,0.6005859375,3.8837890625
