wavelength,x,y,z
0.0,-3.283203125,2.2822265625,0.80078125
0.0005,-3.4833984375,1.921875,1.3212890625
0.001,-3.4033203125,1.28125,1.921875
0.0015,-3.36328125,0.6806640625,2.3623046875
0.002,-3.2431640625,0.0400390625,3.0029296875
0.0025,-2.7626953125,-0.6806640625,3.2431640625
0.003,-2.3623046875,-1.3212890625,3.5234375
0.0035,-1.6416015625,-1.841796875,3.36328125
0.004,-1.0810546875,-2.4423828125,3.4033203125
0.0045,-0.3203125,-2.8828125,3.123046875
0.005,0.240234375,-3.36328125,3.0029296875
0.0055,1.041015625,-3.5234375,2.40234375
0.006,1.44140625,-3.68359375,2.2021484375
0.0065,1.9619140625,-3.5634765625,1.6015625
0.007,2.322265625,-3.443359375,1.12109375
0.0075,2.8828125,-3.2431640625,0.4404296875
0.008,3.1630859375,-2.7626953125,-0.2802734375
0.0085,3.443359375,-2.40234375,-1.0009765625
0.009,3.443359375,-1.921875,-1.44140625
0.0095,3.5234375,-1.44140625,-2.0419921875
0.01,3.3232421875,-0.720703125,-2.5224609375
0.0105,3.36328125,-0.16015625,-3.123046875
0.011,2.8427734375,0.6005859375,-3.36328125
0.0115,2.5224609375,1.12109375,-3.603515625
0.012,1.8017578125,1.7216796875,-3.4833984375
0.0125,1.28125,2.2021484375,-3.4833984375
0.013,0.560546875,2.7626953125,-3.3232421875
0.0135,-0.0400390625,3.123046875,-3.0830078125
0.014,-0.720703125,3.36328125,-2.72265625
0.0145,-1.12109375,3.443359375,-2.3623046875
0.015,-1.681640625,3.4833984375,-1.921875
0.0155,-2.1220703125,3.3232421875,-1.28125
0.016,-2.72265625,3.203125,-0.640625
0.0165,-2.962890625,2.5625,0.16015625
0.017,-3.36328125,2.3623046875,0.7607421875
0.0175,-3.283203125,1.7216796875,1.28125
0.018,-3.4033203125,1.4013671875,1.841796875
0.0185,-3.283203125,0.6005859375,2.482421875
0.019,-3.1630859375,0.0,2.962890625
0.0195,-2.6826171875,-0.7607421875,3.283203125
0.02,-2.2421875,-1.28125,3.3232421875
0.0205,-1.5615234375,-1.9619140625,3.36328125
0.021,-0.9609375,-2.4423828125,3.2431640625
0.0215,-0.2802734375,-3.0830078125,3.203125
0.022,0.48046875,-3.283203125,2.72265625
0.0225,1.0810546875,-3.603515625,2.5224609375
0.023,1.521484375,-3.5634765625,1.9619140625
0.0235,2.0419921875,-3.6435546875,1.5615234375
0.024,2.5224609375,-3.3232421875,0.8408203125
0.0245,3.0029296875,-3.203125,0.16015625
0.025,3.203125,-2.5625,-0.640625
0.0255,3.4833984375,-2.2822265625,-1.201171875
0.026,3.443359375,-1.5615234375,-1.8017578125
0.0265,3.4833984375,-1.12109375,-2.2822265625
0.027,3.36328125,-0.3603515625,-2.8828125
0.0275,3.0029296875,0.3203125,-3.2431640625
0.028,2.642578125,0.9609375,-3.5634765625
0.0285,2.001953125,1.4814453125,-3.4833984375
0.029,1.4814453125,2.08203125,-3.5634765625
0.0295,0.6806640625,2.5625,-3.2431640625
0.03,0.1201171875,3.04296875,-3.203125
0.0305,-0.640625,3.2431640625,-2.642578125
0.031,-1.12109375,3.4833984375,-2.4423828125
0.0315,-1.6416015625,3.36328125,-1.8017578125
0.032,-2.08203125,3.4033203125,-1.44140625
0.0325,-2.5625,3.0830078125,-0.6806640625
0.033,-2.962890625,2.6826171875,0.0
0.0335,-3.2431640625,2.2421875,0.7607421875
0.034,-3.283203125,1.841796875,1.28125
0.0345,-3.36328125,1.28125,1.8818359375
0.035,-3.2431640625,0.6806640625,2.40234375
0.0355,-3.1630859375,0.0400390625,2.9228515625
0.036,-2.6826171875,-0.6806640625,3.203125
0.0365,-2.2822265625,-1.28125,3.443359375
0.037,-1.5615234375,-1.841796875,3.2431640625
0.0375,-1.041015625,-2.40234375,3.36328125
0.038,-0.2802734375,-2.8828125,3.0830078125
0.0385,0.3203125,-3.283203125,2.8828125
0.039,1.0810546875,-3.5634765625,2.40234375
0.0395,1.521484375,-3.5634765625,2.0419921875
0.04,2.001953125,-3.5634765625,1.5615234375
0.0405,2.4423828125,-3.4033203125,0.9609375
0.041,2.9228515625,-3.203125,0.2802734375
0.0415,3.1630859375,-2.642578125,-0.5205078125
0.042,3.4833984375,-2.2822265625,-1.1611328125
0.0425,3.4033203125,-1.681640625,-1.6015625
0.043,3.5634765625,-1.28125,-2.2021484375
0.0435,3.3232421875,-0.5205078125,-2.72265625
0.044,3.203125,0.0400390625,-3.203125
0.0445,2.6826171875,0.880859375,-3.4833984375
0.045,2.2421875,1.3212890625,-3.5634765625
0.0455,1.521484375,1.921875,-3.443359375
0.046,0.9609375,2.4423828125,-3.4033203125
0.0465,0.2802734375,2.8828125,-3.203125
0.047,-0.3603515625,3.1630859375,-2.8427734375
0.0475,-1.041015625,3.4833984375,-2.482421875
0.048,-1.44140625,3.36328125,-2.001953125
0.0485,-1.9619140625,3.5234375,-1.6015625
0.049,-2.4423828125,3.1630859375,-0.9208984375
0.0495,-2.9228515625,2.962890625,-0.2802734375
0.05,-3.1630859375,2.3623046875,0.6005859375
0.0505,-3.4033203125,2.0419921875,1.12109375
0.051,-3.2431640625,1.4013671875,1.7216796875
0.0515,-3.4033203125,0.9609375,2.2421875
0.052,-3.1630859375,0.2001953125,2.802734375
0.0525,-2.8828125,-0.4404296875,3.1630859375
0.053,-2.40234375,-1.2412109375,3.4833984375
0.0535,-1.8017578125,-1.681640625,3.3232421875
0.054,-1.1611328125,-2.3623046875,3.443359375
0.0545,-0.4404296875,-2.8427734375,3.1630859375
0.055,0.2001953125,-3.283203125,3.0029296875
0.0555,0.9609375,-3.5634765625,2.482421875
0.056,1.521484375,-3.7236328125,2.162109375
0.0565,1.921875,-3.5634765625,1.5615234375
0.057,2.482421875,-3.603515625,1.1611328125
0.0575,2.8427734375,-3.203125,0.3203125
0.058,3.283203125,-2.8828125,-0.3203125
0.0585,3.4833984375,-2.2021484375,-1.201171875
0.059,3.5234375,-1.76171875,-1.681640625
0.0595,3.4833984375,-1.12109375,-2.2822265625
0.06,3.4033203125,-0.6005859375,-2.72265625
0.0605,3.203125,0.1201171875,-3.203125
0.061,2.72265625,0.8408203125,-3.5634765625
0.0615,2.2822265625,1.521484375,-3.7236328125
0.062,1.5615234375,1.921875,-3.4833984375
0.0625,1.0009765625,2.5224609375,-3.5634765625
0.063,0.240234375,2.9228515625,-3.1630859375
0.0635,-0.3603515625,3.283203125,-2.962890625
0.064,-1.1611328125,3.4833984375,-2.3623046875
0.0645,-1.6015625,3.4833984375,-2.001953125
0.065,-2.08203125,3.36328125,-1.44140625
0.0655,-2.5625,3.283203125,-1.0009765625
0.066,-2.9228515625,2.8828125,-0.16015625
0.0665,-3.203125,2.482421875,0.560546875
0.067,-3.4833984375,1.921875,1.3212890625
0.0675,-3.36328125,1.4013671875,1.76171875
0.068,-3.4833984375,0.880859375,2.40234375
0.0685,-3.203125,0.16015625,2.8427734375
0.069,-2.962890625,-0.48046875,3.283203125
0.0695,-2.40234375,-1.28125,3.5234375
0.07,-1.8818359375,-1.841796875,3.5634765625
0.0705,-1.0810546875,-2.3623046875,3.3232421875
0.071,-0.5205078125,-2.962890625,3.36328125
0.0715,0.2802734375,-3.36328125,2.962890625
0.072,0.9609375,-3.68359375,2.642578125
0.0725,1.76171875,-3.8837890625,2.0419921875
0.073,2.162109375,-3.7236328125,1.5615234375
0.0735,2.642578125,-3.7236328125,1.0009765625
0.074,3.04296875,-3.36328125,0.3203125
0.0745,3.443359375,-2.9228515625,-0.4404296875
0.075,3.6435546875,-2.2822265625,-1.2412109375
0.0755,3.8037109375,-1.76171875,-1.9619140625
0.076,3.5234375,-1.041015625,-2.40234375
0.0765,3.68359375,-0.6005859375,-2.962890625
0.077,3.203125,0.240234375,-3.36328125
0.0775,2.9228515625,0.9208984375,-3.8037109375
0.078,2.2421875,1.76171875,-3.9638671875
0.0785,1.5615234375,2.2421875,-3.8037109375
0.079,0.80078125,2.802734375,-3.603515625
0.0795,0.1201171875,3.2431640625,-3.4033203125
0.08,-0.640625,3.5234375,-2.8828125
0.0805,-1.3212890625,3.7236328125,-2.482421875
0.081,-2.08203125,3.84375,-1.8818359375
0.0815,-2.4423828125,3.4833984375,-1.28125
0.082,-2.962890625,3.5634765625,-0.720703125
0.0825,-3.283203125,2.962890625,0.1201171875
0.083,-3.603515625,2.5224609375,0.8408203125
0.0835,-3.7236328125,1.8017578125,1.7216796875
0.084,-3.7236328125,1.201171875,2.2822265625
0.0845,-3.443359375,0.48046875,2.72265625
0.085,-3.443359375,0.0,3.2431640625
0.0855,-2.8828125,-0.880859375,3.5634765625
0.086,-2.4423828125,-1.5615234375,3.84375
0.0865,-1.681640625,-2.40234375,3.923828125
0.087,-0.8408203125,-2.7626953125,3.5234375
0.0875,-0.240234375,-3.36328125,3.5234375
0.088,0.6005859375,-3.7236328125,3.04296875
0.0885,1.4013671875,-4.00390625,2.5224609375
0.089,2.08203125,-4.1240234375,1.9619140625
0.0895,2.6826171875,-4.1240234375,1.361328125
0.09,2.962890625,-3.603515625,0.6806640625
0.0905,3.5234375,-3.603515625,0.16015625
0.091,3.7236328125,-2.8427734375,-0.80078125
0.0915,3.9638671875,-2.40234375,-1.44140625
0.092,4.00390625,-1.5615234375,-2.3623046875
0.0925,3.84375,-0.9208984375,-2.802734375
0.093,3.6435546875,-0.240234375,-3.2431640625
0.0935,3.443359375,0.400390625,-3.7236328125
0.094,2.8427734375,1.2412109375,-4.00390625
0.0945,2.2822265625,1.921875,-4.1640625
0.095,1.5615234375,2.642578125,-4.1640625
0.0955,0.6806640625,3.0029296875,-3.68359375
0.096,0.080078125,3.5634765625,-3.7236328125
0.0965,-0.8408203125,3.763671875,-2.962890625
0.097,-1.521484375,3.9638671875,-2.5625
0.0975,-2.2822265625,3.9638671875,-1.921875
0.098,-2.7626953125,3.84375,-1.2412109375
0.0985,-3.0830078125,3.5234375,-0.640625
0.099,-3.5634765625,3.36328125,0.0
0.0995,-3.763671875,2.5224609375,1.0009765625
0.1,-3.9638671875,2.0419921875,1.6416015625
0.1005,-4.00390625,1.28125,2.5224609375
0.101,-3.6435546875,0.560546875,2.9228515625
0.1015,-3.5634765625,-0.0400390625,3.443359375
0.102,-3.123046875,-0.880859375,3.84375
0.1025,-2.5625,-1.681640625,4.083984375
0.103,-1.8818359375,-2.40234375,4.083984375
0.1035,-1.0810546875,-3.04296875,3.9638671875
0.104,-0.2001953125,-3.36328125,3.4833984375
0.1045,0.3603515625,-4.00390625,3.4833984375
0.105,1.4814453125,-4.1640625,2.5625
0.1055,2.0419921875,-4.3642578125,2.2021484375
0.106,2.802734375,-4.2041015625,1.44140625
0.1065,3.203125,-3.923828125,0.7607421875
0.107,3.5634765625,-3.603515625,0.1201171875
0.1075,3.9638671875,-3.203125,-0.640625
0.108,4.083984375,-2.3623046875,-1.6015625
0.1085,4.1240234375,-1.841796875,-2.2421875
0.109,4.1240234375,-1.041015625,-2.962890625
0.1095,3.68359375,-0.2802734375,-3.283203125
0.11,3.68359375,0.2802734375,-3.8837890625
0.1105,2.962890625,1.28125,-4.1640625
0.111,2.482421875,1.921875,-4.32421875
0.1115,1.681640625,2.6025390625,-4.244140625
0.112,0.880859375,3.1630859375,-4.00390625
0.1125,0.080078125,3.443359375,-3.5634765625
0.113,-0.6005859375,3.923828125,-3.4033203125
0.1135,-1.6416015625,4.00390625,-2.5224609375
0.114,-2.08203125,4.1240234375,-2.1220703125
0.1145,-2.7626953125,4.00390625,-1.361328125
0.115,-3.0830078125,3.6435546875,-0.640625
0.1155,-3.5634765625,3.4833984375,-0.080078125
0.116,-3.84375,2.802734375,0.8408203125
0.1165,-4.00390625,2.1220703125,1.6015625
0.117,-3.9638671875,1.521484375,2.2421875
0.1175,-3.8837890625,0.80078125,2.8828125
0.118,-3.4833984375,0.0400390625,3.203125
0.1185,-3.4833984375,-0.5205078125,3.8037109375
0.119,-2.642578125,-1.4814453125,3.9638671875
0.1195,-2.162109375,-2.08203125,4.1240234375
0.12,-1.3212890625,-2.7626953125,3.9638671875
0.1205,-0.560546875,-3.2431640625,3.68359375
0.121,0.16015625,-3.68359375,3.4033203125
0.1215,0.9609375,-4.083984375,3.0029296875
0.122,1.8818359375,-4.1640625,2.2822265625
0.1225,2.322265625,-4.1640625,1.8818359375
0.123,2.962890625,-4.083984375,1.1611328125
0.1235,3.2431640625,-3.603515625,0.48046875
0.124,3.8037109375,-3.5634765625,-0.1201171875
0.1245,3.923828125,-2.642578125,-1.1611328125
0.125,4.1240234375,-2.2021484375,-1.841796875
0.1255,4.083984375,-1.44140625,-2.5224609375
0.126,3.9638671875,-0.7607421875,-3.0830078125
0.1265,3.603515625,-0.0400390625,-3.4833984375
0.127,3.4833984375,0.6005859375,-4.00390625
0.1275,2.6826171875,1.6015625,-4.2041015625
0.128,2.2421875,2.2021484375,-4.32421875
0.1285,1.3212890625,2.8427734375,-4.1640625
0.129,0.48046875,3.203125,-3.8037109375
0.1295,-0.240234375,3.7236328125,-3.603515625
0.13,-1.1611328125,3.9638671875,-2.9228515625
0.1305,-1.9619140625,4.1640625,-2.3623046875
0.131,-2.40234375,4.0439453125,-1.76171875
0.1315,-3.04296875,3.9638671875,-1.041015625
0.132,-3.283203125,3.4833984375,-0.3203125
0.1325,-3.8837890625,3.3232421875,0.3203125
0.133,-4.00390625,2.2822265625,1.521484375
0.1335,-4.1640625,1.841796875,2.1220703125
0.134,-3.9638671875,0.9609375,2.802734375
0.1345,-3.763671875,0.2802734375,3.283203125
0.135,-3.4033203125,-0.4404296875,3.68359375
0.1355,-3.04296875,-1.2412109375,4.083984375
0.136,-2.2421875,-2.2021484375,4.2841796875
0.1365,-1.5615234375,-2.72265625,4.083984375
0.137,-0.6806640625,-3.4033203125,3.9638671875
0.1375,0.1201171875,-3.7236328125,3.443359375
0.138,0.880859375,-4.2041015625,3.283203125
0.1385,1.921875,-4.3642578125,2.3623046875
0.139,2.5625,-4.404296875,1.841796875
0.1395,3.04296875,-4.1240234375,1.12109375
0.14,3.5634765625,-3.9638671875,0.48046875
0.1405,3.763671875,-3.4033203125,-0.2802734375
0.141,4.1640625,-3.0830078125,-1.0009765625
0.1415,4.2041015625,-2.001953125,-2.08203125
0.142,4.244140625,-1.5615234375,-2.6025390625
0.1425,4.0439453125,-0.640625,-3.2431640625
0.143,3.7236328125,0.0,-3.603515625
0.1435,3.443359375,0.6806640625,-4.0439453125
0.144,2.8427734375,1.5615234375,-4.32421875
0.1445,2.162109375,2.3623046875,-4.5244140625
0.145,1.3212890625,2.7626953125,-4.1640625
0.1455,0.560546875,3.36328125,-4.0439453125
0.146,-0.240234375,3.68359375,-3.4833984375
0.1465,-0.880859375,4.1240234375,-3.2431640625
0.147,-1.9619140625,4.1240234375,-2.2822265625
0.1475,-2.4423828125,4.1640625,-1.8818359375
0.148,-2.9228515625,3.84375,-1.0810546875
0.1485,-3.36328125,3.68359375,-0.48046875
0.149,-3.7236328125,3.203125,0.240234375
0.1495,-4.00390625,2.72265625,1.0810546875
0.15,-4.1240234375,1.8818359375,2.001953125
0.1505,-4.00390625,1.28125,2.482421875
0.151,-3.84375,0.5205078125,3.1630859375
0.1515,-3.4833984375,-0.16015625,3.443359375
0.152,-3.283203125,-0.8408203125,3.923828125
0.1525,-2.5224609375,-1.8017578125,4.083984375
0.153,-1.921875,-2.4423828125,4.2041015625
0.1535,-1.041015625,-2.962890625,3.84375
0.154,-0.3203125,-3.5234375,3.8037109375
0.1545,0.48046875,-3.8037109375,3.203125
0.155,1.201171875,-4.1640625,2.962890625
0.1555,2.162109375,-4.244140625,2.1220703125
0.156,2.5625,-4.2041015625,1.6416015625
0.1565,3.1630859375,-4.00390625,0.9208984375
0.157,3.4833984375,-3.68359375,0.2802734375
0.1575,3.8837890625,-3.2431640625,-0.5205078125
0.158,4.083984375,-2.5625,-1.4013671875
0.1585,4.2041015625,-1.8818359375,-2.2421875
0.159,3.9638671875,-1.1611328125,-2.6826171875
0.1595,3.9638671875,-0.5205078125,-3.3232421875
0.16,3.5234375,0.240234375,-3.6435546875
0.1605,3.3232421875,0.880859375,-4.1240234375
0.161,2.482421875,1.841796875,-4.2841796875
0.1615,1.921875,2.3623046875,-4.32421875
0.162,0.9609375,2.9228515625,-3.8837890625
0.1625,0.2802734375,3.443359375,-3.763671875
0.163,-0.5205078125,3.763671875,-3.283203125
0.1635,-1.2412109375,3.9638671875,-2.8427734375
0.164,-2.1220703125,4.1240234375,-2.08203125
0.1645,-2.4423828125,3.84375,-1.5615234375
0.165,-3.0830078125,3.763671875,-0.9208984375
0.1655,-3.283203125,3.3232421875,-0.2001953125
0.166,-3.7236328125,3.04296875,0.5205078125
0.1665,-3.84375,2.2021484375,1.44140625
0.167,-4.00390625,1.6416015625,2.1220703125
0.1675,-3.68359375,0.880859375,2.5625
0.168,-3.68359375,0.3603515625,3.123046875
0.1685,-3.203125,-0.48046875,3.5234375
0.169,-2.9228515625,-1.1611328125,3.84375
0.1695,-2.2021484375,-2.0419921875,4.00390625
0.17,-1.521484375,-2.4423828125,3.84375
0.1705,-0.720703125,-3.04296875,3.6435546875
0.171,0.0,-3.4033203125,3.36328125
0.1715,0.6806640625,-3.84375,3.04296875
0.172,1.521484375,-3.9638671875,2.482421875
0.1725,2.2021484375,-4.1640625,1.9619140625
0.173,2.5224609375,-3.8037109375,1.3212890625
0.1735,3.04296875,-3.84375,0.8408203125
0.174,3.3232421875,-3.283203125,0.0400390625
0.1745,3.763671875,-3.04296875,-0.640625
0.175,3.84375,-2.2021484375,-1.5615234375
0.1755,3.8837890625,-1.76171875,-2.0419921875
0.176,3.68359375,-1.0009765625,-2.6025390625
0.1765,3.68359375,-0.5205078125,-3.0830078125
0.177,3.3232421875,0.2802734375,-3.5634765625
0.1775,2.8828125,0.9208984375,-3.84375
0.178,2.3623046875,1.7216796875,-4.0439453125
0.1785,1.6416015625,2.1220703125,-3.763671875
0.179,1.0009765625,2.7626953125,-3.8037109375
0.1795,0.2802734375,3.123046875,-3.36328125
0.18,-0.3603515625,3.5234375,-3.203125
0.1805,-1.1611328125,3.68359375,-2.5625
0.181,-1.681640625,3.8037109375,-2.2421875
0.1815,-2.1220703125,3.5234375,-1.521484375
0.182,-2.642578125,3.603515625,-1.12109375
0.1825,-3.04296875,3.123046875,-0.240234375
0.183,-3.4033203125,2.802734375,0.4404296875
0.1835,-3.6435546875,2.1220703125,1.28125
0.184,-3.603515625,1.681640625,1.76171875
0.1845,-3.603515625,0.9609375,2.40234375
0.185,-3.4833984375,0.3203125,2.8828125
0.1855,-3.203125,-0.400390625,3.36328125
0.186,-2.642578125,-1.12109375,3.603515625
0.1865,-2.162109375,-1.8017578125,3.8037109375
0.187,-1.361328125,-2.2822265625,3.4833984375
0.1875,-0.80078125,-2.9228515625,3.603515625
0.188,0.0400390625,-3.3232421875,3.1630859375
0.1885,0.6806640625,-3.7236328125,2.9228515625
0.189,1.5615234375,-3.8837890625,2.322265625
0.1895,1.921875,-3.8837890625,1.921875
0.19,2.482421875,-3.7236328125,1.2412109375
0.1905,2.9228515625,-3.5634765625,0.6806640625
0.191,3.3232421875,-3.0830078125,-0.1201171875
0.1915,3.5634765625,-2.6025390625,-0.9208984375
0.192,3.8037109375,-2.0419921875,-1.681640625
0.1925,3.603515625,-1.44140625,-2.08203125
0.193,3.68359375,-0.9208984375,-2.72265625
0.1935,3.3232421875,-0.16015625,-3.1630859375
0.194,3.1630859375,0.5205078125,-3.603515625
0.1945,2.5224609375,1.3212890625,-3.8037109375
0.195,1.9619140625,1.841796875,-3.84375
0.1955,1.201171875,2.3623046875,-3.5634765625
0.196,0.640625,2.8828125,-3.5234375
0.1965,-0.1201171875,3.1630859375,-3.0830078125
0.197,-0.7607421875,3.4833984375,-2.7626953125
0.1975,-1.4814453125,3.68359375,-2.2822265625
0.198,-1.8017578125,3.4833984375,-1.8017578125
0.1985,-2.40234375,3.5234375,-1.28125
0.199,-2.72265625,3.1630859375,-0.6005859375
0.1995,-3.203125,2.8828125,0.1201171875
0.2,-3.36328125,2.2421875,0.880859375
0.2005,-3.5634765625,1.841796875,1.4814453125
0.201,-3.36328125,1.1611328125,1.921875
0.2015,-3.5634765625,0.6806640625,2.5224609375
0.202,-3.1630859375,0.0,3.0029296875
0.2025,-2.8828125,-0.640625,3.36328125
0.203,-2.322265625,-1.4013671875,3.5634765625
0.2035,-1.76171875,-1.8818359375,3.4833984375
0.204,-1.0810546875,-2.5224609375,3.443359375
0.2045,-0.3603515625,-3.0029296875,3.2431640625
0.205,0.3203125,-3.4033203125,3.0029296875
0.2055,1.0009765625,-3.6435546875,2.5625
0.206,1.6416015625,-3.84375,2.2021484375
0.2065,1.9619140625,-3.603515625,1.6015625
0.207,2.6025390625,-3.7236328125,1.201171875
0.2075,3.0029296875,-3.203125,0.2802734375
0.208,3.36328125,-2.962890625,-0.3203125
0.2085,3.603515625,-2.322265625,-1.2412109375
0.209,3.68359375,-1.921875,-1.76171875
0.2095,3.5234375,-1.201171875,-2.322265625
0.21,3.5634765625,-0.640625,-2.8427734375
0.2105,3.2431640625,0.1201171875,-3.3232421875
0.211,2.8427734375,0.8408203125,-3.6435546875
0.2115,2.322265625,1.5615234375,-3.84375
0.212,1.5615234375,2.001953125,-3.5634765625
0.2125,1.0009765625,2.6826171875,-3.68359375
0.213,0.2001953125,3.04296875,-3.2431640625
0.2135,-0.400390625,3.36328125,-3.04296875
0.214,-1.1611328125,3.5634765625,-2.4423828125
0.2145,-1.6416015625,3.603515625,-2.001953125
0.215,-2.08203125,3.4033203125,-1.44140625
0.2155,-2.6025390625,3.443359375,-0.9609375
0.216,-2.9228515625,2.8828125,-0.080078125
0.2165,-3.2431640625,2.5625,0.560546875
0.217,-3.5234375,1.8818359375,1.361328125
0.2175,-3.4033203125,1.4013671875,1.8818359375
0.218,-3.4033203125,0.80078125,2.40234375
0.2185,-3.203125,0.16015625,2.8427734375
0.219,-2.8828125,-0.5205078125,3.203125
0.2195,-2.40234375,-1.2412109375,3.443359375
0.22,-1.841796875,-1.8017578125,3.5234375
0.2205,-1.12109375,-2.2421875,3.203125
0.221,-0.640625,-2.8427734375,3.3232421875
0.2215,0.16015625,-3.1630859375,2.8828125
0.222,0.7607421875,-3.5234375,2.642578125
0.2225,1.44140625,-3.6435546875,2.162109375
0.223,1.8017578125,-3.5634765625,1.76171875
0.2235,2.2822265625,-3.5234375,1.201171875
0.224,2.72265625,-3.283203125,0.640625
0.2245,3.04296875,-2.9228515625,-0.0400390625
0.225,3.3232421875,-2.5224609375,-0.80078125
0.2255,3.443359375,-2.162109375,-1.4814453125
0.226,3.36328125,-1.44140625,-1.841796875
0.2265,3.5634765625,-1.0009765625,-2.4423828125
0.227,3.2431640625,-0.240234375,-2.9228515625
0.2275,3.0830078125,0.3603515625,-3.36328125
0.228,2.5625,1.0810546875,-3.5634765625
0.2285,2.0419921875,1.521484375,-3.5634765625
0.229,1.361328125,2.0419921875,-3.4833984375
0.2295,0.8408203125,2.642578125,-3.4833984375
0.23,0.080078125,3.0029296875,-3.0830078125
0.2305,-0.5205078125,3.3232421875,-2.8828125
0.231,-1.1611328125,3.5234375,-2.4423828125
0.2315,-1.4814453125,3.4033203125,-1.9619140625
0.232,-2.1220703125,3.5234375,-1.521484375
0.2325,-2.5224609375,3.123046875,-0.80078125
0.233,-3.0029296875,2.8427734375,-0.0400390625
0.2335,-3.2431640625,2.40234375,0.80078125
0.234,-3.4033203125,1.9619140625,1.2412109375
0.2345,-3.283203125,1.3212890625,1.76171875
0.235,-3.4833984375,0.880859375,2.40234375
0.2355,-3.0830078125,0.0400390625,2.8427734375
0.236,-2.8427734375,-0.560546875,3.203125
0.2365,-2.2822265625,-1.28125,3.443359375
0.237,-1.681640625,-1.76171875,3.3232421875
0.2375,-1.0810546875,-2.40234375,3.4033203125
0.238,-0.3203125,-2.9228515625,3.1630859375
0.2385,0.3203125,-3.283203125,2.8828125
0.239,1.0009765625,-3.5634765625,2.482421875
0.2395,1.521484375,-3.68359375,2.08203125
0.24,1.921875,-3.4833984375,1.5615234375
0.2405,2.4423828125,-3.5634765625,1.201171875
0.241,2.8427734375,-3.0830078125,0.2001953125
0.2415,3.2431640625,-2.7626953125,-0.400390625
0.242,3.443359375,-2.162109375,-1.201171875
0.2425,3.4833984375,-1.7216796875,-1.6015625
0.243,3.443359375,-1.1611328125,-2.2421875
0.2435,3.4033203125,-0.5205078125,-2.7626953125
0.244,3.0830078125,0.16015625,-3.203125
0.2445,2.6826171875,0.8408203125,-3.4833984375
0.245,2.2021484375,1.44140625,-3.5634765625
0.2455,1.4814453125,1.921875,-3.36328125
0.246,0.9609375,2.5224609375,-3.5234375
0.2465,0.2001953125,2.8427734375,-3.0830078125
0.247,-0.3603515625,3.203125,-2.8828125
0.2475,-1.041015625,3.4033203125,-2.40234375
0.248,-1.44140625,3.4033203125,-2.0419921875
0.2485,-1.9619140625,3.1630859375,-1.6015625
0.249,-2.482421875,3.2431640625,-0.9609375
0.2495,-2.8427734375,2.7626953125,-0.1201171875
0.25,-3.1630859375,2.482421875,0.5205078125
0.2505,-3.36328125,1.921875,1.2412109375
0.251,-3.2431640625,1.4013671875,1.6015625
0.2515,-3.4033203125,0.9208984375,2.2822265625
0.252,-3.1630859375,0.2001953125,2.72265625
0.2525,-2.8828125,-0.4404296875,3.1630859375
0.253,-2.3623046875,-1.1611328125,3.3232421875
0.2535,-1.8017578125,-1.681640625,3.36328125
0.254,-1.1611328125,-2.2021484375,3.203125
0.2545,-0.6005859375,-2.802734375,3.3232421875
0.255,0.2001953125,-3.123046875,2.8427734375
0.2555,0.7607421875,-3.4833984375,2.642578125
0.256,1.44140625,-3.6435546875,2.2021484375
0.2565,1.8017578125,-3.5234375,1.921875
0.257,2.3623046875,-3.5634765625,1.201171875
0.2575,2.7626953125,-3.2431640625,0.48046875
0.258,3.0830078125,-2.802734375,-0.240234375
0.2585,3.36328125,-2.322265625,-0.9609375
0.259,3.5234375,-1.8818359375,-1.5615234375
0.2595,3.36328125,-1.28125,-2.001953125
0.26,3.5234375,-0.80078125,-2.642578125
0.2605,3.1630859375,0.0,-3.0830078125
0.261,2.8828125,0.6005859375,-3.443359375
0.2615,2.322265625,1.28125,-3.5634765625
0.262,1.7216796875,1.8017578125,-3.4833984375
0.2625,1.0810546875,2.322265625,-3.4033203125
0.263,0.4404296875,2.8427734375,-3.283203125
0.2635,-0.2802734375,3.123046875,-2.8828125
0.264,-0.8408203125,3.36328125,-2.6025390625
0.2645,-1.44140625,3.4833984375,-2.1220703125
0.265,-1.841796875,3.3232421875,-1.6015625
0.2655,-2.4423828125,3.443359375,-1.12109375
0.266,-2.7626953125,2.8828125,-0.2802734375
0.2665,-3.1630859375,2.6025390625,0.3603515625
0.267,-3.36328125,2.001953125,1.1611328125
0.2675,-3.36328125,1.5615234375,1.6015625
0.268,-3.283203125,0.9609375,2.162109375
0.2685,-3.36328125,0.3603515625,2.7626953125
0.269,-2.8828125,-0.400390625,3.123046875
0.2695,-2.5625,-1.041015625,3.443359375
0.27,-1.921875,-1.7216796875,3.4833984375
0.2705,-1.1611328125,-2.2021484375,3.283203125
0.271,-0.640625,-2.8427734375,3.3232421875
0.2715,0.16015625,-3.203125,2.9228515625
0.272,0.8408203125,-3.5234375,2.6025390625
0.2725,1.44140625,-3.68359375,2.2021484375
0.273,1.921875,-3.7236328125,1.6416015625
0.2735,2.3623046875,-3.4833984375,1.12109375
0.274,2.8828125,-3.443359375,0.560546875
0.2745,3.123046875,-2.72265625,-0.3203125
0.275,3.4833984375,-2.4423828125,-0.9609375
0.2755,3.5634765625,-1.8017578125,-1.681640625
0.276,3.4833984375,-1.28125,-2.1220703125
0.2765,3.443359375,-0.640625,-2.6826171875
0.277,3.2431640625,0.0,-3.1630859375
0.2775,2.8427734375,0.720703125,-3.5234375
0.278,2.3623046875,1.361328125,-3.68359375
0.2785,1.7216796875,1.9619140625,-3.6435546875
0.279,1.0009765625,2.3623046875,-3.36328125
0.2795,0.48046875,2.962890625,-3.4833984375
0.28,-0.3603515625,3.1630859375,-2.8427734375
0.2805,-0.9609375,3.4833984375,-2.6025390625
0.281,-1.6015625,3.5234375,-2.0419921875
0.2815,-1.9619140625,3.443359375,-1.6015625
0.282,-2.4423828125,3.3232421875,-1.0009765625
0.2825,-2.9228515625,3.123046875,-0.3203125
0.283,-3.1630859375,2.482421875,0.48046875
0.2835,-3.4833984375,2.08203125,1.12109375
0.284,-3.5234375,1.4814453125,1.841796875
0.2845,-3.3232421875,0.9208984375,2.2421875
0.285,-3.4033203125,0.3203125,2.8828125
0.2855,-2.9228515625,-0.4404296875,3.203125
0.286,-2.5625,-1.1611328125,3.5234375
0.2865,-1.921875,-1.8017578125,3.5634765625
0.287,-1.28125,-2.3623046875,3.5234375
0.2875,-0.560546875,-2.8427734375,3.2431640625
0.288,0.080078125,-3.4033203125,3.203125
0.2885,0.9609375,-3.5634765625,2.5224609375
0.289,1.5615234375,-3.84375,2.2421875
0.2895,2.2021484375,-3.84375,1.6015625
0.29,2.5625,-3.603515625,1.0810546875
0.2905,3.04296875,-3.4833984375,0.48046875
0.291,3.4033203125,-2.9228515625,-0.3603515625
0.2915,3.603515625,-2.40234375,-1.1611328125
0.292,3.763671875,-1.841796875,-1.8017578125
0.2925,3.7236328125,-1.201171875,-2.4423828125
0.293,3.4833984375,-0.6005859375,-2.8427734375
0.2935,3.4833984375,0.0400390625,-3.443359375
0.294,2.8427734375,0.9609375,-3.7236328125
0.2945,2.40234375,1.5615234375,-3.9638671875
0.295,1.6416015625,2.2421875,-3.84375
0.2955,0.9208984375,2.72265625,-3.6435546875
0.296,0.240234375,3.1630859375,-3.4033203125
0.2965,-0.5205078125,3.5234375,-3.0830078125
0.297,-1.361328125,3.68359375,-2.40234375
0.2975,-1.8818359375,3.763671875,-1.9619140625
0.298,-2.5224609375,3.7236328125,-1.361328125
0.2985,-2.802734375,3.4033203125,-0.720703125
0.299,-3.36328125,3.283203125,-0.1201171875
0.2995,-3.5634765625,2.482421875,0.880859375
0.3,-3.8037109375,1.9619140625,1.5615234375
0.3005,-3.7236328125,1.28125,2.2421875
0.301,-3.603515625,0.640625,2.7626953125
0.3015,-3.283203125,0.0,3.123046875
0.302,-3.1630859375,-0.640625,3.6435546875
0.3025,-2.40234375,-1.6416015625,3.84375
0.303,-1.8818359375,-2.162109375,3.8837890625
0.3035,-1.041015625,-2.8427734375,3.763671875
0.304,-0.2802734375,-3.203125,3.443359375
0.3045,0.400390625,-3.7236328125,3.203125
0.305,1.28125,-4.00390625,2.6025390625
0.3055,2.08203125,-4.1640625,2.0419921875
0.306,2.5224609375,-3.9638671875,1.44140625
0.3065,3.123046875,-3.8837890625,0.880859375
0.307,3.3232421875,-3.443359375,0.1201171875
0.3075,3.84375,-3.203125,-0.5205078125
0.308,3.923828125,-2.2421875,-1.5615234375
0.3085,4.083984375,-1.8017578125,-2.2021484375
0.309,3.84375,-1.0009765625,-2.802734375
0.3095,3.68359375,-0.3603515625,-3.2431640625
0.31,3.4033203125,0.3203125,-3.603515625
0.3105,3.04296875,1.0810546875,-4.00390625
0.311,2.2822265625,1.9619140625,-4.244140625
0.3115,1.6416015625,2.4423828125,-4.083984375
0.312,0.8408203125,3.0830078125,-3.923828125
0.3125,0.080078125,3.36328125,-3.4833984375
0.313,-0.560546875,3.84375,-3.3232421875
0.3135,-1.5615234375,3.8837890625,-2.5224609375
0.314,-2.2021484375,4.0439453125,-2.001953125
0.3145,-2.642578125,3.8037109375,-1.28125
0.315,-3.1630859375,3.68359375,-0.720703125
0.3155,-3.4033203125,3.203125,0.0
0.316,-3.84375,2.8828125,0.720703125
0.3165,-3.923828125,1.921875,1.76171875
0.317,-3.923828125,1.4013671875,2.2822265625
0.3175,-3.763671875,0.6005859375,2.9228515625
0.318,-3.4833984375,0.0,3.3232421875
0.3185,-3.2431640625,-0.640625,3.763671875
0.319,-2.642578125,-1.5615234375,3.9638671875
0.3195,-2.001953125,-2.322265625,4.1640625
0.32,-1.1611328125,-2.7626953125,3.84375
0.3205,-0.48046875,-3.4033203125,3.8037109375
0.321,0.3603515625,-3.7236328125,3.2431640625
0.3215,1.041015625,-4.1640625,3.04296875
0.322,2.0419921875,-4.244140625,2.08203125
0.3225,2.6025390625,-4.2041015625,1.6416015625
0.323,3.04296875,-3.923828125,0.9208984375
0.3235,3.4833984375,-3.7236328125,0.3203125
0.324,3.763671875,-3.2431640625,-0.400390625
0.3245,4.083984375,-2.6826171875,-1.2412109375
0.325,4.1640625,-1.8818359375,-2.2021484375
0.3255,4.00390625,-1.2412109375,-2.642578125
0.326,3.923828125,-0.5205078125,-3.283203125
0.3265,3.5234375,0.16015625,-3.603515625
0.327,3.3232421875,0.8408203125,-4.083984375
0.3275,2.5224609375,1.76171875,-4.244140625
0.328,1.921875,2.4423828125,-4.3642578125
0.3285,1.041015625,2.8828125,-3.923828125
0.329,0.3603515625,3.443359375,-3.84375
0.3295,-0.4404296875,3.68359375,-3.283203125
0.33,-1.1611328125,3.9638671875,-2.962890625
0.3305,-2.08203125,4.1240234375,-2.1220703125
0.331,-2.5224609375,3.9638671875,-1.6015625
0.3315,-3.04296875,3.763671875,-0.880859375
0.332,-3.36328125,3.4833984375,-0.2802734375
0.3325,-3.7236328125,3.04296875,0.48046875
0.333,-3.923828125,2.2822265625,1.4013671875
0.3335,-4.083984375,1.6015625,2.2421875
0.334,-3.8037109375,0.9208984375,2.642578125
0.3345,-3.7236328125,0.2802734375,3.2431640625
0.335,-3.283203125,-0.4404296875,3.5234375
0.3355,-3.04296875,-1.0810546875,3.9638671875
0.336,-2.2021484375,-2.0419921875,4.1240234375
0.3365,-1.5615234375,-2.6025390625,4.0439453125
0.337,-0.640625,-3.1630859375,3.68359375
0.3375,0.0,-3.6435546875,3.5234375
0.338,0.7607421875,-4.00390625,3.04296875
0.3385,1.5615234375,-4.1640625,2.5625
0.339,2.4423828125,-4.2841796875,1.8818359375
0.3395,2.7626953125,-3.9638671875,1.28125
0.34,3.3232421875,-3.8837890625,0.640625
0.3405,3.5634765625,-3.4033203125,-0.0400390625
0.341,3.9638671875,-3.0830078125,-0.80078125
0.3415,4.0439453125,-2.2021484375,-1.7216796875
0.342,4.1640625,-1.6015625,-2.4423828125
0.3425,3.8037109375,-0.80078125,-2.8828125
0.343,3.84375,-0.3203125,-3.4033203125
0.3435,3.36328125,0.5205078125,-3.8037109375
0.344,3.0029296875,1.201171875,-4.1640625
0.3445,2.2421875,2.162109375,-4.3642578125
0.345,1.521484375,2.6025390625,-4.083984375
0.3455,0.6806640625,3.1630859375,-3.8837890625
0.346,-0.0400390625,3.5234375,-3.603515625
0.3465,-0.80078125,3.8837890625,-3.1630859375
0.347,-1.6416015625,4.0439453125,-2.5224609375
0.3475,-2.40234375,4.1640625,-1.921875
0.348,-2.72265625,3.763671875,-1.1611328125
0.3485,-3.283203125,3.8037109375,-0.640625
0.349,-3.5634765625,3.1630859375,0.16015625
0.3495,-3.923828125,2.802734375,0.9208984375
0.35,-4.0439453125,1.921875,1.921875
0.3505,-4.00390625,1.28125,2.5224609375
0.351,-3.68359375,0.4404296875,3.04296875
0.3515,-3.603515625,-0.080078125,3.5234375
0.352,-3.0830078125,-0.9609375,3.84375
0.3525,-2.5625,-1.681640625,4.083984375
0.353,-1.8017578125,-2.6025390625,4.2841796875
0.3535,-0.9609375,-3.04296875,3.8037109375
0.354,-0.2802734375,-3.6435546875,3.763671875
0.3545,0.6005859375,-3.8837890625,3.203125
0.355,1.361328125,-4.2041015625,2.802734375
0.3555,2.2421875,-4.32421875,2.0419921875
0.356,2.8828125,-4.32421875,1.4013671875
0.3565,3.203125,-3.84375,0.6806640625
0.357,3.7236328125,-3.8037109375,0.1201171875
0.3575,3.923828125,-3.04296875,-0.80078125
0.358,4.1640625,-2.5625,-1.4814453125
0.3585,4.2841796875,-1.6416015625,-2.5224609375
0.359,4.00390625,-0.9609375,-2.962890625
0.3595,3.84375,-0.2001953125,-3.4833984375
0.36,3.5234375,0.4404296875,-3.8837890625
0.3605,3.04296875,1.2412109375,-4.2041015625
0.361,2.40234375,1.921875,-4.3642578125
0.3615,1.681640625,2.72265625,-4.4443359375
0.362,0.6806640625,3.0830078125,-3.84375
0.3625,0.1201171875,3.68359375,-3.8837890625
0.363,-0.80078125,3.8837890625,-3.1630859375
0.3635,-1.4814453125,4.1240234375,-2.72265625
0.364,-2.2822265625,4.1640625,-1.9619140625
0.3645,-2.8828125,3.9638671875,-1.28125
0.365,-3.203125,3.6435546875,-0.640625
0.3655,-3.6435546875,3.4833984375,0.0
0.366,-3.84375,2.72265625,0.9208984375
0.3665,-4.0439453125,2.2421875,1.5615234375
0.367,-4.1240234375,1.4013671875,2.5224609375
0.3675,-3.7236328125,0.640625,2.8828125
0.368,-3.7236328125,0.0400390625,3.443359375
0.3685,-3.2431640625,-0.6806640625,3.8037109375
0.369,-2.7626953125,-1.44140625,4.083984375
0.3695,-2.0419921875,-2.2822265625,4.1240234375
0.37,-1.3212890625,-2.9228515625,4.0439453125
0.3705,-0.400390625,-3.2431640625,3.5634765625
0.371,0.16015625,-3.8837890625,3.5634765625
0.3715,1.1611328125,-4.0439453125,2.8427734375
0.372,1.76171875,-4.244140625,2.482421875
0.3725,2.6025390625,-4.2841796875,1.7216796875
0.373,3.0029296875,-3.9638671875,1.041015625
0.3735,3.443359375,-3.8037109375,0.4404296875
0.374,3.8037109375,-3.36328125,-0.3203125
0.3745,4.00390625,-2.6826171875,-1.1611328125
0.375,4.1240234375,-2.08203125,-1.921875
0.3755,4.1640625,-1.361328125,-2.6826171875
0.376,3.763671875,-0.6005859375,-3.04296875
0.3765,3.84375,-0.080078125,-3.6435546875
0.377,3.1630859375,0.7607421875,-3.923828125
0.3775,2.802734375,1.44140625,-4.2041015625
0.378,2.001953125,2.2421875,-4.2841796875
0.3785,1.28125,2.802734375,-4.00390625
0.379,0.48046875,3.1630859375,-3.68359375
0.3795,-0.16015625,3.68359375,-3.5634765625
0.38,-1.041015625,3.84375,-2.8427734375
0.3805,-1.6416015625,3.9638671875,-2.4423828125
0.381,-2.40234375,3.9638671875,-1.76171875
0.3815,-2.6826171875,3.603515625,-1.041015625
0.382,-3.203125,3.6435546875,-0.5205078125
0.3825,-3.5234375,3.0029296875,0.2802734375
0.383,-3.763671875,2.5224609375,1.041015625
0.3835,-3.84375,1.8017578125,1.8017578125
0.384,-3.84375,1.2412109375,2.40234375
0.3845,-3.4833984375,0.48046875,2.802734375
0.385,-3.5634765625,-0.0400390625,3.36328125
0.3855,-2.8828125,-0.9609375,3.6435546875
0.386,-2.5224609375,-1.6015625,3.84375
0.3865,-1.7216796875,-2.322265625,3.8837890625
0.387,-1.0009765625,-2.72265625,3.5634765625
0.3875,-0.3203125,-3.2431640625,3.5234375
0.388,0.4404296875,-3.68359375,3.1630859375
0.3885,1.201171875,-3.8837890625,2.642578125
0.389,1.841796875,-4.00390625,2.162109375
0.3895,2.40234375,-4.00390625,1.6015625
0.39,2.72265625,-3.603515625,0.9208984375
0.3905,3.3232421875,-3.68359375,0.4404296875
0.391,3.5234375,-2.8828125,-0.5205078125
0.3915,3.8037109375,-2.5625,-1.12109375
0.392,3.84375,-1.8017578125,-1.921875
0.3925,3.763671875,-1.28125,-2.40234375
0.393,3.603515625,-0.640625,-2.8828125
0.3935,3.5234375,0.0,-3.443359375
0.394,2.962890625,0.7607421875,-3.763671875
0.3945,2.5224609375,1.44140625,-3.923828125
0.395,1.8818359375,2.162109375,-3.9638671875
0.3955,1.0810546875,2.5224609375,-3.603515625
0.396,0.5205078125,3.1630859375,-3.68359375
0.3965,-0.3203125,3.36328125,-3.0830078125
0.397,-0.9609375,3.68359375,-2.802734375
0.3975,-1.6416015625,3.763671875,-2.2021484375
0.398,-2.1220703125,3.68359375,-1.681640625
0.3985,-2.5224609375,3.443359375,-1.0810546875
0.399,-3.0830078125,3.4033203125,-0.5205078125
0.3995,-3.283203125,2.6826171875,0.4404296875
0.4,-3.603515625,2.3623046875,1.041015625
0.4005,-3.68359375,1.6416015625,1.841796875
0.401,-3.5234375,1.0009765625,2.2421875
0.4015,-3.5634765625,0.4404296875,2.8427734375
0.402,-3.203125,-0.3203125,3.2431640625
0.4025,-2.7626953125,-1.0009765625,3.603515625
0.403,-2.2021484375,-1.681640625,3.68359375
0.4035,-1.521484375,-2.322265625,3.68359375
0.404,-0.720703125,-2.72265625,3.36328125
0.4045,-0.1201171875,-3.36328125,3.4833984375
0.405,0.7607421875,-3.5634765625,2.72265625
0.4055,1.3212890625,-3.8837890625,2.5224609375
0.406,2.001953125,-3.8837890625,1.8818359375
0.4065,2.40234375,-3.7236328125,1.3212890625
0.407,2.8427734375,-3.5634765625,0.7607421875
0.4075,3.283203125,-3.203125,0.0
0.408,3.5234375,-2.6025390625,-0.80078125
0.4085,3.7236328125,-2.162109375,-1.44140625
0.409,3.763671875,-1.5615234375,-2.1220703125
0.4095,3.5234375,-0.880859375,-2.5224609375
0.41,3.5634765625,-0.3603515625,-3.1630859375
0.4105,3.0830078125,0.48046875,-3.443359375
0.411,2.72265625,1.0810546875,-3.763671875
0.4115,2.0419921875,1.76171875,-3.763671875
0.412,1.4013671875,2.2421875,-3.6435546875
0.4125,0.6806640625,2.6826171875,-3.4033203125
0.413,0.1201171875,3.1630859375,-3.3232421875
0.4135,-0.6806640625,3.36328125,-2.72265625
0.414,-1.201171875,3.603515625,-2.482421875
0.4145,-1.8017578125,3.603515625,-1.8818359375
0.415,-2.1220703125,3.4033203125,-1.361328125
0.4155,-2.72265625,3.4033203125,-0.8408203125
0.416,-3.04296875,2.8427734375,0.0
0.4165,-3.3232421875,2.5224609375,0.6005859375
0.417,-3.4833984375,1.921875,1.3212890625
0.4175,-3.5234375,1.4013671875,1.841796875
0.418,-3.36328125,0.7607421875,2.2822265625
0.4185,-3.4033203125,0.240234375,2.9228515625
0.419,-2.8427734375,-0.6005859375,3.2431640625
0.4195,-2.5625,-1.1611328125,3.5234375
0.42,-1.841796875,-1.841796875,3.5234375
0.4205,-1.201171875,-2.322265625,3.36328125
0.421,-0.560546875,-2.9228515625,3.36328125
0.4215,0.16015625,-3.3232421875,3.04296875
0.422,0.880859375,-3.603515625,2.6826171875
0.4225,1.44140625,-3.8037109375,2.2421875
0.423,2.001953125,-3.8037109375,1.76171875
0.4235,2.3623046875,-3.5634765625,1.12109375
0.424,3.04296875,-3.5634765625,0.6005859375
0.4245,3.203125,-2.8427734375,-0.3203125
0.425,3.603515625,-2.6025390625,-0.9609375
0.4255,3.603515625,-1.921875,-1.6416015625
0.426,3.5634765625,-1.361328125,-2.2021484375
0.4265,3.5234375,-0.6806640625,-2.72265625
0.427,3.36328125,0.0,-3.2431640625
0.4275,2.8828125,0.7607421875,-3.5634765625
0.428,2.4423828125,1.3212890625,-3.763671875
0.4285,1.76171875,1.9619140625,-3.7236328125
0.429,1.0810546875,2.40234375,-3.4833984375
0.4295,0.48046875,3.04296875,-3.5234375
0.43,-0.3603515625,3.203125,-2.8828125
0.4305,-1.0009765625,3.5634765625,-2.642578125
0.431,-1.521484375,3.5234375,-2.08203125
0.4315,-2.001953125,3.5234375,-1.6015625
0.432,-2.40234375,3.283203125,-1.0009765625
0.4325,-2.9228515625,3.1630859375,-0.3603515625
0.433,-3.0830078125,2.4423828125,0.48046875
0.4335,-3.443359375,2.1220703125,1.041015625
0.434,-3.443359375,1.4814453125,1.681640625
0.4345,-3.283203125,0.9609375,2.1220703125
0.435,-3.3232421875,0.3603515625,2.72265625
0.4355,-2.9228515625,-0.3203125,3.0830078125
0.436,-2.5625,-1.0009765625,3.36328125
0.4365,-1.9619140625,-1.5615234375,3.4033203125
0.437,-1.4013671875,-2.1220703125,3.4033203125
0.4375,-0.6806640625,-2.5625,3.1630859375
0.438,-0.1201171875,-3.1630859375,3.203125
0.4385,0.6806640625,-3.3232421875,2.5625
0.439,1.201171875,-3.6435546875,2.4423828125
0.4395,1.7216796875,-3.603515625,1.8818359375
0.44,2.08203125,-3.5234375,1.4013671875
0.4405,2.6025390625,-3.4033203125,0.80078125
0.441,2.962890625,-3.0830078125,0.1201171875
0.4415,3.2431640625,-2.642578125,-0.6005859375
0.442,3.443359375,-2.2421875,-1.2412109375
0.4425,3.5234375,-1.681640625,-1.76171875
0.443,3.4033203125,-1.0810546875,-2.2021484375
0.4435,3.5234375,-0.5205078125,-2.8828125
0.444,3.04296875,0.240234375,-3.203125
0.4445,2.8427734375,0.80078125,-3.5634765625
0.445,2.1220703125,1.44140625,-3.5234375
0.4455,1.5615234375,1.921875,-3.5234375
0.446,0.9208984375,2.482421875,-3.4033203125
0.4465,0.3203125,2.9228515625,-3.2431640625
0.447,-0.400390625,3.1630859375,-2.8427734375
0.4475,-0.9208984375,3.443359375,-2.6025390625
0.448,-1.4814453125,3.4833984375,-2.08203125
0.4485,-1.8818359375,3.36328125,-1.6015625
0.449,-2.5625,3.3232421875,-1.0009765625
0.4495,-2.802734375,2.7626953125,-0.16015625
0.45,-3.203125,2.5224609375,0.400390625
0.4505,-3.2431640625,1.9619140625,1.12109375
0.451,-3.36328125,1.5615234375,1.6015625
0.4515,-3.2431640625,0.9208984375,2.2021484375
0.452,-3.283203125,0.2802734375,2.7626953125
0.4525,-2.8427734375,-0.48046875,3.123046875
0.453,-2.4423828125,-1.041015625,3.3232421875
0.4535,-1.8017578125,-1.681640625,3.3232421875
0.454,-1.2412109375,-2.162109375,3.2431640625
0.4545,-0.6005859375,-2.8427734375,3.283203125
0.455,0.16015625,-3.123046875,2.8427734375
0.4555,0.7607421875,-3.4833984375,2.6025390625
0.456,1.28125,-3.5634765625,2.2021484375
0.4565,1.841796875,-3.603515625,1.8017578125
0.457,2.2421875,-3.4033203125,1.1611328125
0.4575,2.8427734375,-3.36328125,0.560546875
0.458,3.0029296875,-2.72265625,-0.3203125
0.4585,3.4033203125,-2.4423828125,-0.880859375
0.459,3.4033203125,-1.8017578125,-1.4814453125
0.4595,3.443359375,-1.4013671875,-1.9619140625
0.46,3.4033203125,-0.6806640625,-2.6025390625
0.4605,3.1630859375,-0.0400390625,-3.04296875
0.461,2.802734375,0.640625,-3.36328125
0.4615,2.322265625,1.2412109375,-3.4833984375
0.462,1.7216796875,1.841796875,-3.5234375
0.4625,1.041015625,2.2421875,-3.283203125
0.463,0.48046875,2.8427734375,-3.36328125
0.4635,-0.3203125,3.04296875,-2.7626953125
0.464,-0.80078125,3.443359375,-2.642578125
0.4645,-1.361328125,3.36328125,-2.08203125
0.465,-1.8017578125,3.36328125,-1.7216796875
0.4655,-2.2822265625,3.203125,-1.041015625
0.466,-2.802734375,2.962890625,-0.400390625
0.4665,-3.0830078125,2.482421875,0.400390625
0.467,-3.283203125,2.1220703125,0.9609375
0.4675,-3.3232421875,1.5615234375,1.5615234375
0.468,-3.2431640625,1.041015625,2.0419921875
0.4685,-3.283203125,0.400390625,2.6826171875
0.469,-2.8828125,-0.3603515625,3.04296875
0.4695,-2.5625,-1.0009765625,3.36328125
0.47,-1.8818359375,-1.5615234375,3.283203125
0.4705,-1.3212890625,-2.162109375,3.36328125
0.471,-0.6005859375,-2.6025390625,3.123046875
0.4715,0.0,-3.1630859375,3.04296875
0.472,0.7607421875,-3.36328125,2.5224609375
0.4725,1.2412109375,-3.603515625,2.322265625
0.473,1.76171875,-3.603515625,1.76171875
0.4735,2.162109375,-3.5234375,1.28125
0.474,2.72265625,-3.36328125,0.6005859375
0.4745,3.04296875,-2.8427734375,-0.16015625
0.475,3.3232421875,-2.4423828125,-0.80078125
0.4755,3.4033203125,-1.9619140625,-1.361328125
0.476,3.4833984375,-1.44140625,-1.9619140625
0.4765,3.3232421875,-0.80078125,-2.4423828125
0.477,3.36328125,-0.240234375,-3.04296875
0.4775,2.8427734375,0.560546875,-3.283203125
0.478,2.5224609375,1.12109375,-3.5634765625
0.4785,1.76171875,1.7216796875,-3.4833984375
0.479,1.2412109375,2.2021484375,-3.4033203125
0.4795,0.560546875,2.6826171875,-3.283203125
0.48,-0.0400390625,3.04296875,-2.962890625
0.4805,-0.80078125,3.3232421875,-2.6025390625
0.481,-1.2412109375,3.36328125,-2.2822265625
0.4815,-1.76171875,3.443359375,-1.8017578125
0.482,-2.2021484375,3.203125,-1.2412109375
0.4825,-2.7626953125,3.1630859375,-0.6005859375
0.483,-2.962890625,2.5224609375,0.2802734375
0.4835,-3.36328125,2.2421875,0.9208984375
0.484,-3.283203125,1.6015625,1.44140625
0.4845,-3.36328125,1.201171875,1.9619140625
0.485,-3.203125,0.48046875,2.5625
0.4855,-3.0830078125,-0.1201171875,3.04296875
0.486,-2.5625,-0.9208984375,3.3232421875
0.4865,-2.08203125,-1.4814453125,3.4033203125
0.487,-1.4013671875,-2.08203125,3.36328125
0.4875,-0.7607421875,-2.6025390625,3.203125
0.488,-0.080078125,-3.1630859375,3.1630859375
0.4885,0.6806640625,-3.36328125,2.6025390625
0.489,1.28125,-3.7236328125,2.3623046875
0.4895,1.76171875,-3.603515625,1.841796875
0.49,2.2421875,-3.68359375,1.3212890625
0.4905,2.6826171875,-3.283203125,0.640625
0.491,3.1630859375,-3.0830078125,0.0
0.4915,3.3232421875,-2.3623046875,-0.880859375
0.492,3.5234375,-2.001953125,-1.44140625
0.4925,3.4833984375,-1.3212890625,-2.001953125
0.493,3.443359375,-0.880859375,-2.482421875
0.4935,3.3232421875,-0.16015625,-3.04296875
0.494,2.9228515625,0.560546875,-3.4033203125
0.4945,2.5224609375,1.2412109375,-3.68359375
0.495,1.841796875,1.76171875,-3.5634765625
0.4955,1.2412109375,2.322265625,-3.5634765625
0.496,0.48046875,2.72265625,-3.2431640625
0.4965,-0.0400390625,3.1630859375,-3.1630859375
0.497,-0.9208984375,3.3232421875,-2.5224609375
0.4975,-1.44140625,3.5234375,-2.2421875
0.498,-1.921875,3.36328125,-1.6416015625
0.4985,-2.322265625,3.443359375,-1.201171875
0.499,-2.7626953125,3.123046875,-0.5205078125
0.4995,-3.1630859375,2.6826171875,0.240234375
0.5,-3.4033203125,2.08203125,1.0810546875
0.5005,-3.4033203125,1.6015625,1.5615234375
0.501,-3.443359375,1.041015625,2.2421875
0.5015,-3.2431640625,0.4404296875,2.642578125
0.502,-3.1630859375,-0.2001953125,3.1630859375
0.5025,-2.6025390625,-1.0009765625,3.443359375
0.503,-2.1220703125,-1.6416015625,3.6435546875
0.5035,-1.3212890625,-2.2021484375,3.4033203125
0.504,-0.80078125,-2.7626953125,3.4833984375
0.5045,0.0,-3.203125,3.0830078125
0.505,0.640625,-3.603515625,2.8427734375
0.5055,1.5615234375,-3.8037109375,2.2421875
0.506,1.921875,-3.84375,1.8017578125
0.5065,2.5224609375,-3.7236328125,1.2412109375
0.507,2.8828125,-3.4833984375,0.6005859375
0.5075,3.3232421875,-3.1630859375,-0.080078125
0.508,3.5634765625,-2.5224609375,-0.9609375
0.5085,3.8037109375,-1.9619140625,-1.7216796875
0.509,3.603515625,-1.28125,-2.2021484375
0.5095,3.68359375,-0.80078125,-2.802734375
0.51,3.3232421875,-0.0400390625,-3.203125
0.5105,3.1630859375,0.6005859375,-3.68359375
0.511,2.4423828125,1.521484375,-3.8837890625
0.5115,1.8818359375,2.0419921875,-3.8837890625
0.512,1.0810546875,2.6025390625,-3.6435546875
0.5125,0.400390625,3.0830078125,-3.5634765625
0.513,-0.3203125,3.4033203125,-3.1630859375
0.5135,-1.0810546875,3.6435546875,-2.6826171875
0.514,-1.921875,3.84375,-2.08203125
0.5145,-2.2822265625,3.603515625,-1.4814453125
0.515,-2.8427734375,3.6435546875,-0.9609375
0.5155,-3.123046875,3.203125,-0.2001953125
0.516,-3.5634765625,2.8427734375,0.48046875
0.5165,-3.68359375,2.0419921875,1.4013671875
0.517,-3.8037109375,1.4814453125,2.08203125
0.5175,-3.4833984375,0.7607421875,2.5224609375
0.518,-3.5234375,0.240234375,3.0830078125
0.5185,-3.0830078125,-0.5205078125,3.443359375
0.519,-2.6826171875,-1.2412109375,3.8037109375
0.5195,-1.9619140625,-2.1220703125,3.9638671875
0.52,-1.2412109375,-2.6025390625,3.68359375
0.5205,-0.5205078125,-3.1630859375,3.5634765625
0.521,0.240234375,-3.5634765625,3.203125
0.5215,0.9609375,-3.8837890625,2.8427734375
0.522,1.76171875,-4.0439453125,2.2021484375
0.5225,2.5224609375,-4.1640625,1.6015625
0.523,2.802734375,-3.7236328125,0.9609375
0.5235,3.3232421875,-3.7236328125,0.48046875
0.524,3.5634765625,-3.0830078125,-0.3603515625
0.5245,3.8837890625,-2.72265625,-1.041015625
0.525,3.9638671875,-1.841796875,-2.0419921875
0.5255,3.9638671875,-1.2412109375,-2.6025390625
0.526,3.68359375,-0.5205078125,-3.04296875
0.5265,3.5634765625,0.0400390625,-3.5234375
0.527,3.123046875,0.8408203125,-3.84375
0.5275,2.5625,1.5615234375,-4.083984375
0.528,1.921875,2.3623046875,-4.244140625
0.5285,1.041015625,2.7626953125,-3.8037109375
0.529,0.4404296875,3.3232421875,-3.8037109375
0.5295,-0.400390625,3.603515625,-3.2431640625
0.53,-1.12109375,3.84375,-2.8828125
0.5305,-1.9619140625,3.9638671875,-2.162109375
0.531,-2.5625,3.9638671875,-1.5615234375
0.5315,-2.8828125,3.5634765625,-0.8408203125
0.532,-3.36328125,3.5634765625,-0.3203125
0.5325,-3.603515625,2.8427734375,0.560546875
0.533,-3.8837890625,2.3623046875,1.28125
0.5335,-4.00390625,1.5615234375,2.2421875
0.534,-3.763671875,0.880859375,2.6826171875
0.5345,-3.603515625,0.240234375,3.1630859375
0.535,-3.36328125,-0.4404296875,3.603515625
0.5355,-2.8828125,-1.201171875,3.8837890625
0.536,-2.2021484375,-2.001953125,4.0439453125
0.5365,-1.44140625,-2.72265625,4.083984375
0.537,-0.6005859375,-3.1630859375,3.5634765625
0.5375,0.0,-3.763671875,3.6435546875
0.538,0.9609375,-4.00390625,2.8427734375
0.5385,1.6416015625,-4.2041015625,2.5224609375
0.539,2.5224609375,-4.244140625,1.76171875
0.5395,2.962890625,-4.0439453125,1.12109375
0.54,3.3232421875,-3.7236328125,0.4404296875
0.5405,3.8037109375,-3.4833984375,-0.16015625
0.541,3.9638671875,-2.72265625,-1.12109375
0.5415,4.1240234375,-2.2021484375,-1.8017578125
0.542,4.1640625,-1.361328125,-2.6826171875
0.5425,3.8037109375,-0.640625,-3.04296875
0.543,3.8037109375,-0.080078125,-3.603515625
0.5435,3.2431640625,0.7607421875,-3.923828125
0.544,2.802734375,1.44140625,-4.2041015625
0.5445,2.0419921875,2.2421875,-4.244140625
0.545,1.3212890625,2.8427734375,-4.1640625
0.5455,0.4404296875,3.1630859375,-3.68359375
0.546,-0.16015625,3.7236328125,-3.6435546875
0.5465,-1.12109375,3.84375,-2.8427734375
0.547,-1.681640625,4.0439453125,-2.4423828125
0.5475,-2.5224609375,4.083984375,-1.681640625
0.548,-2.8427734375,3.7236328125,-1.0009765625
0.5485,-3.283203125,3.5634765625,-0.48046875
0.549,-3.6435546875,3.123046875,0.3203125
0.5495,-3.84375,2.4423828125,1.1611328125
0.55,-3.923828125,1.841796875,1.8818359375
0.5505,-3.9638671875,1.1611328125,2.5625
0.551,-3.5234375,0.3603515625,2.9228515625
0.5515,-3.5634765625,-0.1201171875,3.5234375
0.552,-2.9228515625,-1.0009765625,3.763671875
0.5525,-2.5224609375,-1.6416015625,3.9638671875
0.553,-1.7216796875,-2.4423828125,4.00390625
0.5535,-1.0009765625,-2.8828125,3.763671875
0.554,-0.2802734375,-3.36328125,3.4833984375
0.5545,0.48046875,-3.84375,3.283203125
0.555,1.3212890625,-4.00390625,2.5625
0.5555,1.9619140625,-4.1640625,2.2021484375
0.556,2.6826171875,-4.1640625,1.521484375
0.5565,2.962890625,-3.7236328125,0.80078125
0.557,3.5234375,-3.7236328125,0.2802734375
0.5575,3.763671875,-3.0029296875,-0.640625
0.558,4.00390625,-2.5625,-1.3212890625
0.5585,4.083984375,-1.8017578125,-2.162109375
0.559,4.00390625,-1.1611328125,-2.7626953125
0.5595,3.68359375,-0.400390625,-3.1630859375
0.56,3.68359375,0.16015625,-3.7236328125
0.5605,3.0029296875,1.12109375,-4.00390625
0.561,2.5224609375,1.681640625,-4.2041015625
0.5615,1.76171875,2.5224609375,-4.244140625
0.562,0.880859375,2.9228515625,-3.8837890625
0.5625,0.2001953125,3.4833984375,-3.7236328125
0.563,-0.640625,3.84375,-3.2431640625
0.5635,-1.4814453125,4.00390625,-2.642578125
0.564,-2.08203125,4.083984375,-2.08203125
0.5645,-2.7626953125,4.00390625,-1.4013671875
0.565,-3.0830078125,3.5634765625,-0.640625
0.5655,-3.6435546875,3.5634765625,-0.080078125
0.566,-3.84375,2.6025390625,1.0009765625
0.5665,-4.083984375,2.2021484375,1.6416015625
0.567,-4.0439453125,1.3212890625,2.482421875
0.5675,-3.84375,0.640625,3.0029296875
0.568,-3.5634765625,-0.0400390625,3.36328125
0.5685,-3.283203125,-0.7607421875,3.8837890625
0.569,-2.5625,-1.8017578125,4.1240234375
0.5695,-1.9619140625,-2.3623046875,4.1240234375
0.57,-1.1611328125,-3.1630859375,4.0439453125
0.5705,-0.240234375,-3.4033203125,3.5634765625
0.571,0.4404296875,-3.9638671875,3.4833984375
0.5715,1.4814453125,-4.2041015625,2.6826171875
0.572,2.162109375,-4.3642578125,2.2021484375
0.5725,2.7626953125,-4.2041015625,1.521484375
0.573,3.3232421875,-4.083984375,0.8408203125
0.5735,3.5234375,-3.5634765625,0.1201171875
0.574,4.0439453125,-3.4033203125,-0.5205078125
0.5745,4.1240234375,-2.322265625,-1.6416015625
0.575,4.244140625,-1.9619140625,-2.2021484375
0.5755,4.1240234375,-1.041015625,-2.962890625
0.576,3.8037109375,-0.3203125,-3.36328125
0.5765,3.5634765625,0.3203125,-3.8037109375
0.577,3.123046875,1.12109375,-4.1640625
0.5775,2.4423828125,1.9619140625,-4.3642578125
0.578,1.76171875,2.482421875,-4.2841796875
0.5785,0.9609375,3.1630859375,-4.1240234375
0.579,0.1201171875,3.443359375,-3.5634765625
0.5795,-0.5205078125,3.9638671875,-3.5234375
0.58,-1.5615234375,4.00390625,-2.6025390625
0.5805,-2.08203125,4.1640625,-2.2421875
0.581,-2.642578125,3.9638671875,-1.44140625
0.5815,-3.0830078125,3.763671875,-0.80078125
0.582,-3.443359375,3.36328125,-0.1201171875
0.5825,-3.84375,3.04296875,0.6005859375
0.583,-3.923828125,2.1220703125,1.5615234375
0.5835,-4.00390625,1.681640625,2.08203125
0.584,-3.923828125,0.9208984375,2.802734375
0.5845,-3.5634765625,0.16015625,3.1630859375
0.585,-3.4833984375,-0.4404296875,3.68359375
0.5855,-2.802734375,-1.3212890625,3.923828125
0.586,-2.2822265625,-2.0419921875,4.083984375
0.5865,-1.4814453125,-2.6025390625,3.8837890625
0.587,-0.720703125,-3.203125,3.84375
0.5875,0.0400390625,-3.5234375,3.3232421875
0.588,0.720703125,-4.0439453125,3.2431640625
0.5885,1.76171875,-4.1240234375,2.3623046875
0.589,2.2021484375,-4.2041015625,2.0419921875
0.5895,2.8427734375,-4.0439453125,1.28125
0.59,3.1630859375,-3.7236328125,0.6005859375
0.5905,3.6435546875,-3.5234375,0.0
0.591,3.8837890625,-2.8828125,-0.9208984375
0.5915,4.083984375,-2.2421875,-1.7216796875
0.592,4.0439453125,-1.6015625,-2.2822265625
0.5925,3.9638671875,-0.9208984375,-2.9228515625
0.593,3.603515625,-0.240234375,-3.283203125
0.5935,3.5634765625,0.400390625,-3.8837890625
0.594,2.72265625,1.3212890625,-4.1240234375
0.5945,2.2822265625,1.9619140625,-4.244140625
0.595,1.4013671875,2.6025390625,-4.00390625
0.5955,0.720703125,3.0830078125,-3.84375
0.596,-0.0400390625,3.4833984375,-3.443359375
0.5965,-0.7607421875,3.84375,-3.0830078125
0.597,-1.6416015625,3.9638671875,-2.3623046875
0.5975,-2.08203125,3.923828125,-1.9619140625
0.598,-2.72265625,3.84375,-1.28125
0.5985,-3.0029296875,3.4833984375,-0.640625
0.599,-3.5634765625,3.3232421875,0.0
0.5995,-3.68359375,2.482421875,1.0009765625
0.6,-3.8837890625,2.001953125,1.6416015625
0.6005,-3.7236328125,1.28125,2.2421875
0.601,-3.68359375,0.640625,2.802734375
0.6015,-3.3232421875,-0.0400390625,3.1630859375
0.602,-3.2431640625,-0.6806640625,3.6435546875
0.6025,-2.4423828125,-1.5615234375,3.84375
0.603,-1.9619140625,-2.08203125,3.84375
0.6035,-1.1611328125,-2.72265625,3.68359375
0.604,-0.400390625,-3.0830078125,3.443359375
0.6045,0.2802734375,-3.603515625,3.2431640625
0.605,1.0810546875,-3.84375,2.6826171875
0.6055,1.76171875,-4.0439453125,2.2421875
0.606,2.2021484375,-3.8837890625,1.7216796875
0.6065,2.72265625,-3.84375,1.1611328125
0.607,3.04296875,-3.4033203125,0.4404296875
0.6075,3.5634765625,-3.2431640625,-0.16015625
0.608,3.6435546875,-2.4423828125,-1.12109375
0.6085,3.8837890625,-2.1220703125,-1.6416015625
0.609,3.763671875,-1.4013671875,-2.2822265625
0.6095,3.68359375,-0.9208984375,-2.72265625
0.61,3.443359375,-0.16015625,-3.2431640625
0.6105,3.1630859375,0.5205078125,-3.603515625
0.611,2.642578125,1.3212890625,-3.8837890625
0.6115,2.0419921875,1.841796875,-3.84375
0.612,1.3212890625,2.40234375,-3.8037109375
0.6125,0.6005859375,2.8427734375,-3.4833984375
0.613,0.0,3.36328125,-3.4033203125
0.6135,-0.80078125,3.4833984375,-2.72265625
0.614,-1.3212890625,3.763671875,-2.5224609375
0.6145,-1.841796875,3.603515625,-1.8818359375
0.615,-2.322265625,3.6435546875,-1.4013671875
0.6155,-2.802734375,3.283203125,-0.640625
0.616,-3.2431640625,3.04296875,0.0
0.6165,-3.443359375,2.3623046875,0.880859375
0.617,-3.68359375,1.921875,1.4013671875
0.6175,-3.5634765625,1.28125,2.0419921875
0.618,-3.4033203125,0.640625,2.40234375
0.6185,-3.4033203125,0.0400390625,3.1630859375
0.619,-2.8828125,-0.7607421875,3.443359375
0.6195,-2.4423828125,-1.44140625,3.7236328125
0.62,-1.681640625,-1.9619140625,3.5634765625
0.6205,-1.12109375,-2.6025390625,3.5634765625
0.621,-0.3203125,-3.04296875,3.2431640625
0.6215,0.3203125,-3.5634765625,3.1630859375
0.622,1.201171875,-3.7236328125,2.482421875
0.6225,1.6416015625,-3.8837890625,2.2421875
0.623,2.2021484375,-3.7236328125,1.521484375
0.6235,2.6025390625,-3.603515625,1.0009765625
0.624,3.123046875,-3.283203125,0.240234375
0.6245,3.4033203125,-2.802734375,-0.5205078125
0.625,3.68359375,-2.2421875,-1.2412109375
0.6255,3.603515625,-1.8017578125,-1.8017578125
0.626,3.6435546875,-1.2412109375,-2.5625
0.6265,3.36328125,-0.5205078125,-2.8427734375
0.627,3.3232421875,0.1201171875,-3.36328125
0.6275,2.72265625,0.9609375,-3.603515625
0.628,2.3623046875,1.521484375,-3.8037109375
0.6285,1.5615234375,2.0419921875,-3.5634765625
0.629,1.0009765625,2.5224609375,-3.5634765625
0.6295,0.2802734375,2.962890625,-3.283203125
0.63,-0.3603515625,3.283203125,-2.962890625
0.6305,-1.12109375,3.5234375,-2.5224609375
0.631,-1.4814453125,3.5234375,-2.1220703125
0.6315,-2.0419921875,3.5234375,-1.5615234375
0.632,-2.4423828125,3.2431640625,-1.0009765625
0.6325,-2.962890625,3.1630859375,-0.3203125
0.633,-3.203125,2.3623046875,0.3603515625
0.6335,-3.4833984375,2.162109375,1.0810546875
0.634,-3.36328125,1.5615234375,1.6015625
0.6345,-3.4833984375,1.12109375,2.162109375
0.635,-3.2431640625,0.3603515625,2.6826171875
0.6355,-3.1630859375,-0.2001953125,3.1630859375
0.636,-2.5625,-1.041015625,3.443359375
0.6365,-2.1220703125,-1.521484375,3.5234375
0.637,-1.4013671875,-2.2021484375,3.443359375
0.6375,-0.720703125,-2.642578125,3.3232421875
0.638,-0.0400390625,-3.2431640625,3.203125
0.6385,0.6806640625,-3.4833984375,2.72265625
0.639,1.28125,-3.8037109375,2.4423828125
0.6395,1.7216796875,-3.68359375,1.921875
0.64,2.2822265625,-3.7236328125,1.4814453125
0.6405,2.6826171875,-3.36328125,0.6806640625
0.641,3.203125,-3.1630859375,0.1201171875
0.6415,3.4033203125,-2.5625,-0.8408203125
0.642,3.68359375,-2.2421875,-1.361328125
0.6425,3.5234375,-1.4814453125,-1.9619140625
0.643,3.5634765625,-1.0009765625,-2.482421875
0.6435,3.4033203125,-0.2001953125,-3.0830078125
0.644,3.04296875,0.48046875,-3.443359375
0.6445,2.6025390625,1.2412109375,-3.7236328125
0.645,1.921875,1.681640625,-3.603515625
0.6455,1.3212890625,2.322265625,-3.603515625
0.646,0.6005859375,2.72265625,-3.283203125
0.6465,0.0,3.1630859375,-3.203125
0.647,-0.80078125,3.36328125,-2.6025390625
0.6475,-1.3212890625,3.5634765625,-2.322265625
0.648,-1.8017578125,3.4033203125,-1.76171875
0.6485,-2.2822265625,3.4833984375,-1.3212890625
0.649,-2.72265625,3.123046875,-0.5205078125
0.6495,-3.0830078125,2.72265625,0.1201171875
0.65,-3.3232421875,2.162109375,0.9609375
0.6505,-3.36328125,1.76171875,1.4013671875
0.651,-3.36328125,1.1611328125,2.001953125
0.6515,-3.2431640625,0.6005859375,2.482421875
0.652,-3.123046875,-0.0400390625,3.0029296875
0.6525,-2.6025390625,-0.80078125,3.203125
0.653,-2.2421875,-1.361328125,3.443359375
0.6535,-1.521484375,-1.8818359375,3.2431640625
0.654,-1.041015625,-2.4423828125,3.36328125
0.6545,-0.240234375,-2.8828125,3.04296875
0.655,0.3203125,-3.283203125,2.8828125
0.6555,1.0810546875,-3.5634765625,2.40234375
0.656,1.4013671875,-3.603515625,2.1220703125
0.6565,1.921875,-3.5234375,1.5615234375
0.657,2.3623046875,-3.4033203125,1.0810546875
0.6575,2.8427734375,-3.203125,0.3203125
0.658,3.123046875,-2.72265625,-0.3203125
0.6585,3.443359375,-2.322265625,-1.0009765625
0.659,3.36328125,-1.8017578125,-1.44140625
0.6595,3.5634765625,-1.361328125,-2.08203125
0.66,3.36328125,-0.640625,-2.6025390625
0.6605,3.3232421875,-0.0400390625,-3.1630859375
0.661,2.802734375,0.6806640625,-3.443359375
0.6615,2.4423828125,1.1611328125,-3.5634765625
0.662,1.7216796875,1.76171875,-3.443359375
0.6625,1.201171875,2.2822265625,-3.4833984375
0.663,0.48046875,2.802734375,-3.2431640625
0.6635,-0.1201171875,3.123046875,-3.0029296875
0.664,-0.80078125,3.4033203125,-2.642578125
0.6645,-1.1611328125,3.36328125,-2.2822265625
0.665,-1.8017578125,3.5234375,-1.841796875
0.6655,-2.2421875,3.203125,-1.1611328125
0.666,-2.7626953125,3.123046875,-0.48046875
0.6665,-3.04296875,2.5224609375,0.3203125
0.667,-3.3232421875,2.2421875,0.880859375
0.6675,-3.2431640625,1.6015625,1.4013671875
0.668,-3.443359375,1.2412109375,1.9619140625
0.6685,-3.203125,0.4404296875,2.6025390625
0.669,-3.04296875,-0.16015625,3.04296875
0.6695,-2.5625,-0.9208984375,3.3232421875
0.67,-2.001953125,-1.44140625,3.3232421875
0.6705,-1.4013671875,-2.08203125,3.36328125
0.671,-0.6806640625,-2.6025390625,3.203125
0.6715,-0.0400390625,-3.0830078125,3.0830078125
0.672,0.640625,-3.36328125,2.642578125
0.6725,1.201171875,-3.603515625,2.40234375
0.673,1.6015625,-3.4833984375,1.841796875
0.6735,2.162109375,-3.6435546875,1.44140625
0.674,2.6025390625,-3.2431640625,0.6005859375
0.6745,3.04296875,-2.962890625,0.0
0.675,3.283203125,-2.40234375,-0.80078125
0.6755,3.443359375,-2.0419921875,-1.28125
0.676,3.443359375,-1.44140625,-1.8818359375
0.6765,3.443359375,-0.9208984375,-2.40234375
0.677,3.2431640625,-0.2001953125,-2.962890625
0.6775,2.8828125,0.48046875,-3.283203125
0.678,2.5224609375,1.12109375,-3.5634765625
0.6785,1.8017578125,1.6015625,-3.36328125
0.679,1.3212890625,2.2421875,-3.5634765625
0.6795,0.560546875,2.6826171875,-3.203125
0.68,0.0,3.0830078125,-3.0830078125
0.6805,-0.80078125,3.283203125,-2.5625
0.681,-1.201171875,3.443359375,-2.322265625
0.6815,-1.681640625,3.3232421875,-1.76171875
0.682,-2.2021484375,3.3232421875,-1.3212890625
0.6825,-2.642578125,3.0029296875,-0.5205078125
0.683,-2.962890625,2.642578125,0.16015625
0.6835,-3.283203125,2.162109375,0.9208984375
0.684,-3.2431640625,1.7216796875,1.3212890625
0.6845,-3.4033203125,1.2412109375,1.9619140625
0.685,-3.203125,0.560546875,2.482421875
0.6855,-3.0830078125,-0.0400390625,3.0029296875
0.686,-2.5625,-0.8408203125,3.2431640625
0.6865,-2.1220703125,-1.361328125,3.36328125
0.687,-1.4013671875,-1.9619140625,3.203125
0.6875,-0.9208984375,-2.5224609375,3.3232421875
0.688,-0.1201171875,-2.9228515625,3.04296875
0.6885,0.48046875,-3.283203125,2.7626953125
0.689,1.201171875,-3.5634765625,2.3623046875
0.6895,1.521484375,-3.5634765625,1.9619140625
0.69,2.08203125,-3.5634765625,1.44140625
0.6905,2.5224609375,-3.283203125,0.8408203125
0.691,2.962890625,-3.04296875,0.1201171875
0.6915,3.203125,-2.5224609375,-0.640625
0.692,3.443359375,-2.1220703125,-1.2412109375
0.6925,3.3232421875,-1.5615234375,-1.681640625
0.693,3.5234375,-1.1611328125,-2.2822265625
0.6935,3.2431640625,-0.3603515625,-2.8427734375
0.694,3.0830078125,0.240234375,-3.2431640625
0.6945,2.5625,1.0009765625,-3.5634765625
0.695,2.0419921875,1.4814453125,-3.4833984375
0.6955,1.4013671875,2.0419921875,-3.4833984375
0.696,0.7607421875,2.5625,-3.36328125
0.6965,0.1201171875,2.962890625,-3.0830078125
0.697,-0.560546875,3.2431640625,-2.72265625
0.6975,-1.1611328125,3.443359375,-2.40234375
0.698,-1.5615234375,3.3232421875,-1.921875
0.6985,-2.162109375,3.4833984375,-1.4814453125
0.699,-2.5625,3.0830078125,-0.640625
0.6995,-3.0029296875,2.8427734375,0.0
0.7,-3.2431640625,2.2421875,0.8408203125
0.7005,-3.36328125,1.8818359375,1.3212890625
0.701,-3.283203125,1.201171875,1.921875
0.7015,-3.36328125,0.720703125,2.4423828125
0.702,-3.0830078125,-0.0400390625,2.9228515625
0.7025,-2.72265625,-0.6806640625,3.283203125
0.703,-2.2021484375,-1.44140625,3.5234375
0.7035,-1.521484375,-1.921875,3.3232421875
0.704,-1.0009765625,-2.5625,3.443359375
0.7045,-0.16015625,-2.962890625,3.0830078125
0.705,0.48046875,-3.36328125,2.8427734375
0.7055,1.2412109375,-3.6435546875,2.322265625
0.706,1.7216796875,-3.7236328125,1.921875
0.7065,2.08203125,-3.5634765625,1.3212890625
0.707,2.642578125,-3.5234375,0.9208984375
0.7075,3.0029296875,-3.0029296875,0.080078125
0.708,3.3232421875,-2.642578125,-0.6005859375
0.7085,3.5234375,-2.0419921875,-1.4013671875
0.709,3.4833984375,-1.5615234375,-1.841796875
0.7095,3.4833984375,-1.0009765625,-2.40234375
0.71,3.3232421875,-0.3603515625,-2.8828125
0.7105,3.0830078125,0.3203125,-3.3232421875
0.711,2.6025390625,1.041015625,-3.5634765625
0.7115,2.0419921875,1.6416015625,-3.68359375
0.712,1.3212890625,2.08203125,-3.4033203125
0.7125,0.80078125,2.6826171875,-3.5234375
0.713,0.0,3.0029296875,-3.04296875
0.7135,-0.6005859375,3.3232421875,-2.802734375
0.714,-1.361328125,3.5234375,-2.2822265625
0.7145,-1.8017578125,3.443359375,-1.841796875
0.715,-2.2421875,3.4033203125,-1.28125
0.7155,-2.72265625,3.2431640625,-0.6806640625
0.716,-3.0830078125,2.802734375,0.080078125
0.7165,-3.36328125,2.3623046875,0.80078125
0.717,-3.5634765625,1.8017578125,1.5615234375
0.7175,-3.36328125,1.201171875,1.921875
0.718,-3.4833984375,0.6806640625,2.5625
0.7185,-3.123046875,-0.0400390625,3.0029296875
0.719,-2.8427734375,-0.720703125,3.4033203125
0.7195,-2.2421875,-1.521484375,3.5634765625
0.72,-1.6015625,-2.08203125,3.5234375
0.7205,-0.8408203125,-2.5625,3.3232421875
0.721,-0.2802734375,-3.1630859375,3.3232421875
0.7215,0.560546875,-3.4833984375,2.802734375
0.722,1.201171875,-3.8037109375,2.482421875
0.7225,1.921875,-3.923828125,1.921875
0.723,2.2822265625,-3.6435546875,1.3212890625
0.7235,2.8427734375,-3.6435546875,0.8408203125
0.724,3.203125,-3.203125,0.0
0.7245,3.5234375,-2.6826171875,-0.720703125
0.725,3.7236328125,-2.08203125,-1.5615234375
0.7255,3.8037109375,-1.4814453125,-2.2021484375
0.726,3.5234375,-0.80078125,-2.6025390625
0.7265,3.5634765625,-0.3203125,-3.203125
0.727,3.0830078125,0.560546875,-3.5234375
0.7275,2.6826171875,1.2412109375,-3.84375
0.728,2.001953125,2.001953125,-3.9638671875
0.7285,1.2412109375,2.482421875,-3.7236328125
0.729,0.6005859375,2.962890625,-3.5634765625
0.7295,-0.16015625,3.36328125,-3.283203125
0.73,-1.0009765625,3.5634765625,-2.72265625
0.7305,-1.6015625,3.763671875,-2.2822265625
0.731,-2.2822265625,3.84375,-1.6416015625
0.7315,-2.6025390625,3.4833984375,-1.0009765625
0.732,-3.1630859375,3.5234375,-0.5205078125
0.7325,-3.36328125,2.7626953125,0.48046875
0.733,-3.68359375,2.2822265625,1.1611328125
0.7335,-3.8037109375,1.5615234375,1.9619140625
0.734,-3.6435546875,0.9609375,2.482421875
0.7345,-3.4033203125,0.2802734375,2.8828125
0.735,-3.3232421875,-0.3203125,3.443359375
0.7355,-2.6826171875,-1.201171875,3.68359375
0.736,-2.2021484375,-1.8017578125,3.84375
0.7365,-1.44140625,-2.5625,3.8837890625
0.737,-0.6005859375,-2.962890625,3.4833984375
0.7375,0.0,-3.5634765625,3.4033203125
0.738,0.9208984375,-3.8837890625,2.8427734375
0.7385,1.6015625,-4.0439453125,2.322265625
0.739,2.2822265625,-4.0439453125,1.76171875
0.7395,2.8427734375,-3.9638671875,1.201171875
0.74,3.123046875,-3.5634765625,0.5205078125
0.7405,3.6435546875,-3.4833984375,-0.0400390625
0.741,3.8037109375,-2.6025390625,-1.0810546875
0.7415,3.9638671875,-2.162109375,-1.681640625
0.742,3.9638671875,-1.361328125,-2.5224609375
0.7425,3.763671875,-0.720703125,-2.9228515625
0.743,3.603515625,-0.080078125,-3.4033203125
0.7435,3.283203125,0.640625,-3.84375
0.744,2.6826171875,1.4814453125,-4.083984375
0.7445,2.08203125,2.08203125,-4.1640625
0.745,1.28125,2.802734375,-4.083984375
0.7455,0.48046875,3.0830078125,-3.5634765625
0.746,-0.080078125,3.6435546875,-3.5634765625
0.7465,-1.12109375,3.8037109375,-2.7626953125
0.747,-1.7216796875,4.00390625,-2.3623046875
0.7475,-2.3623046875,3.923828125,-1.681640625
0.748,-2.8427734375,3.763671875,-1.0810546875
0.7485,-3.203125,3.443359375,-0.400390625
0.749,-3.68359375,3.1630859375,0.2802734375
0.7495,-3.8037109375,2.2822265625,1.28125
0.75,-3.923828125,1.841796875,1.8818359375
0.7505,-3.8837890625,1.0810546875,2.642578125
0.751,-3.5634765625,0.3603515625,3.04296875
0.7515,-3.4833984375,-0.240234375,3.5234375
0.752,-2.8828125,-1.1611328125,3.84375
0.7525,-2.322265625,-1.8818359375,4.0439453125
0.753,-1.6015625,-2.5224609375,3.9638671875
0.7535,-0.8408203125,-3.1630859375,3.84375
0.754,0.0,-3.443359375,3.36328125
0.7545,0.6005859375,-4.0439453125,3.283203125
0.755,1.6416015625,-4.083984375,2.40234375
0.7555,2.2021484375,-4.2041015625,2.0419921875
0.756,2.8427734375,-4.083984375,1.28125
0.7565,3.1630859375,-3.763671875,0.6005859375
0.757,3.5634765625,-3.4833984375,0.0
0.7575,3.8837890625,-2.9228515625,-0.8408203125
0.758,4.00390625,-2.2021484375,-1.7216796875
0.7585,4.083984375,-1.6015625,-2.322265625
0.759,3.9638671875,-0.880859375,-2.962890625
0.7595,3.5634765625,-0.2001953125,-3.283203125
0.76,3.5634765625,0.400390625,-3.8837890625
0.7605,2.802734375,1.361328125,-4.083984375
0.761,2.2822265625,2.0419921875,-4.244140625
0.7615,1.4814453125,2.5625,-4.1240234375
0.762,0.720703125,3.123046875,-3.8837890625
0.7625,-0.0400390625,3.4033203125,-3.4833984375
0.763,-0.6806640625,3.84375,-3.203125
0.7635,-1.681640625,3.9638671875,-2.3623046875
0.764,-2.1220703125,4.00390625,-1.9619140625
0.7645,-2.7626953125,3.8837890625,-1.28125
0.765,-3.0830078125,3.5234375,-0.6005859375
0.7655,-3.5634765625,3.36328125,0.0
0.766,-3.8037109375,2.5625,0.9609375
0.7665,-3.923828125,2.0419921875,1.681640625
0.767,-3.84375,1.3212890625,2.2822265625
0.7675,-3.8037109375,0.6806640625,2.8427734375
0.768,-3.4033203125,0.0,3.203125
0.7685,-3.283203125,-0.640625,3.763671875
0.769,-2.5224609375,-1.6015625,3.923828125
0.7695,-2.001953125,-2.2021484375,4.00390625
0.77,-1.1611328125,-2.8427734375,3.84375
0.7705,-0.400390625,-3.283203125,3.5634765625
0.771,0.3203125,-3.7236328125,3.3232421875
0.7715,1.12109375,-4.00390625,2.8427734375
0.772,1.921875,-4.2041015625,2.2021484375
0.7725,2.40234375,-4.1240234375,1.7216796875
0.773,3.0029296875,-4.00390625,1.041015625
0.7735,3.283203125,-3.5634765625,0.3603515625
0.774,3.84375,-3.4033203125,-0.3203125
0.7745,3.923828125,-2.4423828125,-1.3212890625
0.775,4.1240234375,-2.0419921875,-1.9619140625
0.7755,3.9638671875,-1.2412109375,-2.6025390625
0.776,3.84375,-0.6005859375,-3.1630859375
0.7765,3.5234375,0.1201171875,-3.5634765625
0.777,3.2431640625,0.8408203125,-4.00390625
0.7775,2.5224609375,1.76171875,-4.244140625
0.778,1.921875,2.2421875,-4.2041015625
0.7785,1.041015625,2.962890625,-4.0439453125
0.779,0.2802734375,3.3232421875,-3.6435546875
0.7795,-0.400390625,3.84375,-3.4833984375
0.78,-1.361328125,3.9638671875,-2.6826171875
0.7805,-2.08203125,4.1240234375,-2.2021484375
0.781,-2.5625,3.8837890625,-1.4814453125
0.7815,-3.123046875,3.84375,-0.880859375
0.782,-3.36328125,3.3232421875,-0.1201171875
0.7825,-3.8837890625,3.04296875,0.6005859375
0.783,-3.9638671875,2.0419921875,1.6416015625
0.7835,-4.0439453125,1.5615234375,2.2421875
0.784,-3.8037109375,0.7607421875,2.8427734375
0.7845,-3.603515625,0.1201171875,3.283203125
0.785,-3.3232421875,-0.6005859375,3.7236328125
0.7855,-2.7626953125,-1.44140625,3.9638671875
0.786,-2.08203125,-2.322265625,4.1640625
0.7865,-1.28125,-2.7626953125,3.8837890625
0.787,-0.5205078125,-3.4033203125,3.84375
0.7875,0.2802734375,-3.68359375,3.283203125
0.788,1.0009765625,-4.1640625,3.123046875
0.7885,2.001953125,-4.244140625,2.2021484375
0.789,2.6025390625,-4.32421875,1.76171875
0.7895,3.0029296875,-3.923828125,1.0009765625
0.79,3.4833984375,-3.84375,0.400390625
0.7905,3.763671875,-3.2431640625,-0.3603515625
0.791,4.083984375,-2.8427734375,-1.12109375
0.7915,4.1640625,-1.9619140625,-2.1220703125
0.792,4.083984375,-1.361328125,-2.6025390625
0.7925,3.923828125,-0.6005859375,-3.203125
0.793,3.603515625,0.0400390625,-3.5634765625
0.7935,3.36328125,0.7607421875,-4.0439453125
0.794,2.642578125,1.6015625,-4.244140625
0.7945,2.0419921875,2.322265625,-4.4443359375
0.795,1.201171875,2.802734375,-3.9638671875
0.7955,0.48046875,3.4033203125,-3.923828125
0.796,-0.3203125,3.68359375,-3.36328125
0.7965,-1.0009765625,4.00390625,-3.0830078125
0.797,-1.9619140625,4.083984375,-2.2421875
0.7975,-2.4423828125,4.0439453125,-1.76171875
0.798,-2.9228515625,3.763671875,-1.0009765625
0.7985,-3.3232421875,3.5634765625,-0.400390625
0.799,-3.68359375,3.123046875,0.3603515625
0.7995,-3.8837890625,2.482421875,1.201171875
0.8,-4.0439453125,1.76171875,2.08203125
0.8005,-3.84375,1.12109375,2.5224609375
0.801,-3.763671875,0.4404296875,3.1630859375
0.8015,-3.36328125,-0.3203125,3.4833984375
0.802,-3.123046875,-1.0009765625,3.8837890625
0.8025,-2.3623046875,-1.9619140625,4.0439453125
0.803,-1.76171875,-2.5224609375,4.083984375
0.8035,-0.8408203125,-2.962890625,3.68359375
0.804,-0.16015625,-3.5634765625,3.6435546875
0.8045,0.640625,-3.84375,3.123046875
0.805,1.4013671875,-4.1240234375,2.72265625
0.8055,2.2822265625,-4.2841796875,1.9619140625
0.806,2.642578125,-4.0439453125,1.4013671875
0.8065,3.203125,-3.923828125,0.7607421875
0.807,3.5234375,-3.5234375,0.080078125
0.8075,3.8837890625,-3.0830078125,-0.640625
0.808,3.9638671875,-2.2822265625,-1.5615234375
0.8085,4.1640625,-1.76171875,-2.2822265625
0.809,3.8037109375,-1.0009765625,-2.72265625
0.8095,3.84375,-0.48046875,-3.283203125
0.81,3.36328125,0.3203125,-3.68359375
0.8105,3.0830078125,1.0009765625,-4.083984375
0.811,2.2822265625,1.9619140625,-4.2041015625
0.8115,1.6416015625,2.4423828125,-4.083984375
0.812,0.80078125,3.0029296875,-3.8037109375
0.8125,0.16015625,3.4033203125,-3.5634765625
0.813,-0.6005859375,3.68359375,-3.1630859375
0.8135,-1.3212890625,3.84375,-2.6025390625
0.814,-2.08203125,4.00390625,-2.0419921875
0.8145,-2.40234375,3.68359375,-1.4013671875
0.815,-2.962890625,3.68359375,-0.9208984375
0.8155,-3.203125,3.1630859375,-0.1201171875
0.816,-3.68359375,2.8828125,0.560546875
0.8165,-3.7236328125,2.0419921875,1.44140625
0.817,-3.84375,1.5615234375,2.0419921875
0.8175,-3.5634765625,0.80078125,2.5224609375
0.818,-3.5634765625,0.3203125,3.04296875
0.8185,-3.1630859375,-0.5205078125,3.4033203125
0.819,-2.7626953125,-1.1611328125,3.7236328125
0.8195,-2.1220703125,-1.9619140625,3.8837890625
0.82,-1.361328125,-2.3623046875,3.6435546875
0.8205,-0.720703125,-2.962890625,3.6435546875
0.821,0.0,-3.36328125,3.2431640625
0.8215,0.6806640625,-3.7236328125,3.0029296875
0.822,1.44140625,-3.8837890625,2.3623046875
0.8225,2.0419921875,-4.00390625,1.9619140625
0.823,2.40234375,-3.7236328125,1.28125
0.8235,2.9228515625,-3.7236328125,0.880859375
0.824,3.2431640625,-3.203125,0.0
0.8245,3.6435546875,-2.8828125,-0.640625
0.825,3.763671875,-2.1220703125,-1.521484375
0.8255,3.763671875,-1.76171875,-1.9619140625
0.826,3.6435546875,-1.0009765625,-2.5625
0.8265,3.5234375,-0.4404296875,-3.0830078125
0.827,3.283203125,0.2802734375,-3.5634765625
0.8275,2.802734375,1.041015625,-3.763671875
0.828,2.2822265625,1.7216796875,-3.9638671875
0.8285,1.521484375,2.162109375,-3.6435546875
0.829,0.9609375,2.802734375,-3.763671875
0.8295,0.1201171875,3.1630859375,-3.283203125
0.83,-0.48046875,3.5234375,-3.123046875
0.8305,-1.28125,3.68359375,-2.4423828125
0.831,-1.76171875,3.7236328125,-2.08203125
0.8315,-2.2421875,3.5234375,-1.44140625
0.832,-2.72265625,3.5234375,-0.9208984375
0.8325,-3.123046875,3.04296875,-0.080078125
0.833,-3.4833984375,2.6025390625,0.640625
0.8335,-3.68359375,1.9619140625,1.44140625
0.834,-3.5634765625,1.4013671875,1.8818359375
0.8345,-3.603515625,0.80078125,2.5224609375
0.835,-3.3232421875,0.1201171875,3.0029296875
0.8355,-3.0830078125,-0.6005859375,3.443359375
0.836,-2.4423828125,-1.361328125,3.6435546875
0.8365,-1.921875,-1.9619140625,3.7236328125
0.837,-1.12109375,-2.4423828125,3.443359375
0.8375,-0.5205078125,-3.0830078125,3.4833984375
0.838,0.2802734375,-3.36328125,3.0029296875
0.8385,0.9609375,-3.7236328125,2.6826171875
0.839,1.76171875,-3.8837890625,2.1220703125
0.8395,2.1220703125,-3.7236328125,1.6015625
0.84,2.642578125,-3.68359375,1.041015625
0.8405,3.0029296875,-3.36328125,0.3603515625
0.841,3.36328125,-2.9228515625,-0.3203125
0.8415,3.5634765625,-2.3623046875,-1.12109375
0.842,3.763671875,-1.921875,-1.8017578125
0.8425,3.4833984375,-1.28125,-2.2021484375
0.843,3.6435546875,-0.720703125,-2.802734375
0.8435,3.2431640625,0.0400390625,-3.203125
0.844,3.0029296875,0.640625,-3.5634765625
0.8445,2.40234375,1.4013671875,-3.763671875
0.845,1.8017578125,1.921875,-3.68359375
0.8455,1.12109375,2.40234375,-3.5234375
0.846,0.48046875,2.8828125,-3.4033203125
0.8465,-0.2001953125,3.203125,-3.04296875
0.847,-0.8408203125,3.4833984375,-2.6826171875
0.8475,-1.4814453125,3.6435546875,-2.2421875
0.848,-1.8017578125,3.443359375,-1.681640625
0.8485,-2.4423828125,3.5634765625,-1.28125
0.849,-2.7626953125,3.0830078125,-0.48046875
0.8495,-3.203125,2.8427734375,0.16015625
0.85,-3.4033203125,2.162109375,1.0009765625
0.8505,-3.5634765625,1.8017578125,1.44140625
0.851,-3.36328125,1.12109375,2.001953125
0.8515,-3.4833984375,0.640625,2.6025390625
0.852,-3.0830078125,-0.16015625,3.04296875
0.8525,-2.7626953125,-0.80078125,3.36328125
0.853,-2.2421875,-1.5615234375,3.5634765625
0.8535,-1.5615234375,-1.9619140625,3.4033203125
0.854,-1.0009765625,-2.642578125,3.5234375
0.8545,-0.16015625,-3.0830078125,3.1630859375
0.855,0.48046875,-3.5234375,2.9228515625
0.8555,1.2412109375,-3.7236328125,2.4423828125
0.856,1.7216796875,-3.8037109375,2.0419921875
0.8565,2.162109375,-3.5634765625,1.44140625
0.857,2.72265625,-3.68359375,0.9609375
0.8575,3.04296875,-3.123046875,0.080078125
0.858,3.443359375,-2.802734375,-0.6005859375
0.8585,3.6435546875,-2.162109375,-1.44140625
0.859,3.5634765625,-1.6015625,-1.8818359375
0.8595,3.5634765625,-1.0009765625,-2.482421875
0.86,3.443359375,-0.3203125,-2.962890625
0.8605,3.123046875,0.3203125,-3.4033203125
0.861,2.642578125,1.0810546875,-3.6435546875
0.8615,2.08203125,1.7216796875,-3.763671875
0.862,1.3212890625,2.162109375,-3.4833984375
0.8625,0.7607421875,2.802734375,-3.5634765625
0.863,0.0,3.04296875,-3.0830078125
0.8635,-0.640625,3.4033203125,-2.8427734375
0.864,-1.3212890625,3.5234375,-2.2822265625
0.8645,-1.76171875,3.5234375,-1.841796875
0.865,-2.2021484375,3.36328125,-1.28125
0.8655,-2.6826171875,3.203125,-0.720703125
0.866,-2.962890625,2.72265625,0.0400390625
0.8665,-3.283203125,2.2822265625,0.6806640625
0.867,-3.4833984375,1.76171875,1.44140625
0.8675,-3.2431640625,1.2412109375,1.841796875
0.868,-3.4033203125,0.7607421875,2.4423828125
0.8685,-3.0830078125,0.0,2.8427734375
0.869,-2.8427734375,-0.560546875,3.203125
0.8695,-2.2822265625,-1.28125,3.4033203125
0.87,-1.76171875,-1.8017578125,3.4033203125
0.8705,-1.041015625,-2.2822265625,3.2431640625
0.871,-0.5205078125,-2.8828125,3.283203125
0.8715,0.240234375,-3.1630859375,2.8427734375
0.872,0.80078125,-3.4833984375,2.6025390625
0.8725,1.4814453125,-3.6435546875,2.162109375
0.873,1.76171875,-3.5634765625,1.7216796875
0.8735,2.3623046875,-3.603515625,1.2412109375
0.874,2.72265625,-3.2431640625,0.5205078125
0.8745,3.0830078125,-2.9228515625,-0.16015625
0.875,3.36328125,-2.40234375,-0.8408203125
0.8755,3.5234375,-2.001953125,-1.4013671875
0.876,3.4033203125,-1.361328125,-1.921875
0.8765,3.603515625,-0.9609375,-2.5625
0.877,3.2431640625,-0.16015625,-3.0029296875
0.8775,3.04296875,0.4404296875,-3.36328125
0.878,2.482421875,1.201171875,-3.603515625
0.8785,1.921875,1.6015625,-3.5234375
0.879,1.28125,2.2421875,-3.5234375
0.8795,0.640625,2.72265625,-3.36328125
0.88,-0.0400390625,3.04296875,-3.0830078125
0.8805,-0.640625,3.3232421875,-2.72265625
0.881,-1.2412109375,3.5234375,-2.3623046875
0.8815,-1.6015625,3.3232421875,-1.841796875
0.882,-2.2822265625,3.4833984375,-1.361328125
0.8825,-2.642578125,2.962890625,-0.560546875
0.883,-3.0830078125,2.802734375,0.080078125
0.8835,-3.2431640625,2.2021484375,0.880859375
0.884,-3.36328125,1.841796875,1.3212890625
0.8845,-3.3232421875,1.201171875,1.921875
0.885,-3.36328125,0.640625,2.5224609375
0.8855,-3.04296875,-0.1201171875,2.9228515625
0.886,-2.6826171875,-0.7607421875,3.2431640625
0.8865,-2.1220703125,-1.44140625,3.4033203125
0.887,-1.44140625,-1.921875,3.2431640625
0.8875,-0.9208984375,-2.5625,3.4033203125
0.888,-0.1201171875,-2.962890625,3.0029296875
0.8885,0.48046875,-3.36328125,2.802734375
0.889,1.1611328125,-3.5634765625,2.3623046875
0.8895,1.6015625,-3.6435546875,1.9619140625
0.89,2.0419921875,-3.4833984375,1.4013671875
0.8905,2.6025390625,-3.5234375,0.8408203125
0.891,2.8828125,-2.8828125,0.0
0.8915,3.2431640625,-2.6025390625,-0.6005859375
0.892,3.4833984375,-2.0419921875,-1.3212890625
0.8925,3.4033203125,-1.5615234375,-1.76171875
0.893,3.4833984375,-1.0009765625,-2.3623046875
0.8935,3.283203125,-0.3203125,-2.8828125
0.894,3.0029296875,0.3203125,-3.2431640625
0.8945,2.5625,1.0009765625,-3.5234375
0.895,2.0419921875,1.5615234375,-3.5634765625
0.8955,1.3212890625,2.0419921875,-3.36328125
0.896,0.80078125,2.642578125,-3.4833984375
0.8965,0.0,2.9228515625,-2.962890625
0.897,-0.5205078125,3.283203125,-2.802734375
0.8975,-1.201171875,3.443359375,-2.2822265625
0.898,-1.6015625,3.36328125,-1.8818359375
0.8985,-2.1220703125,3.3232421875,-1.361328125
0.899,-2.6025390625,3.123046875,-0.640625
0.8995,-2.9228515625,2.6826171875,0.0400390625
0.9,-3.203125,2.2822265625,0.720703125
0.9005,-3.36328125,1.841796875,1.3212890625
0.901,-3.203125,1.28125,1.76171875
0.9015,-3.4033203125,0.7607421875,2.482421875
0.902,-3.04296875,0.0,2.8427734375
0.9025,-2.7626953125,-0.640625,3.203125
0.903,-2.2021484375,-1.3212890625,3.36328125
0.9035,-1.6015625,-1.841796875,3.3232421875
0.904,-0.9609375,-2.40234375,3.2431640625
0.9045,-0.3203125,-2.962890625,3.1630859375
0.905,0.4404296875,-3.203125,2.72265625
0.9055,1.0009765625,-3.603515625,2.482421875
0.906,1.5615234375,-3.7236328125,2.0419921875
0.9065,1.921875,-3.5634765625,1.521484375
0.907,2.5224609375,-3.5234375,1.0009765625
0.9075,2.8427734375,-3.04296875,0.2001953125
0.908,3.203125,-2.72265625,-0.4404296875
0.9085,3.443359375,-2.162109375,-1.1611328125
0.909,3.5234375,-1.7216796875,-1.681640625
0.9095,3.4033203125,-1.12109375,-2.2021484375
0.91,3.4833984375,-0.6005859375,-2.8427734375
0.9105,3.04296875,0.2001953125,-3.203125
0.911,2.7626953125,0.80078125,-3.5234375
0.9115,2.1220703125,1.4814453125,-3.5634765625
0.912,1.4814453125,1.9619140625,-3.4033203125
0.9125,0.9208984375,2.5625,-3.4833984375
0.913,0.16015625,2.9228515625,-3.123046875
0.9135,-0.5205078125,3.203125,-2.8427734375
0.914,-1.12109375,3.4033203125,-2.4423828125
0.9145,-1.6416015625,3.4833984375,-2.001953125
0.915,-2.001953125,3.3232421875,-1.4013671875
0.9155,-2.642578125,3.36328125,-0.880859375
0.916,-2.8828125,2.72265625,0.0
0.9165,-3.283203125,2.482421875,0.6005859375
0.917,-3.36328125,1.841796875,1.4013671875
0.9175,-3.36328125,1.3212890625,1.8017578125
0.918,-3.283203125,0.7607421875,2.40234375
0.9185,-3.1630859375,0.080078125,2.8828125
0.919,-2.7626953125,-0.640625,3.203125
0.9195,-2.2822265625,-1.28125,3.443359375
0.92,-1.6416015625,-1.921875,3.4833984375
0.9205,-1.0009765625,-2.3623046875,3.2431640625
0.921,-0.400390625,-3.04296875,3.3232421875
0.9215,0.4404296875,-3.283203125,2.72265625
0.922,1.041015625,-3.68359375,2.5224609375
0.9225,1.6416015625,-3.7236328125,1.921875
0.923,2.08203125,-3.603515625,1.521484375
0.9235,2.5224609375,-3.4033203125,0.9609375
0.924,3.0029296875,-3.2431640625,0.2802734375
0.9245,3.203125,-2.6025390625,-0.5205078125
0.925,3.5234375,-2.2822265625,-1.1611328125
0.9255,3.5634765625,-1.6416015625,-1.841796875
0.926,3.443359375,-1.041015625,-2.2822265625
0.9265,3.4833984375,-0.5205078125,-2.8828125
0.927,3.0830078125,0.240234375,-3.2431640625
0.9275,2.72265625,0.9208984375,-3.5634765625
0.928,2.1220703125,1.5615234375,-3.6435546875
0.9285,1.521484375,2.08203125,-3.603515625
0.929,0.80078125,2.5224609375,-3.36328125
0.9295,0.240234375,3.0830078125,-3.36328125
0.93,-0.6005859375,3.283203125,-2.72265625
0.9305,-1.1611328125,3.5234375,-2.5224609375
0.931,-1.8017578125,3.5634765625,-1.8818359375
0.9315,-2.2021484375,3.443359375,-1.361328125
0.932,-2.72265625,3.3232421875,-0.80078125
0.9325,-3.0830078125,2.8828125,0.0
0.933,-3.36328125,2.40234375,0.7607421875
0.9335,-3.5234375,1.921875,1.4013671875
0.934,-3.5634765625,1.3212890625,2.0419921875
0.9345,-3.3232421875,0.6806640625,2.4423828125
0.935,-3.36328125,0.1201171875,3.0830078125
0.9355,-2.7626953125,-0.7607421875,3.36328125
0.936,-2.4423828125,-1.4013671875,3.68359375
0.9365,-1.6416015625,-2.08203125,3.5634765625
0.937,-0.9609375,-2.6025390625,3.4833984375
0.9375,-0.2802734375,-3.0830078125,3.2431640625
0.938,0.48046875,-3.5634765625,3.04296875
0.9385,1.28125,-3.8037109375,2.3623046875
0.939,1.841796875,-3.84375,2.0419921875
0.9395,2.4423828125,-3.84375,1.4013671875
0.94,2.802734375,-3.5634765625,0.80078125
0.9405,3.3232421875,-3.443359375,0.2001953125
0.941,3.5234375,-2.6826171875,-0.720703125
0.9415,3.763671875,-2.2021484375,-1.44140625
0.942,3.763671875,-1.5615234375,-2.1220703125
0.9425,3.7236328125,-0.9609375,-2.6826171875
0.943,3.443359375,-0.2802734375,-3.0830078125
0.9435,3.36328125,0.3603515625,-3.603515625
0.944,2.642578125,1.28125,-3.8837890625
0.9445,2.162109375,1.8818359375,-4.00390625
0.945,1.3212890625,2.5224609375,-3.8837890625
0.9455,0.6005859375,2.9228515625,-3.5634765625
0.946,-0.0400390625,3.4033203125,-3.36328125
0.9465,-0.9208984375,3.6435546875,-2.8427734375
0.947,-1.6416015625,3.84375,-2.2822265625
0.9475,-2.1220703125,3.763671875,-1.7216796875
0.948,-2.72265625,3.7236328125,-1.1611328125
0.9485,-3.0029296875,3.3232421875,-0.5205078125
0.949,-3.5634765625,3.1630859375,0.16015625
0.9495,-3.6435546875,2.2421875,1.2412109375
0.95,-3.84375,1.76171875,1.841796875
0.9505,-3.68359375,1.0009765625,2.4423828125
0.951,-3.5634765625,0.4404296875,2.9228515625
0.9515,-3.2431640625,-0.2802734375,3.3232421875
0.952,-2.8828125,-1.0009765625,3.763671875
0.9525,-2.2421875,-1.8818359375,3.9638671875
0.953,-1.5615234375,-2.40234375,3.84375
0.9535,-0.80078125,-3.0830078125,3.7236328125
0.954,-0.0400390625,-3.4033203125,3.3232421875
0.9545,0.6005859375,-3.8837890625,3.1630859375
0.955,1.5615234375,-4.00390625,2.40234375
0.9555,2.2421875,-4.1640625,1.921875
0.956,2.6826171875,-3.8837890625,1.2412109375
0.9565,3.1630859375,-3.84375,0.640625
0.957,3.443359375,-3.3232421875,0.0
0.9575,3.8837890625,-3.04296875,-0.7607421875
0.958,3.9638671875,-2.08203125,-1.76171875
0.9585,4.0439453125,-1.6015625,-2.322265625
0.959,3.84375,-0.80078125,-2.9228515625
0.9595,3.6435546875,-0.2001953125,-3.36328125
0.96,3.4033203125,0.48046875,-3.8037109375
0.9605,2.8427734375,1.3212890625,-4.083984375
0.961,2.2021484375,2.162109375,-4.2841796875
0.9615,1.4013671875,2.5224609375,-3.9638671875
0.962,0.6806640625,3.1630859375,-3.8837890625
0.9625,-0.1201171875,3.443359375,-3.4033203125
0.963,-0.7607421875,3.8837890625,-3.203125
0.9635,-1.76171875,3.9638671875,-2.322265625
0.964,-2.322265625,4.0439453125,-1.8818359375
0.9645,-2.802734375,3.763671875,-1.12109375
0.965,-3.203125,3.6435546875,-0.6005859375
0.9655,-3.5634765625,3.1630859375,0.16015625
0.966,-3.8837890625,2.642578125,1.0009765625
0.9665,-4.00390625,1.8017578125,1.9619140625
0.967,-3.8837890625,1.2412109375,2.482421875
0.9675,-3.8037109375,0.48046875,3.0830078125
0.968,-3.443359375,-0.16015625,3.443359375
0.9685,-3.203125,-0.880859375,3.8837890625
0.969,-2.4423828125,-1.8017578125,4.083984375
0.9695,-1.8017578125,-2.5625,4.1240234375
0.97,-0.9208984375,-3.04296875,3.763671875
0.9705,-0.2802734375,-3.603515625,3.68359375
0.971,0.6005859375,-3.84375,3.1630859375
0.9715,1.3212890625,-4.1640625,2.8427734375
0.972,2.322265625,-4.2841796875,1.9619140625
0.9725,2.7626953125,-4.1640625,1.4013671875
0.973,3.2431640625,-3.8837890625,0.720703125
0.9735,3.5634765625,-3.603515625,0.080078125
0.974,3.923828125,-3.1630859375,-0.640625
0.9745,4.1240234375,-2.4423828125,-1.5615234375
0.975,4.244140625,-1.681640625,-2.4423828125
0.9755,3.923828125,-1.0009765625,-2.8427734375
0.976,3.8837890625,-0.3203125,-3.4833984375
0.9765,3.443359375,0.400390625,-3.7236328125
0.977,3.1630859375,1.0810546875,-4.1640625
0.9775,2.2822265625,1.9619140625,-4.32421875
0.978,1.681640625,2.5625,-4.32421875
0.9785,0.7607421875,3.04296875,-3.8837890625
0.979,0.1201171875,3.5634765625,-3.7236328125
0.9795,-0.6806640625,3.84375,-3.203125
0.98,-1.4013671875,4.0439453125,-2.72265625
0.9805,-2.2822265625,4.1240234375,-1.9619140625
0.981,-2.642578125,3.84375,-1.3212890625
0.9815,-3.203125,3.763671875,-0.720703125
0.982,-3.4833984375,3.3232421875,0.0
0.9825,-3.84375,2.9228515625,0.6806640625
0.983,-3.8837890625,2.0419921875,1.6015625
0.9835,-4.0439453125,1.4814453125,2.322265625
0.984,-3.68359375,0.720703125,2.72265625
0.9845,-3.7236328125,0.2001953125,3.283203125
0.985,-3.203125,-0.6005859375,3.6435546875
0.9855,-2.8427734375,-1.28125,3.923828125
0.986,-2.08203125,-2.2421875,4.083984375
0.9865,-1.361328125,-2.72265625,3.84375
0.987,-0.5205078125,-3.2431640625,3.68359375
0.9875,0.16015625,-3.68359375,3.4033203125
0.988,0.9609375,-4.00390625,3.0029296875
0.9885,1.76171875,-4.1640625,2.40234375
0.989,2.5224609375,-4.2841796875,1.8017578125
0.9895,2.8427734375,-3.8837890625,1.0810546875
0.99,3.4033203125,-3.923828125,0.6005859375
0.9905,3.6435546875,-3.283203125,-0.240234375
0.991,4.00390625,-2.9228515625,-1.0009765625
0.9915,4.1240234375,-2.0419921875,-1.9619140625
0.992,4.1240234375,-1.44140625,-2.5625
0.9925,3.84375,-0.640625,-3.0830078125
0.993,3.8037109375,-0.080078125,-3.603515625
0.9935,3.283203125,0.6806640625,-3.923828125
0.994,2.802734375,1.44140625,-4.244140625
0.9945,2.0419921875,2.322265625,-4.4443359375
0.995,1.201171875,2.802734375,-4.00390625
0.9955,0.48046875,3.443359375,-3.923828125
0.996,-0.3203125,3.7236328125,-3.443359375
0.9965,-1.0810546875,4.0439453125,-3.04296875
0.997,-1.9619140625,4.1240234375,-2.2822265625
0.9975,-2.642578125,4.1240234375,-1.6416015625
0.998,-2.962890625,3.68359375,-0.9208984375
0.9985,-3.5634765625,3.7236328125,-0.3603515625
0.999,-3.763671875,2.962890625,0.560546875
0.9995,-4.0439453125,2.5224609375,1.28125
