wavelength,x,y,z
0.0,-2.7576904296875,2.6876220703125,-0.0750732421875
0.0005,-3.1981201171875,2.5274658203125,0.4854736328125
0.001,-3.2781982421875,1.9268798828125,1.1260986328125
0.0015,-3.1981201171875,1.4864501953125,1.5264892578125
0.002,-3.1981201171875,0.8858642578125,2.0870361328125
0.0025,-3.0780029296875,0.1651611328125,2.6876220703125
0.003,-2.6776123046875,-0.5955810546875,3.1280517578125
0.0035,-2.3572998046875,-1.1561279296875,3.3682861328125
0.004,-1.7567138671875,-1.7166748046875,3.3682861328125
0.0045,-0.9959716796875,-2.2371826171875,3.1680908203125
0.005,-0.3953857421875,-2.8778076171875,3.2081298828125
0.0055,0.4854736328125,-3.2781982421875,2.7677001953125
0.006,1.0460205078125,-3.6785888671875,2.5675048828125
0.0065,1.5264892578125,-3.7186279296875,2.1671142578125
0.007,1.9268798828125,-3.5985107421875,1.7266845703125
0.0075,2.3272705078125,-3.3983154296875,1.1260986328125
0.008,2.8878173828125,-3.2781982421875,0.4454345703125
0.0085,3.1680908203125,-2.5975341796875,-0.4354248046875
0.009,3.5284423828125,-2.4373779296875,-0.9959716796875
0.0095,3.5284423828125,-1.7567138671875,-1.6365966796875
0.01,3.3282470703125,-1.1561279296875,-2.0770263671875
0.0105,3.3282470703125,-0.5555419921875,-2.6375732421875
0.011,2.9678955078125,0.2852783203125,-3.1580810546875
0.0115,2.6876220703125,0.9659423828125,-3.5184326171875
0.012,2.2071533203125,1.4864501953125,-3.5985107421875
0.0125,1.5665283203125,2.0069580078125,-3.5184326171875
0.013,0.8057861328125,2.4473876953125,-3.1981201171875
0.0135,0.2052001953125,3.0479736328125,-3.2381591796875
0.014,-0.6756591796875,3.2882080078125,-2.5975341796875
0.0145,-1.1561279296875,3.6085205078125,-2.5174560546875
0.015,-1.6766357421875,3.5284423828125,-1.9569091796875
0.0155,-1.9969482421875,3.3682861328125,-1.4764404296875
0.016,-2.4774169921875,3.2481689453125,-0.8758544921875
0.0165,-2.9178466796875,2.8878173828125,-0.0750732421875
0.017,-3.1981201171875,2.3272705078125,0.6456298828125
0.0175,-3.3582763671875,2.0069580078125,1.2061767578125
0.018,-3.3582763671875,1.4063720703125,1.7667236328125
0.0185,-3.0780029296875,0.7657470703125,2.1671142578125
0.019,-3.1580810546875,0.1651611328125,2.8077392578125
0.0195,-2.5975341796875,-0.6756591796875,3.1680908203125
0.02,-2.3572998046875,-1.2762451171875,3.5284423828125
0.0205,-1.6766357421875,-1.7967529296875,3.4083251953125
0.021,-1.0360107421875,-2.3172607421875,3.2882080078125
0.0215,-0.3553466796875,-2.7977294921875,3.0880126953125
0.022,0.3253173828125,-3.3983154296875,2.9278564453125
0.0225,1.1661376953125,-3.5584716796875,2.4073486328125
0.023,1.5665283203125,-3.7987060546875,2.2471923828125
0.0235,2.0469970703125,-3.7186279296875,1.6466064453125
0.024,2.4073486328125,-3.4383544921875,1.0860595703125
0.0245,2.9278564453125,-3.3582763671875,0.4854736328125
0.025,3.2481689453125,-2.7576904296875,-0.3953857421875
0.0255,3.5284423828125,-2.4373779296875,-1.0360107421875
0.026,3.5284423828125,-1.7967529296875,-1.6365966796875
0.0265,3.4884033203125,-1.2762451171875,-2.1170654296875
0.027,3.2481689453125,-0.5955810546875,-2.5574951171875
0.0275,3.2081298828125,0.0850830078125,-3.1981201171875
0.028,2.6075439453125,0.9659423828125,-3.4783935546875
0.0285,2.3673095703125,1.4464111328125,-3.7586669921875
0.029,1.5665283203125,2.0469970703125,-3.5584716796875
0.0295,0.9259033203125,2.4874267578125,-3.3582763671875
0.03,0.2852783203125,3.0079345703125,-3.2381591796875
0.0305,-0.5955810546875,3.3682861328125,-2.8778076171875
0.031,-1.2362060546875,3.6085205078125,-2.4373779296875
0.0315,-1.5965576171875,3.6085205078125,-2.0770263671875
0.032,-2.1170654296875,3.5684814453125,-1.5565185546875
0.0325,-2.4373779296875,3.2081298828125,-0.9158935546875
0.033,-2.9979248046875,3.1280517578125,-0.2752685546875
0.0335,-3.1981201171875,2.3272705078125,0.6456298828125
0.034,-3.5584716796875,2.1671142578125,1.1661376953125
0.0345,-3.3582763671875,1.4063720703125,1.7667236328125
0.035,-3.2781982421875,0.9259033203125,2.2071533203125
0.0355,-3.0780029296875,0.2052001953125,2.6876220703125
0.036,-2.8778076171875,-0.5155029296875,3.2081298828125
0.0365,-2.3172607421875,-1.2762451171875,3.4884033203125
0.037,-1.8768310546875,-1.7967529296875,3.5684814453125
0.0375,-1.1561279296875,-2.3172607421875,3.3682861328125
0.038,-0.4354248046875,-2.7576904296875,3.1280517578125
0.0385,0.2452392578125,-3.3582763671875,3.0880126953125
0.039,1.1260986328125,-3.6385498046875,2.4473876953125
0.0395,1.6466064453125,-3.8787841796875,2.2471923828125
0.04,2.0469970703125,-3.7186279296875,1.6466064453125
0.0405,2.4473876953125,-3.6385498046875,1.2462158203125
0.041,2.8077392578125,-3.2781982421875,0.5255126953125
0.0415,3.3282470703125,-3.1180419921875,-0.1551513671875
0.042,3.4483642578125,-2.2772216796875,-1.0760498046875
0.0425,3.6885986328125,-2.0369873046875,-1.5164794921875
0.043,3.4884033203125,-1.2762451171875,-2.0770263671875
0.0435,3.3682861328125,-0.7156982421875,-2.5174560546875
0.044,3.2081298828125,0.0050048828125,-3.0780029296875
0.0445,2.8077392578125,0.7657470703125,-3.4783935546875
0.045,2.4073486328125,1.4063720703125,-3.7987060546875
0.0455,1.7667236328125,1.8868408203125,-3.5985107421875
0.046,1.1260986328125,2.4073486328125,-3.5584716796875
0.0465,0.3653564453125,2.8077392578125,-3.1981201171875
0.047,-0.2352294921875,3.3682861328125,-3.1580810546875
0.0475,-1.1561279296875,3.5284423828125,-2.4373779296875
0.048,-1.5164794921875,3.7686767578125,-2.2772216796875
0.0485,-1.9969482421875,3.4884033203125,-1.5965576171875
0.049,-2.3572998046875,3.4083251953125,-1.1961669921875
0.0495,-2.8377685546875,3.1280517578125,-0.4754638671875
0.05,-3.1981201171875,2.7276611328125,0.2852783203125
0.0505,-3.3983154296875,2.1270751953125,1.0860595703125
0.051,-3.4783935546875,1.7667236328125,1.5264892578125
0.0515,-3.3582763671875,1.0860595703125,2.0870361328125
0.052,-3.1580810546875,0.4454345703125,2.5274658203125
0.0525,-3.0780029296875,-0.2752685546875,3.1280517578125
0.053,-2.4373779296875,-1.1561279296875,3.4483642578125
0.0535,-2.1571044921875,-1.6766357421875,3.6885986328125
0.054,-1.3162841796875,-2.1971435546875,3.3682861328125
0.0545,-0.7156982421875,-2.7176513671875,3.3682861328125
0.055,0.0450439453125,-3.1981201171875,3.0479736328125
0.0555,0.8057861328125,-3.6785888671875,2.8477783203125
0.056,1.6466064453125,-3.8787841796875,2.2471923828125
0.0565,1.9669189453125,-3.8787841796875,1.9268798828125
0.057,2.4874267578125,-3.7586669921875,1.2862548828125
0.0575,2.8077392578125,-3.5184326171875,0.6856689453125
0.058,3.3282470703125,-3.2381591796875,-0.0350341796875
0.0585,3.5684814453125,-2.5574951171875,-0.9158935546875
0.059,3.8087158203125,-2.0770263671875,-1.5965576171875
0.0595,3.6085205078125,-1.3963623046875,-2.0770263671875
0.06,3.5684814453125,-0.8358154296875,-2.6375732421875
0.0605,3.2481689453125,-0.0350341796875,-3.0780029296875
0.061,3.0880126953125,0.6456298828125,-3.5985107421875
0.0615,2.4073486328125,1.5665283203125,-3.8787841796875
0.062,1.9669189453125,2.0469970703125,-3.9588623046875
0.0625,1.0860595703125,2.5274658203125,-3.5985107421875
0.063,0.4454345703125,3.0479736328125,-3.4783935546875
0.0635,-0.3553466796875,3.4884033203125,-3.1580810546875
0.064,-1.1561279296875,3.8087158203125,-2.6776123046875
0.0645,-1.9569091796875,4.0089111328125,-2.1571044921875
0.065,-2.2371826171875,3.7286376953125,-1.5965576171875
0.0655,-2.7977294921875,3.6485595703125,-0.9959716796875
0.066,-3.1180419921875,3.2081298828125,-0.3153076171875
0.0665,-3.5584716796875,2.8878173828125,0.4454345703125
0.067,-3.7186279296875,2.0870361328125,1.4464111328125
0.0675,-3.8787841796875,1.6466064453125,2.0469970703125
0.068,-3.4783935546875,0.8057861328125,2.4874267578125
0.0685,-3.4783935546875,0.2852783203125,3.0079345703125
0.069,-2.9979248046875,-0.5555419921875,3.3682861328125
0.0695,-2.6776123046875,-1.3162841796875,3.8487548828125
0.07,-1.9569091796875,-2.2371826171875,4.0489501953125
0.0705,-1.2762451171875,-2.6375732421875,3.8087158203125
0.071,-0.3953857421875,-3.1981201171875,3.5284423828125
0.0715,0.3253173828125,-3.5985107421875,3.2081298828125
0.072,1.1661376953125,-4.0389404296875,2.8477783203125
0.0725,2.0469970703125,-4.1990966796875,2.1671142578125
0.073,2.6876220703125,-4.3592529296875,1.6466064453125
0.0735,2.8878173828125,-3.8787841796875,0.9659423828125
0.074,3.4083251953125,-3.8387451171875,0.4454345703125
0.0745,3.6085205078125,-3.1580810546875,-0.3553466796875
0.075,4.0089111328125,-2.7176513671875,-1.1160888671875
0.0755,4.1290283203125,-1.8367919921875,-2.1170654296875
0.076,4.0889892578125,-1.2762451171875,-2.6375732421875
0.0765,3.6085205078125,-0.3953857421875,-3.0780029296875
0.077,3.5284423828125,0.0850830078125,-3.5584716796875
0.0775,3.0079345703125,0.9659423828125,-3.8787841796875
0.078,2.5274658203125,1.7266845703125,-4.1990966796875
0.0785,1.8868408203125,2.5274658203125,-4.3592529296875
0.079,1.0059814453125,2.8477783203125,-3.8387451171875
0.0795,0.2852783203125,3.4483642578125,-3.7186279296875
0.08,-0.5155029296875,3.6885986328125,-3.1981201171875
0.0805,-1.2762451171875,4.0889892578125,-2.8377685546875
0.081,-2.1571044921875,4.1290283203125,-2.1170654296875
0.0815,-2.7176513671875,4.1290283203125,-1.5965576171875
0.082,-2.9578857421875,3.5684814453125,-0.8358154296875
0.0825,-3.4383544921875,3.6085205078125,-0.3153076171875
0.083,-3.6785888671875,2.8477783203125,0.6055908203125
0.0835,-3.9989013671875,2.4473876953125,1.3262939453125
0.084,-4.0789794921875,1.6065673828125,2.2471923828125
0.0845,-3.8387451171875,0.9659423828125,2.6075439453125
0.085,-3.5584716796875,0.2052001953125,3.1680908203125
0.0855,-3.2381591796875,-0.4354248046875,3.5284423828125
0.086,-2.7576904296875,-1.3162841796875,3.9688720703125
0.0865,-2.1571044921875,-2.1170654296875,4.1290283203125
0.087,-1.5164794921875,-2.8377685546875,4.1690673828125
0.0875,-0.5955810546875,-3.0780029296875,3.5684814453125
0.088,0.0450439453125,-3.7186279296875,3.6085205078125
0.0885,1.0460205078125,-3.9989013671875,2.8878173828125
0.089,1.7667236328125,-4.3592529296875,2.5274658203125
0.0895,2.5675048828125,-4.5194091796875,1.8868408203125
0.09,2.9678955078125,-4.1990966796875,1.2061767578125
0.0905,3.3282470703125,-3.7586669921875,0.5255126953125
0.091,3.7286376953125,-3.5584716796875,-0.0350341796875
0.0915,3.9688720703125,-2.7977294921875,-1.0360107421875
0.092,4.1290283203125,-2.2772216796875,-1.7567138671875
0.0925,4.2491455078125,-1.5565185546875,-2.5975341796875
0.093,3.8087158203125,-0.7156982421875,-2.9178466796875
0.0935,3.6885986328125,-0.0750732421875,-3.5184326171875
0.094,3.1680908203125,0.6856689453125,-3.7987060546875
0.0945,2.8077392578125,1.4864501953125,-4.1990966796875
0.095,2.0870361328125,2.2471923828125,-4.3192138671875
0.0955,1.4063720703125,2.8077392578125,-4.1590576171875
0.096,0.4854736328125,3.1680908203125,-3.6385498046875
0.0965,-0.0750732421875,3.6885986328125,-3.5985107421875
0.097,-1.1561279296875,3.8887939453125,-2.8778076171875
0.0975,-1.6766357421875,4.0889892578125,-2.5174560546875
0.098,-2.5174560546875,4.1690673828125,-1.8768310546875
0.0985,-2.7576904296875,3.8087158203125,-1.1561279296875
0.099,-3.1981201171875,3.6085205078125,-0.5555419921875
0.0995,-3.5584716796875,3.2081298828125,0.1651611328125
0.1,-3.8387451171875,2.5675048828125,1.0460205078125
0.1005,-3.9588623046875,1.9669189453125,1.7667236328125
0.101,-3.9989013671875,1.3262939453125,2.4874267578125
0.1015,-3.4783935546875,0.5255126953125,2.7677001953125
0.102,-3.5584716796875,0.0050048828125,3.3682861328125
0.1025,-2.8778076171875,-0.9959716796875,3.7286376953125
0.103,-2.5174560546875,-1.6365966796875,3.9688720703125
0.1035,-1.7967529296875,-2.4373779296875,4.1290283203125
0.104,-1.0360107421875,-2.8778076171875,3.8487548828125
0.1045,-0.1951904296875,-3.3582763671875,3.4884033203125
0.105,0.4854736328125,-3.9188232421875,3.3282470703125
0.1055,1.5264892578125,-4.2391357421875,2.6075439453125
0.106,2.0069580078125,-4.3592529296875,2.2471923828125
0.1065,2.8077392578125,-4.3592529296875,1.6065673828125
0.107,3.0079345703125,-3.8387451171875,0.8858642578125
0.1075,3.5684814453125,-3.8387451171875,0.3253173828125
0.108,3.8487548828125,-3.0780029296875,-0.5955810546875
0.1085,4.1290283203125,-2.5574951171875,-1.4364013671875
0.109,4.1690673828125,-1.9168701171875,-2.1571044921875
0.1095,4.0889892578125,-1.1561279296875,-2.7576904296875
0.11,3.6085205078125,-0.3153076171875,-3.1580810546875
0.1105,3.6485595703125,0.1651611328125,-3.7186279296875
0.111,2.8878173828125,1.2862548828125,-4.0389404296875
0.1115,2.4874267578125,1.8868408203125,-4.2391357421875
0.112,1.7667236328125,2.6475830078125,-4.3592529296875
0.1125,0.8458251953125,3.0079345703125,-3.8387451171875
0.113,0.1251220703125,3.4884033203125,-3.6385498046875
0.1135,-0.7156982421875,3.8487548828125,-3.1981201171875
0.114,-1.6365966796875,4.0889892578125,-2.5574951171875
0.1145,-2.0770263671875,4.1690673828125,-2.1571044921875
0.115,-2.7576904296875,4.0889892578125,-1.4364013671875
0.1155,-2.9578857421875,3.5284423828125,-0.7156982421875
0.116,-3.5584716796875,3.5684814453125,-0.1951904296875
0.1165,-3.7186279296875,2.6475830078125,0.8858642578125
0.117,-3.9989013671875,2.2471923828125,1.5264892578125
0.1175,-3.9989013671875,1.5264892578125,2.2471923828125
0.118,-3.7186279296875,0.8057861328125,2.7276611328125
0.1185,-3.3983154296875,0.0450439453125,3.1680908203125
0.119,-3.1981201171875,-0.5955810546875,3.6485595703125
0.1195,-2.5174560546875,-1.5965576171875,3.9688720703125
0.12,-2.0770263671875,-2.1170654296875,4.0889892578125
0.1205,-1.2762451171875,-2.8778076171875,4.0089111328125
0.121,-0.3953857421875,-3.1981201171875,3.4884033203125
0.1215,0.2452392578125,-3.7987060546875,3.4483642578125
0.122,1.2462158203125,-4.1590576171875,2.7677001953125
0.1225,1.9669189453125,-4.3192138671875,2.2872314453125
0.123,2.4874267578125,-4.2791748046875,1.8468017578125
0.1235,2.9678955078125,-4.0789794921875,1.1661376953125
0.124,3.2081298828125,-3.5985107421875,0.4854736328125
0.1245,3.7686767578125,-3.4783935546875,-0.1151123046875
0.125,3.9288330078125,-2.5574951171875,-1.2362060546875
0.1255,4.0889892578125,-2.2371826171875,-1.7567138671875
0.126,4.0889892578125,-1.3963623046875,-2.5574951171875
0.1265,3.6885986328125,-0.6756591796875,-2.8778076171875
0.127,3.5284423828125,0.0050048828125,-3.3983154296875
0.1275,3.1280517578125,0.8057861328125,-3.8387451171875
0.128,2.5274658203125,1.6466064453125,-4.1590576171875
0.1285,2.0469970703125,2.1671142578125,-4.1590576171875
0.129,1.2862548828125,2.7276611328125,-3.9989013671875
0.1295,0.4454345703125,3.0079345703125,-3.5184326171875
0.13,-0.1951904296875,3.6485595703125,-3.5584716796875
0.1305,-1.1961669921875,3.8487548828125,-2.7176513671875
0.131,-1.6766357421875,4.0489501953125,-2.4373779296875
0.1315,-2.2772216796875,3.9288330078125,-1.7967529296875
0.132,-2.6375732421875,3.6885986328125,-1.1961669921875
0.1325,-3.0379638671875,3.3682861328125,-0.5555419921875
0.133,-3.4783935546875,3.1280517578125,0.1251220703125
0.1335,-3.6385498046875,2.3272705078125,1.0860595703125
0.134,-3.7987060546875,2.0469970703125,1.5665283203125
0.1345,-3.7186279296875,1.2462158203125,2.2872314453125
0.135,-3.3582763671875,0.5655517578125,2.5675048828125
0.1355,-3.3582763671875,-0.0350341796875,3.2081298828125
0.136,-2.7576904296875,-0.9559326171875,3.5684814453125
0.1365,-2.4373779296875,-1.5965576171875,3.8487548828125
0.137,-1.7967529296875,-2.1971435546875,3.8087158203125
0.1375,-1.0360107421875,-2.7176513671875,3.6485595703125
0.138,-0.2752685546875,-3.1580810546875,3.2481689453125
0.1385,0.4454345703125,-3.7186279296875,3.2081298828125
0.139,1.4063720703125,-3.9188232421875,2.4874267578125
0.1395,1.8067626953125,-4.1590576171875,2.3272705078125
0.14,2.4073486328125,-4.0389404296875,1.6466064453125
0.1405,2.6876220703125,-3.7186279296875,1.0460205078125
0.141,3.1680908203125,-3.5584716796875,0.4454345703125
0.1415,3.5284423828125,-2.9979248046875,-0.3953857421875
0.142,3.8087158203125,-2.4373779296875,-1.2362060546875
0.1425,3.8487548828125,-1.9569091796875,-1.7567138671875
0.143,3.7686767578125,-1.2762451171875,-2.3572998046875
0.1435,3.4083251953125,-0.5555419921875,-2.7176513671875
0.144,3.4483642578125,0.0450439453125,-3.3582763671875
0.1445,2.8077392578125,0.9659423828125,-3.6785888671875
0.145,2.5274658203125,1.5264892578125,-3.9588623046875
0.1455,1.7667236328125,2.0469970703125,-3.8387451171875
0.146,1.0059814453125,2.5274658203125,-3.5985107421875
0.1465,0.3253173828125,3.0079345703125,-3.3582763671875
0.147,-0.3953857421875,3.4884033203125,-3.1180419921875
0.1475,-1.1961669921875,3.6885986328125,-2.5574951171875
0.148,-1.5565185546875,3.8087158203125,-2.3172607421875
0.1485,-2.0770263671875,3.6885986328125,-1.6766357421875
0.149,-2.3572998046875,3.3282470703125,-1.1160888671875
0.1495,-2.9578857421875,3.3282470703125,-0.5155029296875
0.15,-3.1981201171875,2.6075439453125,0.3653564453125
0.1505,-3.5184326171875,2.3673095703125,0.9659423828125
0.151,-3.4783935546875,1.7667236328125,1.5264892578125
0.1515,-3.3582763671875,1.2061767578125,1.9669189453125
0.152,-3.1981201171875,0.5255126953125,2.4874267578125
0.1525,-3.1180419921875,-0.1551513671875,3.0880126953125
0.153,-2.5574951171875,-0.9959716796875,3.3682861328125
0.1535,-2.3172607421875,-1.4764404296875,3.5684814453125
0.154,-1.5565185546875,-2.0770263671875,3.4884033203125
0.1545,-0.8358154296875,-2.4774169921875,3.2481689453125
0.155,-0.1951904296875,-3.1580810546875,3.2481689453125
0.1555,0.6055908203125,-3.4783935546875,2.8077392578125
0.156,1.2462158203125,-3.8387451171875,2.5675048828125
0.1565,1.6065673828125,-3.7987060546875,2.1671142578125
0.157,2.1270751953125,-3.7186279296875,1.6466064453125
0.1575,2.4874267578125,-3.4783935546875,1.0059814453125
0.158,3.1280517578125,-3.3983154296875,0.3253173828125
0.1585,3.3282470703125,-2.6375732421875,-0.5155029296875
0.159,3.6885986328125,-2.5174560546875,-1.0760498046875
0.1595,3.5684814453125,-1.7567138671875,-1.7567138671875
0.16,3.4884033203125,-1.1961669921875,-2.1971435546875
0.1605,3.4083251953125,-0.5155029296875,-2.7977294921875
0.161,3.1680908203125,0.2852783203125,-3.3582763671875
0.1615,2.7276611328125,1.0059814453125,-3.7186279296875
0.162,2.2471923828125,1.4864501953125,-3.7987060546875
0.1625,1.5665283203125,2.0870361328125,-3.6385498046875
0.163,0.8057861328125,2.5675048828125,-3.3582763671875
0.1635,0.1251220703125,3.2081298828125,-3.3983154296875
0.164,-0.7156982421875,3.4083251953125,-2.7176513671875
0.1645,-1.2362060546875,3.8087158203125,-2.6375732421875
0.165,-1.6766357421875,3.5684814453125,-1.9569091796875
0.1655,-2.1170654296875,3.5284423828125,-1.4764404296875
0.166,-2.5975341796875,3.2481689453125,-0.7957763671875
0.1665,-3.0780029296875,3.0079345703125,-0.0350341796875
0.167,-3.2781982421875,2.3272705078125,0.7657470703125
0.1675,-3.5584716796875,2.0469970703125,1.2462158203125
0.168,-3.3983154296875,1.3663330078125,1.8468017578125
0.1685,-3.1981201171875,0.7657470703125,2.2471923828125
0.169,-3.1180419921875,0.0450439453125,2.8878173828125
0.1695,-2.6375732421875,-0.7957763671875,3.2081298828125
0.17,-2.3973388671875,-1.3963623046875,3.5284423828125
0.1705,-1.6766357421875,-1.8768310546875,3.4483642578125
0.171,-1.0360107421875,-2.4373779296875,3.3282470703125
0.1715,-0.3153076171875,-2.8778076171875,3.0880126953125
0.172,0.4053955078125,-3.4783935546875,3.0079345703125
0.1725,1.2462158203125,-3.5985107421875,2.3673095703125
0.173,1.5665283203125,-3.8387451171875,2.2471923828125
0.1735,2.0469970703125,-3.5985107421875,1.6065673828125
0.174,2.4073486328125,-3.4783935546875,1.1260986328125
0.1745,2.8878173828125,-3.2381591796875,0.4454345703125
0.175,3.2481689453125,-2.7576904296875,-0.3553466796875
0.1755,3.4884033203125,-2.3572998046875,-1.0360107421875
0.176,3.5284423828125,-1.8768310546875,-1.5164794921875
0.1765,3.4884033203125,-1.3162841796875,-2.0770263671875
0.177,3.2481689453125,-0.6756591796875,-2.5174560546875
0.1775,3.2081298828125,0.0050048828125,-3.1580810546875
0.178,2.6876220703125,0.7657470703125,-3.4783935546875
0.1785,2.4874267578125,1.3262939453125,-3.7186279296875
0.179,1.7266845703125,1.8468017578125,-3.4783935546875
0.1795,1.0860595703125,2.3272705078125,-3.3983154296875
0.18,0.3653564453125,2.8477783203125,-3.1981201171875
0.1805,-0.3153076171875,3.2882080078125,-2.9979248046875
0.181,-0.9959716796875,3.5284423828125,-2.5975341796875
0.1815,-1.3563232421875,3.5684814453125,-2.3172607421875
0.182,-1.8768310546875,3.5284423828125,-1.7567138671875
0.1825,-2.2371826171875,3.2882080078125,-1.1961669921875
0.183,-2.8377685546875,3.1680908203125,-0.5155029296875
0.1835,-3.0780029296875,2.5274658203125,0.3653564453125
0.184,-3.3983154296875,2.3673095703125,0.8858642578125
0.1845,-3.2781982421875,1.6466064453125,1.4063720703125
0.185,-3.3182373046875,1.2061767578125,1.9268798828125
0.1855,-3.1580810546875,0.4454345703125,2.4473876953125
0.186,-2.9979248046875,-0.2752685546875,3.0479736328125
0.1865,-2.4774169921875,-0.9959716796875,3.3682861328125
0.187,-2.1170654296875,-1.4764404296875,3.5284423828125
0.1875,-1.3563232421875,-2.0770263671875,3.3282470703125
0.188,-0.7156982421875,-2.5975341796875,3.2081298828125
0.1885,0.0050048828125,-3.1981201171875,3.1280517578125
0.189,0.8057861328125,-3.5184326171875,2.6475830078125
0.1895,1.3262939453125,-3.8387451171875,2.4073486328125
0.19,1.7266845703125,-3.6785888671875,1.9268798828125
0.1905,2.2471923828125,-3.6785888671875,1.4464111328125
0.191,2.6075439453125,-3.3182373046875,0.7657470703125
0.1915,3.1680908203125,-3.1580810546875,0.0050048828125
0.192,3.3282470703125,-2.4373779296875,-0.7957763671875
0.1925,3.6085205078125,-2.2371826171875,-1.3162841796875
0.193,3.3682861328125,-1.4764404296875,-1.8768310546875
0.1935,3.3682861328125,-0.9559326171875,-2.3572998046875
0.194,3.1680908203125,-0.2352294921875,-2.9178466796875
0.1945,2.8477783203125,0.6055908203125,-3.3582763671875
0.195,2.4874267578125,1.2462158203125,-3.6385498046875
0.1955,1.9268798828125,1.6466064453125,-3.5584716796875
0.196,1.2462158203125,2.2471923828125,-3.4783935546875
0.1965,0.5655517578125,2.6075439453125,-3.1981201171875
0.197,-0.0750732421875,3.2081298828125,-3.1180419921875
0.1975,-0.9158935546875,3.3682861328125,-2.5174560546875
0.198,-1.3162841796875,3.6085205078125,-2.3973388671875
0.1985,-1.6766357421875,3.3682861328125,-1.7967529296875
0.199,-2.1170654296875,3.3682861328125,-1.3563232421875
0.1995,-2.5574951171875,3.0479736328125,-0.6356201171875
0.2,-2.9979248046875,2.7276611328125,0.0850830078125
0.2005,-3.1981201171875,2.2471923828125,0.8057861328125
0.201,-3.3182373046875,1.8868408203125,1.2462158203125
0.2015,-3.1981201171875,1.2462158203125,1.7667236328125
0.202,-3.1580810546875,0.6856689453125,2.2071533203125
0.2025,-2.9979248046875,0.0050048828125,2.8477783203125
0.203,-2.5574951171875,-0.7957763671875,3.1680908203125
0.2035,-2.3172607421875,-1.2762451171875,3.4483642578125
0.204,-1.5965576171875,-1.7567138671875,3.2081298828125
0.2045,-0.9959716796875,-2.3172607421875,3.2481689453125
0.205,-0.2752685546875,-2.8377685546875,3.0079345703125
0.2055,0.4053955078125,-3.3582763671875,2.8878173828125
0.206,1.0860595703125,-3.5584716796875,2.4473876953125
0.2065,1.4063720703125,-3.7186279296875,2.2471923828125
0.207,1.8868408203125,-3.5584716796875,1.6866455078125
0.2075,2.2471923828125,-3.4383544921875,1.2061767578125
0.208,2.8477783203125,-3.1981201171875,0.4454345703125
0.2085,3.1680908203125,-2.7176513671875,-0.3153076171875
0.209,3.4483642578125,-2.4373779296875,-0.9158935546875
0.2095,3.3282470703125,-1.9168701171875,-1.3963623046875
0.21,3.4483642578125,-1.4364013671875,-1.9969482421875
0.2105,3.2081298828125,-0.6356201171875,-2.4774169921875
0.211,3.1680908203125,0.0450439453125,-3.0780029296875
0.2115,2.7276611328125,0.7657470703125,-3.3983154296875
0.212,2.4073486328125,1.2462158203125,-3.5584716796875
0.2125,1.6466064453125,1.7667236328125,-3.3582763671875
0.213,1.0460205078125,2.2872314453125,-3.3582763671875
0.2135,0.3253173828125,2.8477783203125,-3.1981201171875
0.214,-0.3553466796875,3.2081298828125,-2.8778076171875
0.2145,-0.9158935546875,3.5284423828125,-2.5975341796875
0.215,-1.3162841796875,3.4083251953125,-2.1971435546875
0.2155,-1.7967529296875,3.4483642578125,-1.7567138671875
0.216,-2.2371826171875,3.2081298828125,-1.0760498046875
0.2165,-2.8377685546875,3.0479736328125,-0.3553466796875
0.217,-3.0379638671875,2.4473876953125,0.4454345703125
0.2175,-3.3582763671875,2.2471923828125,0.9259033203125
0.218,-3.1981201171875,1.5264892578125,1.3663330078125
0.2185,-3.2381591796875,1.1260986328125,1.9268798828125
0.219,-3.0379638671875,0.2852783203125,2.5274658203125
0.2195,-2.8377685546875,-0.3953857421875,3.0479736328125
0.22,-2.4373779296875,-1.1160888671875,3.3682861328125
0.2205,-1.8768310546875,-1.5565185546875,3.3282470703125
0.221,-1.2762451171875,-2.1170654296875,3.2882080078125
0.2215,-0.5155029296875,-2.6776123046875,3.1280517578125
0.222,0.1251220703125,-3.2381591796875,3.0079345703125
0.2225,0.9659423828125,-3.5184326171875,2.5274658203125
0.223,1.4063720703125,-3.7987060546875,2.3673095703125
0.2235,1.7667236328125,-3.5184326171875,1.7667236328125
0.224,2.2471923828125,-3.5584716796875,1.3262939453125
0.2245,2.6876220703125,-3.1981201171875,0.5655517578125
0.225,3.1680908203125,-2.9578857421875,-0.1551513671875
0.2255,3.3682861328125,-2.3973388671875,-0.9559326171875
0.226,3.4884033203125,-2.0369873046875,-1.4364013671875
0.2265,3.3282470703125,-1.3162841796875,-1.9569091796875
0.227,3.3282470703125,-0.7557373046875,-2.4373779296875
0.2275,3.1280517578125,0.0050048828125,-3.0379638671875
0.228,2.7276611328125,0.7657470703125,-3.3983154296875
0.2285,2.4073486328125,1.3262939453125,-3.7186279296875
0.229,1.6466064453125,1.7667236328125,-3.3983154296875
0.2295,1.1260986328125,2.3673095703125,-3.4383544921875
0.23,0.3253173828125,2.7677001953125,-3.1180419921875
0.2305,-0.3153076171875,3.2481689453125,-2.9578857421875
0.231,-1.0360107421875,3.4884033203125,-2.4774169921875
0.2315,-1.4364013671875,3.5684814453125,-2.1971435546875
0.232,-1.8768310546875,3.3282470703125,-1.5965576171875
0.2325,-2.3172607421875,3.3282470703125,-1.1561279296875
0.233,-2.7576904296875,2.9278564453125,-0.3553466796875
0.2335,-3.0780029296875,2.5274658203125,0.3653564453125
0.234,-3.3983154296875,2.0469970703125,1.0860595703125
0.2345,-3.2381591796875,1.6065673828125,1.4864501953125
0.235,-3.2381591796875,1.0059814453125,2.0469970703125
0.2355,-3.0780029296875,0.3253173828125,2.5274658203125
0.236,-2.8778076171875,-0.3553466796875,3.0880126953125
0.2365,-2.3973388671875,-1.1561279296875,3.3682861328125
0.237,-1.9969482421875,-1.6365966796875,3.5284423828125
0.2375,-1.2362060546875,-2.0770263671875,3.2081298828125
0.238,-0.6356201171875,-2.7176513671875,3.2882080078125
0.2385,0.1651611328125,-3.1981201171875,2.9278564453125
0.239,0.8858642578125,-3.5584716796875,2.6876220703125
0.2395,1.5665283203125,-3.8387451171875,2.2471923828125
0.24,1.8868408203125,-3.6785888671875,1.7667236328125
0.2405,2.3673095703125,-3.5985107421875,1.2862548828125
0.241,2.7276611328125,-3.3582763671875,0.6055908203125
0.2415,3.2481689453125,-3.0780029296875,-0.1151123046875
0.242,3.4083251953125,-2.4373779296875,-0.9959716796875
0.2425,3.7286376953125,-2.0369873046875,-1.5565185546875
0.243,3.3682861328125,-1.3162841796875,-1.9569091796875
0.2435,3.4884033203125,-0.7957763671875,-2.5574951171875
0.244,3.1280517578125,0.0050048828125,-2.9979248046875
0.2445,2.9278564453125,0.6456298828125,-3.5584716796875
0.245,2.3673095703125,1.4464111328125,-3.7987060546875
0.2455,1.8468017578125,1.8868408203125,-3.6785888671875
0.246,1.0460205078125,2.3673095703125,-3.3983154296875
0.2465,0.4454345703125,2.8878173828125,-3.3182373046875
0.247,-0.3553466796875,3.2882080078125,-2.9578857421875
0.2475,-1.0360107421875,3.5684814453125,-2.5574951171875
0.248,-1.6365966796875,3.8087158203125,-2.1971435546875
0.2485,-1.9569091796875,3.4083251953125,-1.5965576171875
0.249,-2.4774169921875,3.4884033203125,-1.1561279296875
0.2495,-2.7977294921875,3.0079345703125,-0.3553466796875
0.25,-3.2781982421875,2.6876220703125,0.2852783203125
0.2505,-3.3983154296875,2.0469970703125,1.1260986328125
0.251,-3.5184326171875,1.6866455078125,1.6466064453125
0.2515,-3.1981201171875,0.9659423828125,2.0469970703125
0.252,-3.2381591796875,0.4854736328125,2.5675048828125
0.2525,-2.8377685546875,-0.3553466796875,3.0479736328125
0.253,-2.5174560546875,-0.9959716796875,3.4083251953125
0.2535,-2.0369873046875,-1.7166748046875,3.6485595703125
0.254,-1.3162841796875,-2.1170654296875,3.3282470703125
0.2545,-0.6756591796875,-2.6776123046875,3.3282470703125
0.255,0.0450439453125,-3.1580810546875,3.0079345703125
0.2555,0.7657470703125,-3.5985107421875,2.7677001953125
0.256,1.4864501953125,-3.7987060546875,2.2471923828125
0.2565,1.9669189453125,-3.8787841796875,1.9268798828125
0.257,2.2471923828125,-3.5184326171875,1.2862548828125
0.2575,2.7276611328125,-3.5985107421875,0.8858642578125
0.258,3.0479736328125,-3.0780029296875,0.0050048828125
0.2585,3.4884033203125,-2.7176513671875,-0.6756591796875
0.259,3.6485595703125,-2.0770263671875,-1.4364013671875
0.2595,3.5284423828125,-1.5565185546875,-1.8768310546875
0.26,3.4083251953125,-0.9158935546875,-2.4373779296875
0.2605,3.2882080078125,-0.3153076171875,-2.8778076171875
0.261,2.9678955078125,0.4854736328125,-3.3582763671875
0.2615,2.5675048828125,1.1661376953125,-3.6785888671875
0.262,2.0870361328125,1.7667236328125,-3.8387451171875
0.2625,1.2862548828125,2.1671142578125,-3.3983154296875
0.263,0.7657470703125,2.7677001953125,-3.5584716796875
0.2635,-0.0750732421875,3.1680908203125,-3.0780029296875
0.264,-0.7156982421875,3.5284423828125,-2.8377685546875
0.2645,-1.4364013671875,3.6885986328125,-2.3172607421875
0.265,-1.8768310546875,3.6085205078125,-1.8768310546875
0.2655,-2.2371826171875,3.3682861328125,-1.2762451171875
0.266,-2.7576904296875,3.3282470703125,-0.7957763671875
0.2665,-3.0780029296875,2.7677001953125,0.1251220703125
0.267,-3.3983154296875,2.4073486328125,0.8057861328125
0.2675,-3.5985107421875,1.8868408203125,1.5665283203125
0.268,-3.2781982421875,1.2462158203125,1.9268798828125
0.2685,-3.3582763671875,0.6456298828125,2.5274658203125
0.269,-3.0379638671875,-0.1151123046875,2.9678955078125
0.2695,-2.7576904296875,-0.8358154296875,3.4483642578125
0.27,-2.1971435546875,-1.5565185546875,3.6485595703125
0.2705,-1.6365966796875,-2.1170654296875,3.6485595703125
0.271,-0.7957763671875,-2.5574951171875,3.2481689453125
0.2715,-0.2352294921875,-3.1981201171875,3.3282470703125
0.272,0.6856689453125,-3.5584716796875,2.7677001953125
0.2725,1.3262939453125,-3.8787841796875,2.5274658203125
0.273,2.0069580078125,-4.0389404296875,1.9669189453125
0.2735,2.3673095703125,-3.7186279296875,1.4063720703125
0.274,2.7677001953125,-3.6785888671875,0.8458251953125
0.2745,3.1680908203125,-3.2381591796875,0.1251220703125
0.275,3.5284423828125,-2.7176513671875,-0.6756591796875
0.2755,3.7686767578125,-2.1971435546875,-1.4364013671875
0.276,3.8487548828125,-1.6365966796875,-2.1170654296875
0.2765,3.4483642578125,-0.8358154296875,-2.5174560546875
0.277,3.5684814453125,-0.3553466796875,-3.0780029296875
0.2775,2.9678955078125,0.5655517578125,-3.4783935546875
0.278,2.6876220703125,1.2462158203125,-3.8787841796875
0.2785,2.0469970703125,2.0069580078125,-4.0389404296875
0.279,1.3262939453125,2.4473876953125,-3.7987060546875
0.2795,0.5255126953125,2.8878173828125,-3.4783935546875
0.28,-0.1151123046875,3.4483642578125,-3.3582763671875
0.2805,-1.0360107421875,3.7286376953125,-2.7176513671875
0.281,-1.5965576171875,3.9288330078125,-2.4373779296875
0.2815,-2.2772216796875,3.9688720703125,-1.7967529296875
0.282,-2.5975341796875,3.4884033203125,-1.1160888671875
0.2825,-3.0780029296875,3.5284423828125,-0.5955810546875
0.283,-3.3983154296875,2.8878173828125,0.3653564453125
0.2835,-3.7186279296875,2.4073486328125,1.1260986328125
0.284,-3.8387451171875,1.7667236328125,1.8868408203125
0.2845,-3.7586669921875,1.1260986328125,2.4073486328125
0.285,-3.2781982421875,0.3253173828125,2.8077392578125
0.2855,-3.3182373046875,-0.1951904296875,3.3682861328125
0.286,-2.6375732421875,-1.2762451171875,3.6885986328125
0.2865,-2.2371826171875,-1.8768310546875,3.9288330078125
0.287,-1.4764404296875,-2.5975341796875,3.9688720703125
0.2875,-0.6356201171875,-2.9979248046875,3.5684814453125
0.288,0.0450439453125,-3.4783935546875,3.3682861328125
0.2885,0.9659423828125,-3.9588623046875,2.9278564453125
0.289,1.8468017578125,-4.1590576171875,2.2872314453125
0.2895,2.3272705078125,-4.2791748046875,1.9268798828125
0.29,2.8878173828125,-4.1990966796875,1.2862548828125
0.2905,3.1280517578125,-3.5985107421875,0.5255126953125
0.291,3.6485595703125,-3.5584716796875,0.0050048828125
0.2915,3.8887939453125,-2.6375732421875,-1.1160888671875
0.292,4.0889892578125,-2.2371826171875,-1.7166748046875
0.2925,4.0889892578125,-1.4764404296875,-2.4774169921875
0.293,3.8487548828125,-0.7957763671875,-2.9178466796875
0.2935,3.4884033203125,0.0050048828125,-3.3582763671875
0.294,3.2481689453125,0.6456298828125,-3.8387451171875
0.2945,2.5274658203125,1.6466064453125,-4.1190185546875
0.295,2.0870361328125,2.2071533203125,-4.2391357421875
0.2955,1.2862548828125,2.8477783203125,-4.1590576171875
0.296,0.4053955078125,3.1680908203125,-3.5985107421875
0.2965,-0.1951904296875,3.6885986328125,-3.5184326171875
0.297,-1.2762451171875,4.0489501953125,-2.8377685546875
0.2975,-1.9569091796875,4.1290283203125,-2.3172607421875
0.298,-2.4774169921875,4.0889892578125,-1.7967529296875
0.2985,-2.9578857421875,3.9688720703125,-1.1561279296875
0.299,-3.2381591796875,3.4483642578125,-0.3553466796875
0.2995,-3.7586669921875,3.3282470703125,0.2052001953125
0.3,-3.8787841796875,2.2872314453125,1.3663330078125
0.3005,-4.0789794921875,1.9669189453125,1.9268798828125
0.301,-3.9989013671875,1.1260986328125,2.6876220703125
0.3015,-3.5985107421875,0.3653564453125,3.0479736328125
0.302,-3.3582763671875,-0.2752685546875,3.4483642578125
0.3025,-2.8778076171875,-1.2362060546875,3.9288330078125
0.303,-2.2371826171875,-2.0770263671875,4.1290283203125
0.3035,-1.6766357421875,-2.5574951171875,4.1290283203125
0.304,-0.8358154296875,-3.1981201171875,3.9688720703125
0.3045,0.0450439453125,-3.5584716796875,3.3682861328125
0.305,0.7257080078125,-4.1190185546875,3.3282470703125
0.3055,1.9268798828125,-4.3992919921875,2.4073486328125
0.306,2.3673095703125,-4.5194091796875,2.0469970703125
0.3065,2.9278564453125,-4.2391357421875,1.3663330078125
0.307,3.3282470703125,-3.9588623046875,0.7257080078125
0.3075,3.5684814453125,-3.5184326171875,0.0050048828125
0.308,4.0489501953125,-3.1580810546875,-0.7557373046875
0.3085,4.1290283203125,-2.1571044921875,-1.8367919921875
0.309,4.2091064453125,-1.7967529296875,-2.2772216796875
0.3095,4.0089111328125,-0.9158935546875,-2.9979248046875
0.31,3.6085205078125,-0.1551513671875,-3.3582763671875
0.3105,3.4483642578125,0.4854736328125,-3.7987060546875
0.311,2.7677001953125,1.4864501953125,-4.1590576171875
0.3115,2.2471923828125,2.2071533203125,-4.3592529296875
0.312,1.5665283203125,2.6475830078125,-4.1990966796875
0.3125,0.7657470703125,3.2081298828125,-3.9188232421875
0.313,-0.0750732421875,3.4483642578125,-3.3983154296875
0.3135,-0.7557373046875,3.9688720703125,-3.2781982421875
0.314,-1.8768310546875,4.0889892578125,-2.3973388671875
0.3145,-2.1971435546875,4.2091064453125,-2.1170654296875
0.315,-2.7576904296875,3.9688720703125,-1.2762451171875
0.3155,-3.0780029296875,3.6485595703125,-0.7156982421875
0.316,-3.4783935546875,3.3282470703125,0.0050048828125
0.3165,-3.8387451171875,2.7677001953125,0.8858642578125
0.317,-3.9588623046875,2.0069580078125,1.7266845703125
0.3175,-3.9588623046875,1.5665283203125,2.1671142578125
0.318,-3.7987060546875,0.7657470703125,2.8077392578125
0.3185,-3.3582763671875,0.0050048828125,3.1680908203125
0.319,-3.2381591796875,-0.6356201171875,3.7286376953125
0.3195,-2.4373779296875,-1.6766357421875,3.9688720703125
0.32,-2.0770263671875,-2.2371826171875,4.1290283203125
0.3205,-1.1961669921875,-2.7576904296875,3.8887939453125
0.321,-0.5155029296875,-3.2781982421875,3.6885986328125
0.3215,0.3253173828125,-3.7186279296875,3.2481689453125
0.322,1.1260986328125,-4.2391357421875,2.9678955078125
0.3225,2.1270751953125,-4.3192138671875,2.1671142578125
0.323,2.4473876953125,-4.3192138671875,1.9268798828125
0.3235,3.0079345703125,-4.0389404296875,1.1260986328125
0.324,3.2882080078125,-3.6785888671875,0.4854736328125
0.3245,3.7686767578125,-3.3983154296875,-0.2352294921875
0.325,4.0489501953125,-2.5975341796875,-1.2762451171875
0.3255,4.1690673828125,-2.0770263671875,-1.9569091796875
0.326,4.0089111328125,-1.3563232421875,-2.5174560546875
0.3265,3.8887939453125,-0.6756591796875,-3.0780029296875
0.327,3.4483642578125,0.1251220703125,-3.4783935546875
0.3275,3.2481689453125,0.8458251953125,-3.9989013671875
0.328,2.4473876953125,1.9268798828125,-4.2391357421875
0.3285,2.0469970703125,2.2872314453125,-4.3592529296875
0.329,1.0860595703125,2.8477783203125,-3.9588623046875
0.3295,0.3253173828125,3.3282470703125,-3.6785888671875
0.33,-0.4754638671875,3.6885986328125,-3.3582763671875
0.3305,-1.3162841796875,4.0889892578125,-2.8377685546875
0.331,-2.1170654296875,4.2091064453125,-2.1971435546875
0.3315,-2.4373779296875,4.0089111328125,-1.7166748046875
0.332,-2.9979248046875,3.8487548828125,-0.9959716796875
0.3325,-3.2781982421875,3.4083251953125,-0.2752685546875
0.333,-3.7987060546875,3.1280517578125,0.4454345703125
0.3335,-3.9188232421875,2.2071533203125,1.5665283203125
0.334,-4.0789794921875,1.8468017578125,2.0469970703125
0.3345,-3.7586669921875,0.9659423828125,2.5675048828125
0.335,-3.5985107421875,0.3253173828125,3.1280517578125
0.3355,-3.1981201171875,-0.4754638671875,3.4884033203125
0.336,-2.8778076171875,-1.2762451171875,3.9688720703125
0.3365,-2.0770263671875,-2.1971435546875,4.1690673828125
0.337,-1.5164794921875,-2.6375732421875,4.0089111328125
0.3375,-0.6356201171875,-3.2381591796875,3.7686767578125
0.338,0.1251220703125,-3.6785888671875,3.3682861328125
0.3385,0.9659423828125,-4.0789794921875,3.0880126953125
0.339,1.9268798828125,-4.3192138671875,2.4073486328125
0.3395,2.5274658203125,-4.4393310546875,1.9268798828125
0.34,2.8477783203125,-4.0389404296875,1.2862548828125
0.3405,3.3682861328125,-3.9188232421875,0.6456298828125
0.341,3.5684814453125,-3.3582763671875,-0.1551513671875
0.3415,4.0889892578125,-3.0780029296875,-0.8758544921875
0.342,4.1290283203125,-2.0369873046875,-1.9569091796875
0.3425,4.2091064453125,-1.6766357421875,-2.3973388671875
0.343,3.8087158203125,-0.7156982421875,-2.9578857421875
0.3435,3.6485595703125,-0.1151123046875,-3.3582763671875
0.344,3.2081298828125,0.6856689453125,-3.7987060546875
0.3445,2.7276611328125,1.4464111328125,-4.1590576171875
0.345,2.1671142578125,2.2471923828125,-4.3592529296875
0.3455,1.4063720703125,2.5675048828125,-3.9989013671875
0.346,0.5655517578125,3.1680908203125,-3.8387451171875
0.3465,-0.1551513671875,3.4884033203125,-3.3582763671875
0.347,-0.9158935546875,3.9688720703125,-3.0780029296875
0.3475,-1.7967529296875,4.0489501953125,-2.2772216796875
0.348,-2.2772216796875,4.1290283203125,-1.9569091796875
0.3485,-2.5975341796875,3.6885986328125,-1.2362060546875
0.349,-3.0379638671875,3.6085205078125,-0.7156982421875
0.3495,-3.3582763671875,3.0479736328125,0.0850830078125
0.35,-3.7186279296875,2.6876220703125,0.8057861328125
0.3505,-3.8387451171875,1.9268798828125,1.7266845703125
0.351,-3.7987060546875,1.5264892578125,2.0469970703125
0.3515,-3.5584716796875,0.6856689453125,2.6475830078125
0.352,-3.2781982421875,0.1251220703125,3.0079345703125
0.3525,-2.9979248046875,-0.6756591796875,3.5684814453125
0.353,-2.4373779296875,-1.5164794921875,3.8087158203125
0.3535,-1.9969482421875,-2.1170654296875,3.9688720703125
0.354,-1.1961669921875,-2.5574951171875,3.5284423828125
0.3545,-0.5555419921875,-3.0780029296875,3.5284423828125
0.355,0.2852783203125,-3.4783935546875,3.0880126953125
0.3555,0.9659423828125,-3.9188232421875,2.8878173828125
0.356,1.8468017578125,-4.1190185546875,2.2471923828125
0.3565,2.1671142578125,-4.0389404296875,1.9268798828125
0.357,2.5675048828125,-3.7586669921875,1.2462158203125
0.3575,2.9678955078125,-3.5985107421875,0.6856689453125
0.358,3.4083251953125,-3.1981201171875,-0.1151123046875
0.3585,3.6885986328125,-2.6375732421875,-0.9158935546875
0.359,3.8887939453125,-2.1170654296875,-1.6365966796875
0.3595,3.6485595703125,-1.5164794921875,-1.9969482421875
0.36,3.6485595703125,-0.8758544921875,-2.6375732421875
0.3605,3.3282470703125,-0.1551513671875,-3.0780029296875
0.361,3.1280517578125,0.5655517578125,-3.5985107421875
0.3615,2.5274658203125,1.3262939453125,-3.8787841796875
0.362,2.1270751953125,1.7667236328125,-3.9188232421875
0.3625,1.2862548828125,2.3272705078125,-3.5584716796875
0.363,0.6856689453125,2.8477783203125,-3.5584716796875
0.3635,-0.1551513671875,3.2882080078125,-3.1580810546875
0.364,-0.7957763671875,3.6085205078125,-2.8377685546875
0.3645,-1.5164794921875,3.8487548828125,-2.4373779296875
0.365,-1.7967529296875,3.6485595703125,-1.9569091796875
0.3655,-2.3572998046875,3.6085205078125,-1.3162841796875
0.366,-2.7176513671875,3.2882080078125,-0.7156982421875
0.3665,-3.1981201171875,3.0079345703125,0.0450439453125
0.367,-3.3983154296875,2.3673095703125,0.8458251953125
0.3675,-3.6785888671875,2.0469970703125,1.4063720703125
0.368,-3.3582763671875,1.3262939453125,1.8468017578125
0.3685,-3.4383544921875,0.7657470703125,2.4473876953125
0.369,-3.0780029296875,-0.0750732421875,2.9278564453125
0.3695,-2.8778076171875,-0.7557373046875,3.4083251953125
0.37,-2.3172607421875,-1.5565185546875,3.6885986328125
0.3705,-1.7567138671875,-1.9569091796875,3.5684814453125
0.371,-0.9959716796875,-2.5174560546875,3.4083251953125
0.3715,-0.3153076171875,-3.0780029296875,3.2882080078125
0.372,0.4854736328125,-3.5584716796875,3.0079345703125
0.3725,1.2462158203125,-3.7987060546875,2.5274658203125
0.373,1.8468017578125,-4.0389404296875,2.2471923828125
0.3735,2.0870361328125,-3.7186279296875,1.6065673828125
0.374,2.6876220703125,-3.7586669921875,1.1260986328125
0.3745,3.0479736328125,-3.2381591796875,0.2852783203125
0.375,3.5284423828125,-2.9979248046875,-0.3953857421875
0.3755,3.6885986328125,-2.2772216796875,-1.2762451171875
0.376,3.8087158203125,-1.8768310546875,-1.7967529296875
0.3765,3.5284423828125,-1.1160888671875,-2.3172607421875
0.377,3.5284423828125,-0.6356201171875,-2.8377685546875
0.3775,3.1280517578125,0.2852783203125,-3.3582763671875
0.378,2.7677001953125,0.9659423828125,-3.7186279296875
0.3785,2.2872314453125,1.7266845703125,-3.9989013671875
0.379,1.5264892578125,2.0469970703125,-3.5985107421875
0.3795,0.8858642578125,2.7276611328125,-3.5985107421875
0.38,0.0850830078125,3.1280517578125,-3.1981201171875
0.3805,-0.6356201171875,3.5684814453125,-2.9979248046875
0.381,-1.3563232421875,3.7286376953125,-2.4774169921875
0.3815,-1.8367919921875,3.8087158203125,-2.0369873046875
0.382,-2.1571044921875,3.4884033203125,-1.4364013671875
0.3825,-2.6776123046875,3.5284423828125,-0.9559326171875
0.383,-3.0379638671875,2.9278564453125,-0.0350341796875
0.3835,-3.3983154296875,2.5675048828125,0.6055908203125
0.384,-3.5584716796875,1.9669189453125,1.4063720703125
0.3845,-3.3983154296875,1.4464111328125,1.7667236328125
0.385,-3.3182373046875,0.7657470703125,2.3272705078125
0.3855,-3.1580810546875,0.1251220703125,2.7677001953125
0.386,-2.8778076171875,-0.6356201171875,3.2882080078125
0.3865,-2.3572998046875,-1.3162841796875,3.5284423828125
0.387,-1.9569091796875,-1.9168701171875,3.6885986328125
0.3875,-1.1160888671875,-2.2772216796875,3.2481689453125
0.388,-0.5155029296875,-2.8778076171875,3.3682861328125
0.3885,0.2852783203125,-3.2781982421875,2.8878173828125
0.389,0.9659423828125,-3.7186279296875,2.6876220703125
0.3895,1.6466064453125,-3.8787841796875,2.2471923828125
0.39,1.9669189453125,-3.7586669921875,1.7667236328125
0.3905,2.3673095703125,-3.5584716796875,1.2462158203125
0.391,2.8077392578125,-3.3983154296875,0.6856689453125
0.3915,3.2081298828125,-2.9578857421875,-0.1551513671875
0.392,3.4884033203125,-2.5174560546875,-0.8358154296875
0.3925,3.7286376953125,-2.0770263671875,-1.5164794921875
0.393,3.4083251953125,-1.4364013671875,-1.8768310546875
0.3935,3.5284423828125,-0.9158935546875,-2.5574951171875
0.394,3.1280517578125,-0.1551513671875,-2.9578857421875
0.3945,3.0079345703125,0.6055908203125,-3.5184326171875
0.395,2.4874267578125,1.2862548828125,-3.7186279296875
0.3955,1.9669189453125,1.7667236328125,-3.7186279296875
0.396,1.2061767578125,2.2471923828125,-3.3983154296875
0.3965,0.6456298828125,2.8477783203125,-3.4783935546875
0.397,-0.1951904296875,3.2081298828125,-3.0379638671875
0.3975,-0.7957763671875,3.5684814453125,-2.7576904296875
0.398,-1.4764404296875,3.7686767578125,-2.3572998046875
0.3985,-1.7567138671875,3.4884033203125,-1.7967529296875
0.399,-2.3172607421875,3.5284423828125,-1.3162841796875
0.3995,-2.7176513671875,3.1680908203125,-0.5955810546875
0.4,-3.1981201171875,2.8077392578125,0.1651611328125
0.4005,-3.3582763671875,2.2872314453125,0.9259033203125
0.401,-3.5584716796875,1.8468017578125,1.4464111328125
0.4015,-3.1981201171875,1.1260986328125,1.9268798828125
0.402,-3.3582763671875,0.6456298828125,2.4874267578125
0.4025,-2.9178466796875,-0.1951904296875,2.9678955078125
0.403,-2.6776123046875,-0.8758544921875,3.4083251953125
0.4035,-2.1971435546875,-1.5965576171875,3.6485595703125
0.404,-1.4764404296875,-2.0369873046875,3.4083251953125
0.4045,-0.7957763671875,-2.5975341796875,3.2882080078125
0.405,-0.0750732421875,-3.1180419921875,3.1680908203125
0.4055,0.6856689453125,-3.5184326171875,2.7677001953125
0.406,1.2862548828125,-3.7987060546875,2.4073486328125
0.4065,1.9268798828125,-3.8787841796875,2.0069580078125
0.407,2.1671142578125,-3.5184326171875,1.4063720703125
0.4075,2.7276611328125,-3.5985107421875,0.9659423828125
0.408,3.0479736328125,-3.0379638671875,0.0450439453125
0.4085,3.4483642578125,-2.7176513671875,-0.6356201171875
0.409,3.6085205078125,-2.1170654296875,-1.3563232421875
0.4095,3.5284423828125,-1.6766357421875,-1.7967529296875
0.41,3.3282470703125,-0.9559326171875,-2.3172607421875
0.4105,3.3282470703125,-0.3953857421875,-2.8778076171875
0.411,2.9278564453125,0.4454345703125,-3.2781982421875
0.4115,2.6075439453125,1.0860595703125,-3.6385498046875
0.412,2.0870361328125,1.7266845703125,-3.7586669921875
0.4125,1.3262939453125,2.0469970703125,-3.3582763671875
0.413,0.7657470703125,2.6876220703125,-3.4383544921875
0.4135,0.0050048828125,3.0479736328125,-3.0780029296875
0.414,-0.6356201171875,3.4083251953125,-2.7977294921875
0.4145,-1.2762451171875,3.6085205078125,-2.3973388671875
0.415,-1.6365966796875,3.5684814453125,-1.9969482421875
0.4155,-1.9969482421875,3.2882080078125,-1.3963623046875
0.416,-2.5574951171875,3.3682861328125,-0.9959716796875
0.4165,-2.8778076171875,2.7276611328125,-0.0350341796875
0.417,-3.2781982421875,2.4874267578125,0.5655517578125
0.4175,-3.3983154296875,1.9268798828125,1.2462158203125
0.418,-3.2781982421875,1.3262939453125,1.4464111328125
0.4185,-3.1981201171875,0.8858642578125,2.1671142578125
0.419,-3.0780029296875,0.1651611328125,2.6876220703125
0.4195,-2.7576904296875,-0.5155029296875,3.1280517578125
0.42,-2.3973388671875,-1.1561279296875,3.4083251953125
0.4205,-1.8768310546875,-1.6766357421875,3.4083251953125
0.421,-1.1561279296875,-2.0770263671875,3.1680908203125
0.4215,-0.6356201171875,-2.7576904296875,3.2882080078125
0.422,0.2452392578125,-3.1981201171875,2.8477783203125
0.4225,0.8057861328125,-3.5584716796875,2.6876220703125
0.423,1.4063720703125,-3.7186279296875,2.2872314453125
0.4235,1.7266845703125,-3.5584716796875,1.8868408203125
0.424,2.2071533203125,-3.4783935546875,1.3262939453125
0.4245,2.6876220703125,-3.3182373046875,0.6856689453125
0.425,3.1280517578125,-2.8778076171875,-0.0750732421875
0.4255,3.3682861328125,-2.5975341796875,-0.7156982421875
0.426,3.5684814453125,-1.9569091796875,-1.3162841796875
0.4265,3.2882080078125,-1.4364013671875,-1.7567138671875
0.427,3.4483642578125,-0.9559326171875,-2.4373779296875
0.4275,3.1280517578125,-0.0750732421875,-2.9178466796875
0.428,2.8878173828125,0.5655517578125,-3.3582763671875
0.4285,2.4874267578125,1.2061767578125,-3.5584716796875
0.429,1.8868408203125,1.6065673828125,-3.4783935546875
0.4295,1.1661376953125,2.1270751953125,-3.2781982421875
0.43,0.6055908203125,2.7276611328125,-3.3182373046875
0.4305,-0.1951904296875,3.1280517578125,-2.8778076171875
0.431,-0.7156982421875,3.4483642578125,-2.7176513671875
0.4315,-1.3162841796875,3.5284423828125,-2.2772216796875
0.432,-1.5965576171875,3.3282470703125,-1.8367919921875
0.4325,-2.2371826171875,3.4083251953125,-1.2762451171875
0.433,-2.6375732421875,3.0479736328125,-0.4354248046875
0.4335,-2.9979248046875,2.6475830078125,0.1651611328125
0.434,-3.2781982421875,2.2071533203125,0.8057861328125
0.4345,-3.3182373046875,1.7667236328125,1.3262939453125
0.435,-3.1180419921875,1.1260986328125,1.8067626953125
0.4355,-3.2381591796875,0.6055908203125,2.4473876953125
0.436,-2.8377685546875,-0.2752685546875,2.9278564453125
0.4365,-2.5975341796875,-0.8758544921875,3.3282470703125
0.437,-2.0770263671875,-1.5565185546875,3.4884033203125
0.4375,-1.3963623046875,-1.9569091796875,3.2481689453125
0.438,-0.7557373046875,-2.5574951171875,3.2081298828125
0.4385,0.0050048828125,-3.0780029296875,3.0079345703125
0.439,0.7657470703125,-3.4383544921875,2.6475830078125
0.4395,1.2862548828125,-3.7186279296875,2.4073486328125
0.44,1.7667236328125,-3.7186279296875,1.9268798828125
0.4405,2.0870361328125,-3.4383544921875,1.4063720703125
0.441,2.5675048828125,-3.6385498046875,0.8858642578125
0.4415,3.0479736328125,-2.8778076171875,-0.0350341796875
0.442,3.4083251953125,-2.6375732421875,-0.6756591796875
0.4425,3.5284423828125,-2.0369873046875,-1.3963623046875
0.443,3.4483642578125,-1.5164794921875,-1.7967529296875
0.4435,3.3282470703125,-0.8358154296875,-2.3572998046875
0.444,3.2481689453125,-0.1951904296875,-2.9178466796875
0.4445,2.8077392578125,0.6055908203125,-3.3182373046875
0.445,2.5274658203125,1.2061767578125,-3.6385498046875
0.4455,1.9268798828125,1.7667236328125,-3.6385498046875
0.446,1.1260986328125,2.1671142578125,-3.3182373046875
0.4465,0.6055908203125,2.8077392578125,-3.3983154296875
0.447,-0.2752685546875,3.1680908203125,-2.9178466796875
0.4475,-0.8358154296875,3.4884033203125,-2.6375732421875
0.448,-1.4364013671875,3.6485595703125,-2.2772216796875
0.4485,-1.7967529296875,3.4884033203125,-1.7967529296875
0.449,-2.2772216796875,3.1280517578125,-1.2362060546875
0.4495,-2.7576904296875,3.2081298828125,-0.6356201171875
0.45,-3.0780029296875,2.5274658203125,0.2852783203125
0.4505,-3.3582763671875,2.3272705078125,0.8458251953125
0.451,-3.3983154296875,1.6866455078125,1.5665283203125
0.4515,-3.1981201171875,1.1260986328125,1.9268798828125
0.452,-3.1981201171875,0.5255126953125,2.4874267578125
0.4525,-2.9178466796875,-0.2752685546875,3.0079345703125
0.453,-2.5574951171875,-0.9959716796875,3.3282470703125
0.4535,-2.0770263671875,-1.5565185546875,3.5284423828125
0.454,-1.4364013671875,-2.0770263671875,3.4083251953125
0.4545,-0.7156982421875,-2.5174560546875,3.1680908203125
0.455,-0.0750732421875,-3.1580810546875,3.2081298828125
0.4555,0.8057861328125,-3.5184326171875,2.6075439453125
0.456,1.2862548828125,-3.7586669921875,2.4073486328125
0.4565,1.9268798828125,-3.7987060546875,1.9268798828125
0.457,2.2071533203125,-3.5985107421875,1.3262939453125
0.4575,2.6475830078125,-3.4783935546875,0.8057861328125
0.458,3.1280517578125,-3.1580810546875,0.0450439453125
0.4585,3.3682861328125,-2.5174560546875,-0.7557373046875
0.459,3.6085205078125,-2.1971435546875,-1.3162841796875
0.4595,3.5684814453125,-1.5164794921875,-1.9569091796875
0.46,3.3282470703125,-0.9158935546875,-2.3172607421875
0.4605,3.3682861328125,-0.3153076171875,-2.9578857421875
0.461,2.8878173828125,0.6055908203125,-3.3582763671875
0.4615,2.5675048828125,1.2061767578125,-3.6785888671875
0.462,1.9669189453125,1.8067626953125,-3.7186279296875
0.4625,1.2862548828125,2.2471923828125,-3.4783935546875
0.463,0.6055908203125,2.6876220703125,-3.2781982421875
0.4635,-0.0350341796875,3.2481689453125,-3.1981201171875
0.464,-0.9559326171875,3.4884033203125,-2.5574951171875
0.4645,-1.3563232421875,3.6885986328125,-2.3973388671875
0.465,-1.9569091796875,3.6085205078125,-1.7967529296875
0.4655,-2.2371826171875,3.3282470703125,-1.2362060546875
0.466,-2.7576904296875,3.2481689453125,-0.6756591796875
0.4665,-3.0780029296875,2.6876220703125,0.2052001953125
0.467,-3.3582763671875,2.2872314453125,0.8858642578125
0.4675,-3.4783935546875,1.8468017578125,1.4864501953125
0.468,-3.3582763671875,1.2061767578125,1.9268798828125
0.4685,-3.1580810546875,0.6055908203125,2.4073486328125
0.469,-3.1180419921875,-0.0350341796875,3.0079345703125
0.4695,-2.5574951171875,-0.9559326171875,3.3282470703125
0.47,-2.2371826171875,-1.4364013671875,3.5684814453125
0.4705,-1.5565185546875,-2.0369873046875,3.4884033203125
0.471,-0.8358154296875,-2.5174560546875,3.2481689453125
0.4715,-0.1951904296875,-3.0780029296875,3.1680908203125
0.472,0.6456298828125,-3.5184326171875,2.8077392578125
0.4725,1.3663330078125,-3.7586669921875,2.3673095703125
0.473,1.7667236328125,-3.8387451171875,2.0870361328125
0.4735,2.2471923828125,-3.7586669921875,1.5264892578125
0.474,2.5274658203125,-3.4783935546875,0.9259033203125
0.4745,3.0880126953125,-3.3582763671875,0.3253173828125
0.475,3.3282470703125,-2.5975341796875,-0.6356201171875
0.4755,3.6085205078125,-2.3172607421875,-1.1961669921875
0.476,3.6485595703125,-1.6766357421875,-1.8367919921875
0.4765,3.4483642578125,-1.0760498046875,-2.2772216796875
0.477,3.3282470703125,-0.4354248046875,-2.7576904296875
0.4775,3.1280517578125,0.2852783203125,-3.2781982421875
0.478,2.6075439453125,1.1260986328125,-3.6785888671875
0.4785,2.2471923828125,1.5665283203125,-3.7987060546875
0.479,1.5264892578125,2.1671142578125,-3.6785888671875
0.4795,0.7657470703125,2.5675048828125,-3.3582763671875
0.48,0.1651611328125,3.1680908203125,-3.3182373046875
0.4805,-0.7156982421875,3.4483642578125,-2.7576904296875
0.481,-1.2762451171875,3.7286376953125,-2.5174560546875
0.4815,-1.7567138671875,3.6485595703125,-1.9969482421875
0.482,-2.1971435546875,3.5284423828125,-1.4364013671875
0.4825,-2.5574951171875,3.2481689453125,-0.8358154296875
0.483,-3.1180419921875,3.0880126953125,-0.1551513671875
0.4835,-3.2781982421875,2.3673095703125,0.7657470703125
0.484,-3.5584716796875,2.0870361328125,1.2862548828125
0.4845,-3.4783935546875,1.3663330078125,1.9268798828125
0.485,-3.2381591796875,0.7657470703125,2.2872314453125
0.4855,-3.1981201171875,0.1251220703125,2.8477783203125
0.486,-2.7576904296875,-0.6756591796875,3.3282470703125
0.4865,-2.3172607421875,-1.4364013671875,3.6485595703125
0.487,-1.7567138671875,-1.9569091796875,3.5684814453125
0.4875,-1.0360107421875,-2.5174560546875,3.4884033203125
0.488,-0.3153076171875,-2.9178466796875,3.1680908203125
0.4885,0.3653564453125,-3.5584716796875,3.1280517578125
0.489,1.3262939453125,-3.7586669921875,2.4073486328125
0.4895,1.7667236328125,-3.9989013671875,2.2071533203125
0.49,2.2471923828125,-3.8387451171875,1.5665283203125
0.4905,2.6075439453125,-3.5985107421875,1.0059814453125
0.491,3.0479736328125,-3.3582763671875,0.3653564453125
0.4915,3.4884033203125,-2.9178466796875,-0.4754638671875
0.492,3.6885986328125,-2.2772216796875,-1.3162841796875
0.4925,3.8087158203125,-1.8367919921875,-1.7967529296875
0.493,3.6485595703125,-1.1160888671875,-2.4373779296875
0.4935,3.3682861328125,-0.4354248046875,-2.8377685546875
0.494,3.2481689453125,0.2452392578125,-3.4383544921875
0.4945,2.6876220703125,1.2061767578125,-3.7987060546875
0.495,2.2872314453125,1.8067626953125,-4.0389404296875
0.4955,1.5264892578125,2.2872314453125,-3.7987060546875
0.496,0.7657470703125,2.8477783203125,-3.6385498046875
0.4965,0.0450439453125,3.2081298828125,-3.2781982421875
0.497,-0.7156982421875,3.7686767578125,-3.0780029296875
0.4975,-1.6365966796875,3.8887939453125,-2.2772216796875
0.498,-2.0369873046875,3.8887939453125,-1.9969482421875
0.4985,-2.5574951171875,3.6885986328125,-1.2762451171875
0.499,-2.9178466796875,3.4483642578125,-0.6356201171875
0.4995,-3.3582763671875,3.1680908203125,0.0450439453125
0.5,-3.6785888671875,2.4473876953125,0.9659423828125
0.5005,-3.8787841796875,1.9268798828125,1.7667236328125
0.501,-3.6785888671875,1.2862548828125,2.2071533203125
0.5015,-3.5584716796875,0.5655517578125,2.8077392578125
0.502,-3.1580810546875,-0.1151123046875,3.1680908203125
0.5025,-2.9578857421875,-0.9158935546875,3.6885986328125
0.503,-2.1971435546875,-1.8768310546875,3.9688720703125
0.5035,-1.7567138671875,-2.3973388671875,4.0089111328125
0.504,-0.8358154296875,-2.8778076171875,3.6485595703125
0.5045,-0.1151123046875,-3.3983154296875,3.4483642578125
0.505,0.6856689453125,-3.7987060546875,3.0479736328125
0.5055,1.5665283203125,-4.1990966796875,2.5675048828125
0.506,2.4073486328125,-4.3592529296875,1.9268798828125
0.5065,2.6876220703125,-4.0389404296875,1.3663330078125
0.507,3.2081298828125,-3.8787841796875,0.7657470703125
0.5075,3.4483642578125,-3.3983154296875,0.0450439453125
0.508,3.8887939453125,-3.0780029296875,-0.6756591796875
0.5085,4.0089111328125,-2.1971435546875,-1.6766357421875
0.509,4.1690673828125,-1.6766357421875,-2.3973388671875
0.5095,3.8087158203125,-0.8758544921875,-2.7977294921875
0.51,3.6885986328125,-0.2352294921875,-3.3582763671875
0.5105,3.2481689453125,0.5255126953125,-3.6385498046875
0.511,2.8878173828125,1.2862548828125,-4.1190185546875
0.5115,2.1671142578125,2.2471923828125,-4.3592529296875
0.512,1.5665283203125,2.6075439453125,-4.1590576171875
0.5125,0.6456298828125,3.1680908203125,-3.7987060546875
0.513,-0.0750732421875,3.5684814453125,-3.5184326171875
0.5135,-0.8758544921875,3.8887939453125,-3.1180419921875
0.514,-1.7166748046875,4.1290283203125,-2.4373779296875
0.5145,-2.4774169921875,4.3292236328125,-1.9569091796875
0.515,-2.7576904296875,3.8087158203125,-1.1961669921875
0.5155,-3.2781982421875,3.7686767578125,-0.6356201171875
0.516,-3.5184326171875,3.1680908203125,0.1251220703125
0.5165,-3.9188232421875,2.8477783203125,0.8858642578125
0.517,-4.0389404296875,1.9268798828125,1.9268798828125
0.5175,-4.0389404296875,1.4063720703125,2.4874267578125
0.518,-3.5985107421875,0.5655517578125,2.8477783203125
0.5185,-3.4783935546875,-0.0350341796875,3.3682861328125
0.519,-3.0379638671875,-0.8758544921875,3.7286376953125
0.5195,-2.5174560546875,-1.6766357421875,4.0889892578125
0.52,-1.8768310546875,-2.5574951171875,4.2891845703125
0.5205,-1.0360107421875,-2.8778076171875,3.8487548828125
0.521,-0.2752685546875,-3.4783935546875,3.6885986328125
0.5215,0.5655517578125,-3.8787841796875,3.2081298828125
0.522,1.3262939453125,-4.2791748046875,2.8477783203125
0.5225,2.2471923828125,-4.3592529296875,2.0870361328125
0.523,2.8477783203125,-4.4393310546875,1.6466064453125
0.5235,3.0479736328125,-3.8387451171875,0.8458251953125
0.524,3.5684814453125,-3.7987060546875,0.3253173828125
0.5245,3.7686767578125,-3.1180419921875,-0.5155029296875
0.525,4.1290283203125,-2.7176513671875,-1.3162841796875
0.5255,4.2091064453125,-1.8367919921875,-2.2772216796875
0.526,4.0889892578125,-1.2362060546875,-2.7176513671875
0.5265,3.7286376953125,-0.3953857421875,-3.1981201171875
0.527,3.5284423828125,0.2052001953125,-3.5985107421875
0.5275,3.0479736328125,1.0460205078125,-3.9989013671875
0.528,2.4874267578125,1.8468017578125,-4.1990966796875
0.5285,1.9268798828125,2.5274658203125,-4.4393310546875
0.529,0.9259033203125,2.8477783203125,-3.7987060546875
0.5295,0.2852783203125,3.4483642578125,-3.7987060546875
0.53,-0.5955810546875,3.6885986328125,-3.1981201171875
0.5305,-1.3162841796875,4.0889892578125,-2.8778076171875
0.531,-2.1170654296875,4.1690673828125,-2.1170654296875
0.5315,-2.5975341796875,4.0889892578125,-1.5965576171875
0.532,-2.8778076171875,3.6485595703125,-0.8758544921875
0.5325,-3.3582763671875,3.5284423828125,-0.3153076171875
0.533,-3.5985107421875,2.8477783203125,0.5655517578125
0.5335,-3.9188232421875,2.4073486328125,1.3262939453125
0.534,-4.0389404296875,1.6866455078125,2.1671142578125
0.5345,-3.7186279296875,0.9659423828125,2.5274658203125
0.535,-3.5584716796875,0.2852783203125,3.0880126953125
0.5355,-3.1981201171875,-0.4354248046875,3.4884033203125
0.536,-2.8377685546875,-1.2362060546875,3.8887939453125
0.5365,-2.1971435546875,-2.0369873046875,4.0889892578125
0.537,-1.5965576171875,-2.6776123046875,4.1290283203125
0.5375,-0.6356201171875,-3.0780029296875,3.5284423828125
0.538,0.0050048828125,-3.6785888671875,3.6485595703125
0.5385,0.9659423828125,-3.9989013671875,2.9278564453125
0.539,1.7266845703125,-4.2791748046875,2.5675048828125
0.5395,2.5274658203125,-4.4393310546875,1.9268798828125
0.54,2.8878173828125,-4.0789794921875,1.2862548828125
0.5405,3.2882080078125,-3.8387451171875,0.6055908203125
0.541,3.6885986328125,-3.5184326171875,-0.0350341796875
0.5415,3.9688720703125,-2.8778076171875,-0.9959716796875
0.542,4.1290283203125,-2.2772216796875,-1.7567138671875
0.5425,4.2891845703125,-1.5965576171875,-2.5574951171875
0.543,3.7286376953125,-0.6756591796875,-2.9178466796875
0.5435,3.7686767578125,-0.1551513671875,-3.5184326171875
0.544,3.1680908203125,0.7657470703125,-3.8387451171875
0.5445,2.8077392578125,1.5264892578125,-4.2391357421875
0.545,2.0870361328125,2.3272705078125,-4.3592529296875
0.5455,1.3663330078125,2.8077392578125,-4.1590576171875
0.546,0.4454345703125,3.1680908203125,-3.6385498046875
0.5465,-0.1951904296875,3.6885986328125,-3.5584716796875
0.547,-1.2362060546875,3.9688720703125,-2.8377685546875
0.5475,-1.7967529296875,4.1690673828125,-2.4373779296875
0.548,-2.5574951171875,4.2491455078125,-1.7967529296875
0.5485,-2.8778076171875,3.7286376953125,-1.0360107421875
0.549,-3.3182373046875,3.6885986328125,-0.5155029296875
0.5495,-3.6385498046875,3.1280517578125,0.3253173828125
0.55,-3.8787841796875,2.5274658203125,1.1661376953125
0.5505,-3.9989013671875,1.8868408203125,1.9268798828125
0.551,-4.0389404296875,1.2462158203125,2.6075439453125
0.5515,-3.4783935546875,0.3253173828125,2.8878173828125
0.552,-3.5584716796875,-0.1551513671875,3.4884033203125
0.5525,-2.8377685546875,-1.1561279296875,3.8087158203125
0.553,-2.4373779296875,-1.7967529296875,4.1290283203125
0.5535,-1.6766357421875,-2.5975341796875,4.1690673828125
0.554,-0.8358154296875,-3.0379638671875,3.7686767578125
0.5545,-0.0750732421875,-3.5184326171875,3.4884033203125
0.555,0.6856689453125,-3.9588623046875,3.2081298828125
0.5555,1.6065673828125,-4.1990966796875,2.5675048828125
0.556,2.2071533203125,-4.3192138671875,2.1671142578125
0.5565,2.8477783203125,-4.3192138671875,1.5665283203125
0.557,3.0479736328125,-3.7186279296875,0.7657470703125
0.5575,3.5684814453125,-3.7186279296875,0.2852783203125
0.558,3.8487548828125,-2.9578857421875,-0.7156982421875
0.5585,4.0889892578125,-2.5174560546875,-1.4364013671875
0.559,4.1290283203125,-1.7967529296875,-2.2371826171875
0.5595,3.9688720703125,-1.1160888671875,-2.7176513671875
0.56,3.5284423828125,-0.3153076171875,-3.1580810546875
0.5605,3.4884033203125,0.2452392578125,-3.5985107421875
0.561,2.8077392578125,1.2462158203125,-3.9588623046875
0.5615,2.4073486328125,1.7667236328125,-4.1990966796875
0.562,1.7266845703125,2.4874267578125,-4.1990966796875
0.5625,0.8057861328125,2.8077392578125,-3.6785888671875
0.563,0.2052001953125,3.3682861328125,-3.5985107421875
0.5635,-0.6756591796875,3.7286376953125,-3.0780029296875
0.564,-1.3963623046875,3.9688720703125,-2.5975341796875
0.5645,-1.9569091796875,4.0089111328125,-2.1971435546875
0.565,-2.4373779296875,3.8887939453125,-1.5965576171875
0.5655,-2.7176513671875,3.4884033203125,-0.8758544921875
0.566,-3.2381591796875,3.4884033203125,-0.3953857421875
0.5665,-3.4783935546875,2.6876220703125,0.6055908203125
0.567,-3.7987060546875,2.3673095703125,1.2462158203125
0.5675,-3.8387451171875,1.6065673828125,1.9669189453125
0.568,-3.5584716796875,1.0059814453125,2.2872314453125
0.5685,-3.3582763671875,0.3253173828125,2.8477783203125
0.569,-3.1580810546875,-0.3553466796875,3.3282470703125
0.5695,-2.6375732421875,-1.2362060546875,3.6885986328125
0.57,-2.1971435546875,-1.8367919921875,3.8487548828125
0.5705,-1.5565185546875,-2.4373779296875,3.8087158203125
0.571,-0.6756591796875,-2.7977294921875,3.3682861328125
0.5715,-0.0750732421875,-3.4783935546875,3.4884033203125
0.572,0.9259033203125,-3.7987060546875,2.8077392578125
0.5725,1.5264892578125,-4.0389404296875,2.5274658203125
0.573,2.0870361328125,-4.1190185546875,2.0469970703125
0.5735,2.4874267578125,-3.8787841796875,1.4063720703125
0.574,2.8477783203125,-3.5584716796875,0.7657470703125
0.5745,3.3682861328125,-3.3983154296875,0.1251220703125
0.575,3.6085205078125,-2.6776123046875,-0.7957763671875
0.5755,3.8487548828125,-2.3572998046875,-1.3563232421875
0.576,3.8887939453125,-1.6365966796875,-2.1170654296875
0.5765,3.5284423828125,-0.9559326171875,-2.4774169921875
0.577,3.5684814453125,-0.3153076171875,-3.0780029296875
0.5775,3.0880126953125,0.4854736328125,-3.5184326171875
0.578,2.6876220703125,1.1661376953125,-3.8787841796875
0.5785,2.1671142578125,1.7667236328125,-3.9989013671875
0.579,1.4864501953125,2.2872314453125,-3.7987060546875
0.5795,0.6856689453125,2.6876220703125,-3.3983154296875
0.58,0.0850830078125,3.3282470703125,-3.3983154296875
0.5805,-0.7957763671875,3.5684814453125,-2.7576904296875
0.581,-1.3162841796875,3.8087158203125,-2.5574951171875
0.5815,-1.9569091796875,3.7686767578125,-1.9569091796875
0.582,-2.1971435546875,3.5284423828125,-1.3963623046875
0.5825,-2.7176513671875,3.4083251953125,-0.8358154296875
0.583,-3.0780029296875,2.9678955078125,-0.0350341796875
0.5835,-3.3582763671875,2.4874267578125,0.6856689453125
0.584,-3.5584716796875,2.0870361328125,1.2862548828125
0.5845,-3.5184326171875,1.4864501953125,1.8468017578125
0.585,-3.1981201171875,0.8057861328125,2.2471923828125
0.5855,-3.3182373046875,0.2452392578125,2.8477783203125
0.586,-2.7576904296875,-0.6756591796875,3.2081298828125
0.5865,-2.5574951171875,-1.2362060546875,3.5284423828125
0.587,-1.8768310546875,-1.8768310546875,3.6085205078125
0.5875,-1.2362060546875,-2.2772216796875,3.3682861328125
0.588,-0.5155029296875,-2.8377685546875,3.2481689453125
0.5885,0.2052001953125,-3.3582763671875,3.0880126953125
0.589,1.0059814453125,-3.6385498046875,2.5675048828125
0.5895,1.4464111328125,-3.8787841796875,2.4473876953125
0.59,2.0069580078125,-3.8387451171875,1.8468017578125
0.5905,2.2872314453125,-3.5584716796875,1.2862548828125
0.591,2.9278564453125,-3.5584716796875,0.6856689453125
0.5915,3.2481689453125,-2.9178466796875,-0.1951904296875
0.592,3.5684814453125,-2.5975341796875,-0.8358154296875
0.5925,3.6885986328125,-2.0770263671875,-1.5164794921875
0.593,3.5684814453125,-1.4764404296875,-1.9569091796875
0.5935,3.4083251953125,-0.7957763671875,-2.5174560546875
0.594,3.3282470703125,-0.1951904296875,-3.1180419921875
0.5945,2.8477783203125,0.7257080078125,-3.5584716796875
0.595,2.5675048828125,1.2862548828125,-3.7987060546875
0.5955,1.9268798828125,1.9268798828125,-3.7586669921875
0.596,1.1260986328125,2.3272705078125,-3.4783935546875
0.5965,0.5255126953125,2.9278564453125,-3.4383544921875
0.597,-0.3553466796875,3.3682861328125,-3.0379638671875
0.5975,-0.9959716796875,3.6085205078125,-2.6776123046875
0.598,-1.4764404296875,3.7286376953125,-2.3172607421875
0.5985,-1.9569091796875,3.6485595703125,-1.7567138671875
0.599,-2.3172607421875,3.3282470703125,-1.1561279296875
0.5995,-2.9178466796875,3.3282470703125,-0.5155029296875
0.6,-3.1981201171875,2.5274658203125,0.4454345703125
0.6005,-3.4783935546875,2.3272705078125,0.9659423828125
0.601,-3.4783935546875,1.6065673828125,1.6466064453125
0.6015,-3.2781982421875,1.0460205078125,2.0069580078125
0.602,-3.1981201171875,0.3653564453125,2.5675048828125
0.6025,-2.9578857421875,-0.3553466796875,3.0880126953125
0.603,-2.4774169921875,-1.1160888671875,3.4083251953125
0.6035,-2.0770263671875,-1.5965576171875,3.5684814453125
0.604,-1.3963623046875,-2.1571044921875,3.4483642578125
0.6045,-0.6356201171875,-2.5574951171875,3.1680908203125
0.605,-0.0350341796875,-3.1981201171875,3.1680908203125
0.6055,0.9259033203125,-3.5584716796875,2.5675048828125
0.606,1.3262939453125,-3.7987060546875,2.4073486328125
0.6065,1.8468017578125,-3.7586669921875,1.9268798828125
0.607,2.2071533203125,-3.5985107421875,1.4063720703125
0.6075,2.6075439453125,-3.3582763671875,0.8057861328125
0.608,3.1280517578125,-3.1580810546875,0.1251220703125
0.6085,3.3282470703125,-2.5174560546875,-0.7156982421875
0.609,3.5684814453125,-2.2772216796875,-1.2362060546875
0.6095,3.5284423828125,-1.5965576171875,-1.8768310546875
0.61,3.3282470703125,-0.9959716796875,-2.2371826171875
0.6105,3.3282470703125,-0.3953857421875,-2.8778076171875
0.611,2.9278564453125,0.4854736328125,-3.2781982421875
0.6115,2.6475830078125,1.0860595703125,-3.6385498046875
0.612,2.1270751953125,1.5665283203125,-3.6385498046875
0.6125,1.4464111328125,2.0870361328125,-3.5184326171875
0.613,0.7657470703125,2.5274658203125,-3.2781982421875
0.6135,0.0850830078125,3.1680908203125,-3.2381591796875
0.614,-0.7557373046875,3.3682861328125,-2.6776123046875
0.6145,-1.1561279296875,3.6485595703125,-2.5574951171875
0.615,-1.6766357421875,3.5284423828125,-1.9569091796875
0.6155,-2.0369873046875,3.4083251953125,-1.4364013671875
0.616,-2.5975341796875,3.3282470703125,-0.8358154296875
0.6165,-2.9578857421875,2.8477783203125,-0.0350341796875
0.617,-3.2781982421875,2.4073486328125,0.6456298828125
0.6175,-3.4383544921875,2.0069580078125,1.2061767578125
0.618,-3.3582763671875,1.4063720703125,1.7667236328125
0.6185,-3.1981201171875,0.7657470703125,2.1671142578125
0.619,-3.1981201171875,0.1251220703125,2.8477783203125
0.6195,-2.6375732421875,-0.7156982421875,3.2081298828125
0.62,-2.4373779296875,-1.2762451171875,3.5284423828125
0.6205,-1.7166748046875,-1.8367919921875,3.4483642578125
0.621,-1.0360107421875,-2.3172607421875,3.3282470703125
0.6215,-0.3553466796875,-2.8778076171875,3.1680908203125
0.622,0.4053955078125,-3.3983154296875,2.9278564453125
0.6225,1.1661376953125,-3.6785888671875,2.4874267578125
0.623,1.5264892578125,-3.7586669921875,2.2471923828125
0.6235,2.0469970703125,-3.7186279296875,1.6466064453125
0.624,2.3673095703125,-3.3983154296875,1.0860595703125
0.6245,2.9678955078125,-3.3582763671875,0.4454345703125
0.625,3.2081298828125,-2.6375732421875,-0.4354248046875
0.6255,3.5284423828125,-2.4373779296875,-1.0360107421875
0.626,3.4884033203125,-1.7967529296875,-1.6365966796875
0.6265,3.4483642578125,-1.2762451171875,-2.1170654296875
0.627,3.2481689453125,-0.5955810546875,-2.5574951171875
0.6275,3.1280517578125,0.1251220703125,-3.1580810546875
0.628,2.6075439453125,0.9259033203125,-3.4783935546875
0.6285,2.2872314453125,1.3663330078125,-3.6385498046875
0.629,1.5665283203125,1.9268798828125,-3.5184326171875
0.6295,0.9259033203125,2.3673095703125,-3.2781982421875
0.63,0.2852783203125,2.9278564453125,-3.2381591796875
0.6305,-0.5155029296875,3.2481689453125,-2.7576904296875
0.631,-1.0360107421875,3.5284423828125,-2.5574951171875
0.6315,-1.4364013671875,3.4483642578125,-2.1170654296875
0.632,-1.8768310546875,3.4884033203125,-1.6365966796875
0.6325,-2.2371826171875,3.1680908203125,-1.0360107421875
0.633,-2.8377685546875,3.0880126953125,-0.3553466796875
0.6335,-3.0379638671875,2.3673095703125,0.4454345703125
0.634,-3.3582763671875,2.2471923828125,0.8858642578125
0.6345,-3.2381591796875,1.5665283203125,1.4464111328125
0.635,-3.1580810546875,1.1260986328125,1.9268798828125
0.6355,-3.0780029296875,0.4053955078125,2.5274658203125
0.636,-2.8377685546875,-0.3153076171875,2.9678955078125
0.6365,-2.5174560546875,-0.9959716796875,3.3282470703125
0.637,-1.9969482421875,-1.4364013671875,3.3282470703125
0.6375,-1.3963623046875,-1.9969482421875,3.3282470703125
0.638,-0.6756591796875,-2.4774169921875,3.0880126953125
0.6385,-0.0350341796875,-3.1580810546875,3.1280517578125
0.639,0.7657470703125,-3.3582763671875,2.5274658203125
0.6395,1.2061767578125,-3.7186279296875,2.5274658203125
0.64,1.5665283203125,-3.5584716796875,1.9268798828125
0.6405,2.0069580078125,-3.5584716796875,1.5665283203125
0.641,2.4874267578125,-3.2781982421875,0.8858642578125
0.6415,3.0079345703125,-3.0780029296875,0.1251220703125
0.642,3.2481689453125,-2.5574951171875,-0.6356201171875
0.6425,3.4083251953125,-2.2772216796875,-1.1561279296875
0.643,3.3682861328125,-1.5965576171875,-1.6766357421875
0.6435,3.2882080078125,-1.0360107421875,-2.1571044921875
0.644,3.2481689453125,-0.3153076171875,-2.8377685546875
0.6445,2.8477783203125,0.4053955078125,-3.1981201171875
0.645,2.6876220703125,0.9659423828125,-3.5985107421875
0.6455,2.0069580078125,1.4464111328125,-3.4383544921875
0.646,1.4063720703125,2.0069580078125,-3.4383544921875
0.6465,0.6856689453125,2.5274658203125,-3.1981201171875
0.647,0.0450439453125,3.1280517578125,-3.1981201171875
0.6475,-0.6756591796875,3.2882080078125,-2.5975341796875
0.648,-1.0760498046875,3.5284423828125,-2.5174560546875
0.6485,-1.5965576171875,3.4083251953125,-1.9168701171875
0.649,-1.9569091796875,3.3282470703125,-1.4364013671875
0.6495,-2.5574951171875,3.1680908203125,-0.7557373046875
0.65,-2.8778076171875,2.6475830078125,0.0050048828125
0.6505,-3.2781982421875,2.3673095703125,0.6456298828125
0.651,-3.2381591796875,1.8868408203125,1.2061767578125
0.6515,-3.2781982421875,1.3663330078125,1.7266845703125
0.652,-3.0780029296875,0.6856689453125,2.2071533203125
0.6525,-3.0780029296875,0.0050048828125,2.8878173828125
0.653,-2.5574951171875,-0.7957763671875,3.1680908203125
0.6535,-2.2772216796875,-1.3162841796875,3.4884033203125
0.654,-1.5164794921875,-1.8367919921875,3.2481689453125
0.6545,-0.9559326171875,-2.3973388671875,3.2081298828125
0.655,-0.1951904296875,-2.9178466796875,3.0479736328125
0.6555,0.5655517578125,-3.3983154296875,2.7677001953125
0.656,1.2462158203125,-3.6785888671875,2.4073486328125
0.6565,1.5665283203125,-3.6385498046875,2.0469970703125
0.657,2.0469970703125,-3.5985107421875,1.5665283203125
0.6575,2.4473876953125,-3.3582763671875,0.9659423828125
0.658,3.0479736328125,-3.1981201171875,0.2452392578125
0.6585,3.1680908203125,-2.5574951171875,-0.6356201171875
0.659,3.5684814453125,-2.2772216796875,-1.1561279296875
0.6595,3.3282470703125,-1.5965576171875,-1.6766357421875
0.66,3.4083251953125,-1.1160888671875,-2.1971435546875
0.6605,3.1680908203125,-0.3553466796875,-2.6776123046875
0.661,3.0079345703125,0.3253173828125,-3.1981201171875
0.6615,2.5274658203125,1.0860595703125,-3.5184326171875
0.662,2.1270751953125,1.5264892578125,-3.5584716796875
0.6625,1.3262939453125,2.0469970703125,-3.3983154296875
0.663,0.7657470703125,2.5274658203125,-3.2381591796875
0.6635,0.0450439453125,3.0479736328125,-3.1580810546875
0.664,-0.7156982421875,3.3282470703125,-2.5975341796875
0.6645,-1.2362060546875,3.6085205078125,-2.4373779296875
0.665,-1.5965576171875,3.3682861328125,-1.8768310546875
0.6655,-2.0770263671875,3.4483642578125,-1.4764404296875
0.666,-2.4774169921875,3.0479736328125,-0.7557373046875
0.6665,-3.0379638671875,2.8878173828125,-0.0350341796875
0.667,-3.1981201171875,2.2071533203125,0.7657470703125
0.6675,-3.4383544921875,2.0069580078125,1.2462158203125
0.668,-3.1981201171875,1.2462158203125,1.7667236328125
0.6685,-3.1981201171875,0.7657470703125,2.2471923828125
0.669,-2.9979248046875,0.0050048828125,2.8077392578125
0.6695,-2.6375732421875,-0.7156982421875,3.2081298828125
0.67,-2.2772216796875,-1.3563232421875,3.5284423828125
0.6705,-1.6365966796875,-1.7967529296875,3.3282470703125
0.671,-0.9959716796875,-2.4373779296875,3.3282470703125
0.6715,-0.2752685546875,-2.8778076171875,3.0479736328125
0.672,0.4454345703125,-3.4383544921875,2.9278564453125
0.6725,1.2862548828125,-3.6385498046875,2.3673095703125
0.673,1.6866455078125,-3.8787841796875,2.1671142578125
0.6735,2.0469970703125,-3.5584716796875,1.4464111328125
0.674,2.5274658203125,-3.5985107421875,1.1260986328125
0.6745,2.8878173828125,-3.1981201171875,0.2852783203125
0.675,3.3282470703125,-2.7576904296875,-0.4754638671875
0.6755,3.5284423828125,-2.1971435546875,-1.2362060546875
0.676,3.5684814453125,-1.7567138671875,-1.6766357421875
0.6765,3.4483642578125,-1.0360107421875,-2.2772216796875
0.677,3.2882080078125,-0.4754638671875,-2.7176513671875
0.6775,3.0880126953125,0.2852783203125,-3.2781982421875
0.678,2.6075439453125,1.0860595703125,-3.5985107421875
0.6785,2.2471923828125,1.6065673828125,-3.7987060546875
0.679,1.4063720703125,2.0469970703125,-3.4383544921875
0.6795,0.8458251953125,2.6075439453125,-3.4783935546875
0.68,0.0450439453125,3.0079345703125,-3.0780029296875
0.6805,-0.5955810546875,3.4884033203125,-2.8778076171875
0.681,-1.3563232421875,3.6485595703125,-2.3172607421875
0.6815,-1.7166748046875,3.5684814453125,-1.9969482421875
0.682,-2.1971435546875,3.3682861328125,-1.3563232421875
0.6825,-2.5574951171875,3.2481689453125,-0.8758544921875
0.683,-2.9979248046875,2.8878173828125,-0.0350341796875
0.6835,-3.2781982421875,2.4073486328125,0.6856689453125
0.684,-3.5184326171875,1.9268798828125,1.3262939453125
0.6845,-3.2381591796875,1.3262939453125,1.7667236328125
0.685,-3.2781982421875,0.8057861328125,2.2872314453125
0.6855,-2.9578857421875,0.0450439453125,2.7276611328125
0.686,-2.7977294921875,-0.6356201171875,3.2481689453125
0.6865,-2.2772216796875,-1.3963623046875,3.5284423828125
0.687,-1.8367919921875,-1.8768310546875,3.5284423828125
0.6875,-0.9959716796875,-2.3172607421875,3.2481689453125
0.688,-0.4354248046875,-2.8377685546875,3.2081298828125
0.6885,0.3653564453125,-3.2781982421875,2.8477783203125
0.689,1.0460205078125,-3.6385498046875,2.5274658203125
0.6895,1.7266845703125,-3.8787841796875,2.1671142578125
0.69,1.9268798828125,-3.6385498046875,1.6866455078125
0.6905,2.4874267578125,-3.6385498046875,1.1260986328125
0.691,2.8077392578125,-3.2381591796875,0.5255126953125
0.6915,3.3282470703125,-2.9578857421875,-0.1951904296875
0.692,3.4884033203125,-2.3172607421875,-1.0360107421875
0.6925,3.6885986328125,-1.9569091796875,-1.5965576171875
0.693,3.3282470703125,-1.1961669921875,-2.0369873046875
0.6935,3.4884033203125,-0.7957763671875,-2.5975341796875
0.694,3.0880126953125,0.0450439453125,-3.0780029296875
0.6945,2.8878173828125,0.7257080078125,-3.5184326171875
0.695,2.3673095703125,1.4864501953125,-3.7987060546875
0.6955,1.8067626953125,1.8468017578125,-3.5985107421875
0.696,1.0460205078125,2.4073486328125,-3.4783935546875
0.6965,0.4053955078125,2.8477783203125,-3.2381591796875
0.697,-0.3153076171875,3.3282470703125,-3.0379638671875
0.6975,-1.0760498046875,3.5284423828125,-2.5574951171875
0.698,-1.6365966796875,3.7286376953125,-2.1971435546875
0.6985,-1.9569091796875,3.3682861328125,-1.6365966796875
0.699,-2.4774169921875,3.5284423828125,-1.1561279296875
0.6995,-2.8377685546875,3.0079345703125,-0.3153076171875
0.7,-3.2781982421875,2.7276611328125,0.3253173828125
0.7005,-3.4783935546875,2.0469970703125,1.2061767578125
0.701,-3.4783935546875,1.6466064453125,1.6065673828125
0.7015,-3.2381591796875,0.9259033203125,2.1671142578125
0.702,-3.2381591796875,0.4454345703125,2.6075439453125
0.7025,-2.8778076171875,-0.4754638671875,3.1680908203125
0.703,-2.5174560546875,-1.1561279296875,3.4884033203125
0.7035,-1.9969482421875,-1.8367919921875,3.7286376953125
0.704,-1.2762451171875,-2.2371826171875,3.3682861328125
0.7045,-0.5955810546875,-2.8778076171875,3.4083251953125
0.705,0.2052001953125,-3.2381591796875,3.0079345703125
0.7055,0.9259033203125,-3.7586669921875,2.7276611328125
0.706,1.7266845703125,-3.9588623046875,2.2471923828125
0.7065,2.1270751953125,-3.9188232421875,1.7266845703125
0.707,2.4874267578125,-3.5584716796875,1.1260986328125
0.7075,2.9678955078125,-3.5584716796875,0.6456298828125
0.708,3.3282470703125,-2.9578857421875,-0.2752685546875
0.7085,3.6485595703125,-2.5574951171875,-0.9959716796875
0.709,3.8487548828125,-1.9168701171875,-1.8367919921875
0.7095,3.6485595703125,-1.2762451171875,-2.2371826171875
0.71,3.5284423828125,-0.5955810546875,-2.8377685546875
0.7105,3.2481689453125,0.0450439453125,-3.1981201171875
0.711,2.9278564453125,0.8858642578125,-3.7186279296875
0.7115,2.4073486328125,1.6065673828125,-3.9588623046875
0.712,1.7667236328125,2.2471923828125,-3.9989013671875
0.7125,0.9259033203125,2.6075439453125,-3.5584716796875
0.713,0.3253173828125,3.2481689453125,-3.5584716796875
0.7135,-0.5955810546875,3.5284423828125,-2.9578857421875
0.714,-1.2762451171875,3.8487548828125,-2.5975341796875
0.7145,-2.0770263671875,4.0089111328125,-2.0770263671875
0.715,-2.4373779296875,3.7686767578125,-1.3963623046875
0.7155,-2.8377685546875,3.5284423828125,-0.7957763671875
0.716,-3.2381591796875,3.2882080078125,-0.1951904296875
0.7165,-3.5584716796875,2.6075439453125,0.7657470703125
0.717,-3.7987060546875,2.1270751953125,1.4464111328125
0.7175,-3.8787841796875,1.4063720703125,2.2471923828125
0.718,-3.3983154296875,0.6856689453125,2.5675048828125
0.7185,-3.3983154296875,0.0850830078125,3.1680908203125
0.719,-2.9178466796875,-0.7557373046875,3.5284423828125
0.7195,-2.5174560546875,-1.5565185546875,3.8487548828125
0.72,-1.8768310546875,-2.2772216796875,4.0089111328125
0.7205,-1.1160888671875,-2.7977294921875,3.8087158203125
0.721,-0.2752685546875,-3.1580810546875,3.3682861328125
0.7215,0.3653564453125,-3.7186279296875,3.2882080078125
0.722,1.4063720703125,-4.0389404296875,2.5675048828125
0.7225,1.9268798828125,-4.1990966796875,2.1671142578125
0.723,2.7276611328125,-4.2791748046875,1.6065673828125
0.7235,2.9278564453125,-3.7987060546875,0.9259033203125
0.724,3.4083251953125,-3.6385498046875,0.3253173828125
0.7245,3.6885986328125,-3.1180419921875,-0.5155029296875
0.725,3.9688720703125,-2.4774169921875,-1.3563232421875
0.7255,4.0889892578125,-1.9168701171875,-2.0369873046875
0.726,4.0489501953125,-1.1561279296875,-2.7576904296875
0.7265,3.5284423828125,-0.3953857421875,-3.0379638671875
0.727,3.5684814453125,0.1251220703125,-3.5985107421875
0.7275,2.8477783203125,1.1260986328125,-3.9188232421875
0.728,2.4473876953125,1.8067626953125,-4.1590576171875
0.7285,1.7667236328125,2.5274658203125,-4.2791748046875
0.729,0.9259033203125,2.9278564453125,-3.8387451171875
0.7295,0.1651611328125,3.3282470703125,-3.5584716796875
0.73,-0.6356201171875,3.8087158203125,-3.2381591796875
0.7305,-1.5965576171875,4.0489501953125,-2.5574951171875
0.731,-2.0369873046875,4.1290283203125,-2.1971435546875
0.7315,-2.7576904296875,4.1290283203125,-1.4764404296875
0.732,-2.9578857421875,3.5684814453125,-0.7957763671875
0.7325,-3.5184326171875,3.5284423828125,-0.1951904296875
0.733,-3.7186279296875,2.7677001953125,0.7657470703125
0.7335,-3.9989013671875,2.2471923828125,1.5665283203125
0.734,-4.0389404296875,1.5665283203125,2.2471923828125
0.7345,-3.7987060546875,0.8057861328125,2.8077392578125
0.735,-3.3582763671875,0.0850830078125,3.1280517578125
0.7355,-3.2781982421875,-0.5155029296875,3.6885986328125
0.736,-2.5574951171875,-1.6365966796875,3.9688720703125
0.7365,-2.0770263671875,-2.1571044921875,4.1290283203125
0.737,-1.3162841796875,-2.8778076171875,4.1290283203125
0.7375,-0.4354248046875,-3.2781982421875,3.5684814453125
0.738,0.2852783203125,-3.7987060546875,3.4483642578125
0.7385,1.2462158203125,-4.1990966796875,2.8477783203125
0.739,2.1270751953125,-4.3592529296875,2.2471923828125
0.7395,2.5274658203125,-4.3192138671875,1.8468017578125
0.74,3.1280517578125,-4.1590576171875,1.1260986328125
0.7405,3.2882080078125,-3.6385498046875,0.4053955078125
0.741,3.8487548828125,-3.5584716796875,-0.1551513671875
0.7415,4.0089111328125,-2.5574951171875,-1.3162841796875
0.742,4.1690673828125,-2.1170654296875,-1.9168701171875
0.7425,4.1690673828125,-1.3963623046875,-2.5975341796875
0.743,3.8087158203125,-0.5955810546875,-3.0780029296875
0.7435,3.5284423828125,0.0450439453125,-3.4783935546875
0.744,3.2081298828125,0.8057861328125,-3.9188232421875
0.7445,2.4874267578125,1.8468017578125,-4.1990966796875
0.745,2.0469970703125,2.2471923828125,-4.2791748046875
0.7455,1.2462158203125,2.8878173828125,-4.1590576171875
0.746,0.3253173828125,3.1680908203125,-3.5584716796875
0.7465,-0.3153076171875,3.6885986328125,-3.5584716796875
0.747,-1.3162841796875,4.0089111328125,-2.7576904296875
0.7475,-1.9569091796875,4.1690673828125,-2.3172607421875
0.748,-2.4373779296875,4.1290283203125,-1.7967529296875
0.7485,-2.9178466796875,3.8487548828125,-1.0360107421875
0.749,-3.1981201171875,3.4483642578125,-0.3953857421875
0.7495,-3.7186279296875,3.2481689453125,0.2452392578125
0.75,-3.8387451171875,2.2872314453125,1.3262939453125
0.7505,-3.9989013671875,1.9669189453125,1.8468017578125
0.751,-3.9188232421875,1.2061767578125,2.5675048828125
0.7515,-3.5184326171875,0.4454345703125,2.8878173828125
0.752,-3.3582763671875,-0.1951904296875,3.4083251953125
0.7525,-2.8778076171875,-1.1160888671875,3.8087158203125
0.753,-2.2772216796875,-1.9569091796875,4.0889892578125
0.7535,-1.7567138671875,-2.4373779296875,3.9688720703125
0.754,-0.9158935546875,-3.0780029296875,3.8487548828125
0.7545,-0.0750732421875,-3.3983154296875,3.3282470703125
0.755,0.6055908203125,-3.9989013671875,3.3282470703125
0.7555,1.7266845703125,-4.1990966796875,2.4473876953125
0.756,2.2071533203125,-4.3592529296875,2.2071533203125
0.7565,2.7276611328125,-4.1990966796875,1.5264892578125
0.757,3.1680908203125,-3.8787841796875,0.8057861328125
0.7575,3.4884033203125,-3.5584716796875,0.1651611328125
0.758,3.9288330078125,-3.1580810546875,-0.6356201171875
0.7585,4.0889892578125,-2.2772216796875,-1.6766357421875
0.759,4.1290283203125,-1.8768310546875,-2.1170654296875
0.7595,3.9688720703125,-0.9959716796875,-2.8377685546875
0.76,3.5684814453125,-0.2752685546875,-3.1981201171875
0.7605,3.4884033203125,0.3653564453125,-3.7586669921875
0.761,2.7677001953125,1.4063720703125,-4.0789794921875
0.7615,2.2872314453125,2.0469970703125,-4.3192138671875
0.762,1.6065673828125,2.5274658203125,-4.1590576171875
0.7625,0.7257080078125,3.0880126953125,-3.8787841796875
0.763,0.0050048828125,3.4483642578125,-3.3983154296875
0.7635,-0.7957763671875,3.9688720703125,-3.2381591796875
0.764,-1.7967529296875,4.0889892578125,-2.3572998046875
0.7645,-2.1971435546875,4.1690673828125,-2.1170654296875
0.765,-2.7176513671875,3.9288330078125,-1.3162841796875
0.7655,-3.0780029296875,3.5684814453125,-0.6356201171875
0.766,-3.5184326171875,3.3282470703125,0.0050048828125
0.7665,-3.8387451171875,2.6876220703125,0.9659423828125
0.767,-3.9989013671875,1.9669189453125,1.7667236328125
0.7675,-3.9188232421875,1.4864501953125,2.2471923828125
0.768,-3.7186279296875,0.6856689453125,2.8477783203125
0.7685,-3.3182373046875,-0.0350341796875,3.1680908203125
0.769,-3.1981201171875,-0.7957763671875,3.7686767578125
0.7695,-2.3572998046875,-1.8367919921875,4.0089111328125
0.77,-1.9569091796875,-2.3973388671875,4.1290283203125
0.7705,-1.1160888671875,-2.9178466796875,3.8087158203125
0.771,-0.3153076171875,-3.3582763671875,3.5684814453125
0.7715,0.4854736328125,-3.7186279296875,3.1680908203125
0.772,1.3262939453125,-4.1990966796875,2.8077392578125
0.7725,2.2471923828125,-4.3192138671875,2.0870361328125
0.773,2.5274658203125,-4.1990966796875,1.7266845703125
0.7735,3.1280517578125,-3.9989013671875,0.9659423828125
0.774,3.3282470703125,-3.5584716796875,0.2852783203125
0.7745,3.8487548828125,-3.2781982421875,-0.3953857421875
0.775,3.9688720703125,-2.4373779296875,-1.3963623046875
0.7755,4.1690673828125,-1.9969482421875,-2.0770263671875
0.776,3.9288330078125,-1.2762451171875,-2.5574951171875
0.7765,3.7686767578125,-0.5155029296875,-3.1180419921875
0.777,3.3282470703125,0.1251220703125,-3.3983154296875
0.7775,3.1280517578125,0.8858642578125,-3.9588623046875
0.778,2.3673095703125,1.8468017578125,-4.1590576171875
0.7785,1.9268798828125,2.2471923828125,-4.1990966796875
0.779,1.0460205078125,2.8077392578125,-3.8387451171875
0.7795,0.2852783203125,3.2081298828125,-3.5184326171875
0.78,-0.3953857421875,3.6485595703125,-3.2381591796875
0.7805,-1.2762451171875,3.9288330078125,-2.6776123046875
0.781,-1.9569091796875,4.0889892578125,-2.2371826171875
0.7815,-2.2371826171875,3.8487548828125,-1.6766357421875
0.782,-2.7576904296875,3.7286376953125,-1.0760498046875
0.7825,-3.0379638671875,3.2481689453125,-0.3953857421875
0.783,-3.5584716796875,3.0880126953125,0.2852783203125
0.7835,-3.6385498046875,2.2071533203125,1.2462158203125
0.784,-3.8787841796875,1.9268798828125,1.7667236328125
0.7845,-3.5584716796875,1.1260986328125,2.2471923828125
0.785,-3.3983154296875,0.4854736328125,2.7276611328125
0.7855,-3.1580810546875,-0.1951904296875,3.1680908203125
0.786,-2.7977294921875,-1.0360107421875,3.6085205078125
0.7865,-2.2772216796875,-1.7967529296875,3.8487548828125
0.787,-1.6766357421875,-2.1571044921875,3.7286376953125
0.7875,-0.9559326171875,-2.7576904296875,3.5684814453125
0.788,-0.1551513671875,-3.1580810546875,3.2481689453125
0.7885,0.5655517578125,-3.7186279296875,3.1280517578125
0.789,1.4063720703125,-3.8787841796875,2.4473876953125
0.7895,1.9268798828125,-4.1590576171875,2.2471923828125
0.79,2.2471923828125,-3.7987060546875,1.5665283203125
0.7905,2.7276611328125,-3.7186279296875,1.0860595703125
0.791,3.0880126953125,-3.3182373046875,0.3253173828125
0.7915,3.5684814453125,-3.0780029296875,-0.4354248046875
0.792,3.6885986328125,-2.2772216796875,-1.2762451171875
0.7925,3.8487548828125,-1.9569091796875,-1.7166748046875
0.793,3.6085205078125,-1.1961669921875,-2.3172607421875
0.7935,3.4483642578125,-0.6356201171875,-2.7176513671875
0.794,3.2081298828125,0.1251220703125,-3.3182373046875
0.7945,2.7677001953125,0.9259033203125,-3.6385498046875
0.795,2.4473876953125,1.5264892578125,-3.9188232421875
0.7955,1.7266845703125,1.9268798828125,-3.6385498046875
0.796,1.0860595703125,2.5274658203125,-3.5985107421875
0.7965,0.3253173828125,2.9278564453125,-3.2781982421875
0.797,-0.3153076171875,3.5284423828125,-3.1981201171875
0.7975,-1.1561279296875,3.5684814453125,-2.5174560546875
0.798,-1.5164794921875,3.8087158203125,-2.3572998046875
0.7985,-1.9569091796875,3.5284423828125,-1.6365966796875
0.799,-2.3973388671875,3.4483642578125,-1.1561279296875
0.7995,-2.8778076171875,3.1680908203125,-0.3953857421875
0.8,-3.2381591796875,2.6876220703125,0.3653564453125
0.8005,-3.4783935546875,2.2471923828125,1.0460205078125
0.801,-3.4783935546875,1.7667236328125,1.5264892578125
0.8015,-3.3983154296875,1.1260986328125,2.0469970703125
0.802,-3.1981201171875,0.4454345703125,2.5274658203125
0.8025,-3.0780029296875,-0.3153076171875,3.1680908203125
0.803,-2.5174560546875,-1.0760498046875,3.4483642578125
0.8035,-2.2371826171875,-1.5965576171875,3.6885986328125
0.804,-1.3963623046875,-2.0770263671875,3.4083251953125
0.8045,-0.7957763671875,-2.6776123046875,3.3682861328125
0.805,0.0050048828125,-3.1580810546875,3.0479736328125
0.8055,0.7257080078125,-3.6385498046875,2.8477783203125
0.806,1.4464111328125,-3.8787841796875,2.4073486328125
0.8065,1.8067626953125,-3.8387451171875,2.0469970703125
0.807,2.3272705078125,-3.7186279296875,1.4464111328125
0.8075,2.7276611328125,-3.4783935546875,0.8057861328125
0.808,3.2481689453125,-3.1981201171875,0.0450439453125
0.8085,3.4884033203125,-2.5574951171875,-0.7957763671875
0.809,3.7686767578125,-2.2772216796875,-1.3963623046875
0.8095,3.5284423828125,-1.5565185546875,-1.8768310546875
0.81,3.5684814453125,-0.9959716796875,-2.5174560546875
0.8105,3.2081298828125,-0.2352294921875,-2.9578857421875
0.811,3.0479736328125,0.5655517578125,-3.5584716796875
0.8115,2.5274658203125,1.3262939453125,-3.7987060546875
0.812,2.0469970703125,1.8067626953125,-3.8387451171875
0.8125,1.2462158203125,2.3272705078125,-3.5584716796875
0.813,0.5655517578125,2.8477783203125,-3.3983154296875
0.8135,-0.1551513671875,3.2882080078125,-3.1580810546875
0.814,-0.9559326171875,3.5684814453125,-2.6776123046875
0.8145,-1.5565185546875,3.8087158203125,-2.3172607421875
0.815,-1.8768310546875,3.5284423828125,-1.7567138671875
0.8155,-2.3973388671875,3.5284423828125,-1.2762451171875
0.816,-2.7176513671875,3.1680908203125,-0.5155029296875
0.8165,-3.1981201171875,2.8878173828125,0.1651611328125
0.817,-3.3983154296875,2.1671142578125,1.0059814453125
0.8175,-3.5584716796875,1.8868408203125,1.4864501953125
0.818,-3.2381591796875,1.0860595703125,1.9268798828125
0.8185,-3.3182373046875,0.6055908203125,2.4473876953125
0.819,-2.9578857421875,-0.1551513671875,2.9278564453125
0.8195,-2.5975341796875,-0.8758544921875,3.3682861328125
0.82,-2.1971435546875,-1.5565185546875,3.6085205078125
0.8205,-1.5565185546875,-1.9569091796875,3.3682861328125
0.821,-0.8758544921875,-2.5574951171875,3.3282470703125
0.8215,-0.1151123046875,-2.9578857421875,3.0479736328125
0.822,0.5255126953125,-3.4783935546875,2.8878173828125
0.8225,1.2862548828125,-3.7186279296875,2.3673095703125
0.823,1.7266845703125,-3.8787841796875,2.1270751953125
0.8235,2.0469970703125,-3.5584716796875,1.5264892578125
0.824,2.5274658203125,-3.5584716796875,1.1260986328125
0.8245,2.8878173828125,-3.1580810546875,0.2852783203125
0.825,3.3282470703125,-2.8778076171875,-0.3953857421875
0.8255,3.5284423828125,-2.2772216796875,-1.1561279296875
0.826,3.5684814453125,-1.9569091796875,-1.5965576171875
0.8265,3.4083251953125,-1.2362060546875,-2.1571044921875
0.827,3.3282470703125,-0.5955810546875,-2.6375732421875
0.8275,3.1280517578125,0.1651611328125,-3.1981201171875
0.828,2.7276611328125,0.9259033203125,-3.5584716796875
0.8285,2.3673095703125,1.4464111328125,-3.7987060546875
0.829,1.6065673828125,1.8868408203125,-3.4383544921875
0.8295,1.0860595703125,2.4874267578125,-3.5584716796875
0.83,0.2452392578125,2.8878173828125,-3.1981201171875
0.8305,-0.3553466796875,3.3682861328125,-2.9979248046875
0.831,-1.1561279296875,3.6085205078125,-2.5574951171875
0.8315,-1.4764404296875,3.6485595703125,-2.2371826171875
0.832,-1.9569091796875,3.4483642578125,-1.5965576171875
0.8325,-2.4373779296875,3.4083251953125,-1.1160888671875
0.833,-2.8778076171875,3.0079345703125,-0.2352294921875
0.8335,-3.1981201171875,2.5274658203125,0.4854736328125
0.834,-3.4783935546875,2.0870361328125,1.1260986328125
0.8345,-3.3182373046875,1.5264892578125,1.5264892578125
0.835,-3.3582763671875,1.0059814453125,2.2071533203125
0.8355,-3.0780029296875,0.2452392578125,2.6475830078125
0.836,-2.8778076171875,-0.4754638671875,3.1680908203125
0.8365,-2.3973388671875,-1.2362060546875,3.4884033203125
0.837,-1.9569091796875,-1.7166748046875,3.5284423828125
0.8375,-1.1561279296875,-2.1971435546875,3.2481689453125
0.838,-0.5955810546875,-2.7977294921875,3.2882080078125
0.8385,0.2452392578125,-3.2381591796875,2.9278564453125
0.839,0.9659423828125,-3.5985107421875,2.6075439453125
0.8395,1.6065673828125,-3.8787841796875,2.2471923828125
0.84,1.9268798828125,-3.6385498046875,1.7667236328125
0.8405,2.4073486328125,-3.5584716796875,1.2061767578125
0.841,2.7677001953125,-3.2381591796875,0.6055908203125
0.8415,3.2481689453125,-2.9578857421875,-0.1951904296875
0.842,3.4483642578125,-2.3973388671875,-0.9959716796875
0.8425,3.6085205078125,-2.0369873046875,-1.5565185546875
0.843,3.3282470703125,-1.2762451171875,-1.9569091796875
0.8435,3.4483642578125,-0.7957763671875,-2.5174560546875
0.844,3.0479736328125,0.0450439453125,-2.9979248046875
0.8445,2.8477783203125,0.6456298828125,-3.4383544921875
0.845,2.4073486328125,1.3663330078125,-3.7186279296875
0.8455,1.8067626953125,1.7667236328125,-3.5584716796875
0.846,1.0860595703125,2.2872314453125,-3.3582763671875
0.8465,0.4854736328125,2.8077392578125,-3.2381591796875
0.847,-0.2752685546875,3.2081298828125,-2.9578857421875
0.8475,-0.9158935546875,3.4483642578125,-2.5574951171875
0.848,-1.4764404296875,3.6485595703125,-2.2371826171875
0.8485,-1.7166748046875,3.3282470703125,-1.7166748046875
0.849,-2.2772216796875,3.4884033203125,-1.2762451171875
0.8495,-2.5975341796875,2.9678955078125,-0.5155029296875
0.85,-3.0780029296875,2.7276611328125,0.1651611328125
0.8505,-3.2781982421875,2.1671142578125,0.8858642578125
0.851,-3.3582763671875,1.8468017578125,1.2862548828125
0.8515,-3.1580810546875,1.1661376953125,1.8067626953125
0.852,-3.1981201171875,0.6856689453125,2.3272705078125
0.8525,-2.8778076171875,-0.1551513671875,2.8878173828125
0.853,-2.5975341796875,-0.7557373046875,3.2081298828125
0.8535,-2.2371826171875,-1.3963623046875,3.4884033203125
0.854,-1.5565185546875,-1.7967529296875,3.2081298828125
0.8545,-0.9559326171875,-2.4373779296875,3.2882080078125
0.855,-0.1551513671875,-2.8778076171875,3.0079345703125
0.8555,0.4454345703125,-3.3582763671875,2.8477783203125
0.856,1.1260986328125,-3.5985107421875,2.4874267578125
0.8565,1.5264892578125,-3.6785888671875,2.1270751953125
0.857,1.8868408203125,-3.4383544921875,1.6065673828125
0.8575,2.4073486328125,-3.5584716796875,1.1260986328125
0.858,2.8477783203125,-3.0780029296875,0.2852783203125
0.8585,3.1680908203125,-2.8377685546875,-0.3953857421875
0.859,3.4884033203125,-2.2772216796875,-1.0760498046875
0.8595,3.3682861328125,-1.7967529296875,-1.4364013671875
0.86,3.3682861328125,-1.2362060546875,-2.0770263671875
0.8605,3.2481689453125,-0.5955810546875,-2.5574951171875
0.861,3.0479736328125,0.1651611328125,-3.1580810546875
0.8615,2.6876220703125,0.8458251953125,-3.4383544921875
0.862,2.2872314453125,1.3262939453125,-3.5985107421875
0.8625,1.5264892578125,1.8468017578125,-3.2781982421875
0.863,1.0059814453125,2.4473876953125,-3.4783935546875
0.8635,0.1651611328125,2.8477783203125,-3.0780029296875
0.864,-0.3953857421875,3.2882080078125,-2.8778076171875
0.8645,-1.0760498046875,3.5284423828125,-2.5174560546875
0.865,-1.3963623046875,3.4083251953125,-2.0770263671875
0.8655,-1.9168701171875,3.3282470703125,-1.5965576171875
0.866,-2.3572998046875,3.2481689453125,-0.9959716796875
0.8665,-2.8778076171875,2.8077392578125,-0.1951904296875
0.867,-3.1180419921875,2.4473876953125,0.4854736328125
0.8675,-3.3582763671875,2.0469970703125,1.1260986328125
0.868,-3.1580810546875,1.4464111328125,1.5264892578125
0.8685,-3.2781982421875,0.9659423828125,2.1671142578125
0.869,-2.9578857421875,0.1251220703125,2.6876220703125
0.8695,-2.7977294921875,-0.5155029296875,3.1680908203125
0.87,-2.3172607421875,-1.2362060546875,3.4483642578125
0.8705,-1.7967529296875,-1.6766357421875,3.3282470703125
0.871,-1.0360107421875,-2.1971435546875,3.1680908203125
0.8715,-0.4354248046875,-2.8377685546875,3.1680908203125
0.872,0.3653564453125,-3.2381591796875,2.8077392578125
0.8725,1.0059814453125,-3.5584716796875,2.5274658203125
0.873,1.6065673828125,-3.7987060546875,2.1671142578125
0.8735,1.9268798828125,-3.5184326171875,1.6065673828125
0.874,2.4473876953125,-3.5584716796875,1.1661376953125
0.8745,2.7677001953125,-3.1981201171875,0.3653564453125
0.875,3.2481689453125,-2.8377685546875,-0.3553466796875
0.8755,3.4483642578125,-2.2772216796875,-1.0760498046875
0.876,3.5284423828125,-1.8367919921875,-1.5965576171875
0.8765,3.2481689453125,-1.1561279296875,-2.0369873046875
0.877,3.4483642578125,-0.6756591796875,-2.5975341796875
0.8775,2.9678955078125,0.2052001953125,-3.0780029296875
0.878,2.7276611328125,0.8057861328125,-3.5184326171875
0.8785,2.2471923828125,1.5264892578125,-3.7186279296875
0.879,1.5264892578125,1.9268798828125,-3.3983154296875
0.8795,0.9259033203125,2.4473876953125,-3.3582763671875
0.88,0.1651611328125,2.9278564453125,-3.1580810546875
0.8805,-0.5155029296875,3.3282470703125,-2.8377685546875
0.881,-1.1561279296875,3.5284423828125,-2.4774169921875
0.8815,-1.6365966796875,3.5684814453125,-2.0770263671875
0.882,-1.9569091796875,3.2481689453125,-1.4364013671875
0.8825,-2.5574951171875,3.4083251953125,-1.0760498046875
0.883,-2.8377685546875,2.8077392578125,-0.1151123046875
0.8835,-3.2381591796875,2.5274658203125,0.4854736328125
0.884,-3.3983154296875,1.9669189453125,1.2462158203125
0.8845,-3.2781982421875,1.5264892578125,1.6065673828125
0.885,-3.1580810546875,0.8057861328125,2.1671142578125
0.8855,-3.1580810546875,0.2452392578125,2.6876220703125
0.886,-2.7176513671875,-0.5955810546875,3.1280517578125
0.8865,-2.3973388671875,-1.1961669921875,3.4483642578125
0.887,-1.8768310546875,-1.8367919921875,3.5684814453125
0.8875,-1.0760498046875,-2.2371826171875,3.2081298828125
0.888,-0.5155029296875,-2.8377685546875,3.2882080078125
0.8885,0.3253173828125,-3.2381591796875,2.8477783203125
0.889,1.0059814453125,-3.6385498046875,2.5675048828125
0.8895,1.6065673828125,-3.8387451171875,2.1671142578125
0.89,2.0469970703125,-3.7586669921875,1.6866455078125
0.8905,2.3673095703125,-3.5184326171875,1.0860595703125
0.891,2.8878173828125,-3.4383544921875,0.6055908203125
0.8915,3.2081298828125,-2.7576904296875,-0.3153076171875
0.892,3.5284423828125,-2.4774169921875,-0.9959716796875
0.8925,3.6885986328125,-1.8768310546875,-1.7166748046875
0.893,3.3682861328125,-1.2362060546875,-2.0369873046875
0.8935,3.4083251953125,-0.6356201171875,-2.6375732421875
0.894,3.0880126953125,0.0850830078125,-3.0780029296875
0.8945,2.7677001953125,0.8057861328125,-3.5584716796875
0.895,2.3272705078125,1.4464111328125,-3.7186279296875
0.8955,1.7266845703125,1.9669189453125,-3.7186279296875
0.896,0.9259033203125,2.4073486328125,-3.2781982421875
0.8965,0.4053955078125,3.0079345703125,-3.3983154296875
0.897,-0.5155029296875,3.2882080078125,-2.7977294921875
0.8975,-1.0360107421875,3.6085205078125,-2.5975341796875
0.898,-1.6766357421875,3.6885986328125,-2.0770263671875
0.8985,-1.9969482421875,3.4483642578125,-1.5965576171875
0.899,-2.4373779296875,3.3282470703125,-0.9959716796875
0.8995,-2.8778076171875,3.0880126953125,-0.3153076171875
0.9,-3.1981201171875,2.4874267578125,0.5255126953125
0.9005,-3.3983154296875,2.1270751953125,1.1260986328125
0.901,-3.4783935546875,1.5665283203125,1.7667236328125
0.9015,-3.1580810546875,0.8858642578125,2.0469970703125
0.902,-3.2381591796875,0.4053955078125,2.6876220703125
0.9025,-2.7576904296875,-0.5155029296875,3.0880126953125
0.903,-2.5174560546875,-1.1160888671875,3.4483642578125
0.9035,-1.9569091796875,-1.7567138671875,3.5684814453125
0.904,-1.2762451171875,-2.1971435546875,3.3682861328125
0.9045,-0.5955810546875,-2.6375732421875,3.1680908203125
0.905,0.0450439453125,-3.2381591796875,3.0880126953125
0.9055,0.9659423828125,-3.5584716796875,2.5274658203125
0.906,1.4063720703125,-3.8387451171875,2.3673095703125
0.9065,1.9669189453125,-3.8787841796875,1.7667236328125
0.907,2.2872314453125,-3.5184326171875,1.2462158203125
0.9075,2.8077392578125,-3.5184326171875,0.7257080078125
0.908,3.1680908203125,-2.9578857421875,-0.1151123046875
0.9085,3.4884033203125,-2.5574951171875,-0.8358154296875
0.909,3.6485595703125,-2.0369873046875,-1.4764404296875
0.9095,3.5684814453125,-1.4764404296875,-1.9569091796875
0.91,3.3282470703125,-0.7557373046875,-2.4373779296875
0.9105,3.3682861328125,-0.2752685546875,-3.0379638671875
0.911,2.8477783203125,0.6456298828125,-3.3983154296875
0.9115,2.5675048828125,1.2462158203125,-3.7186279296875
0.912,1.9268798828125,1.8868408203125,-3.7987060546875
0.9125,1.2061767578125,2.2872314453125,-3.4783935546875
0.913,0.5655517578125,2.8477783203125,-3.3582763671875
0.9135,-0.2352294921875,3.2882080078125,-3.0780029296875
0.914,-0.9959716796875,3.5284423828125,-2.5975341796875
0.9145,-1.4764404296875,3.6885986328125,-2.3973388671875
0.915,-1.9969482421875,3.6485595703125,-1.7967529296875
0.9155,-2.3172607421875,3.3282470703125,-1.1561279296875
0.916,-2.8778076171875,3.3682861328125,-0.6356201171875
0.9165,-3.1981201171875,2.6075439453125,0.3653564453125
0.917,-3.4783935546875,2.3673095703125,0.9659423828125
0.9175,-3.5584716796875,1.7266845703125,1.6466064453125
0.918,-3.3582763671875,1.1661376953125,2.0469970703125
0.9185,-3.1981201171875,0.4454345703125,2.5675048828125
0.919,-3.0780029296875,-0.1951904296875,3.1280517578125
0.9195,-2.5174560546875,-1.1160888671875,3.4483642578125
0.92,-2.1971435546875,-1.6365966796875,3.6885986328125
0.9205,-1.4364013671875,-2.2772216796875,3.6085205078125
0.921,-0.6356201171875,-2.6776123046875,3.2481689453125
0.9215,-0.0350341796875,-3.2781982421875,3.2481689453125
0.922,0.9659423828125,-3.7186279296875,2.6876220703125
0.9225,1.5264892578125,-3.9188232421875,2.3272705078125
0.923,2.0469970703125,-3.9188232421875,1.9268798828125
0.9235,2.4874267578125,-3.8387451171875,1.3262939453125
0.924,2.8477783203125,-3.4383544921875,0.6856689453125
0.9245,3.3682861328125,-3.3582763671875,0.0450439453125
0.925,3.5684814453125,-2.4373779296875,-0.9959716796875
0.9255,3.8487548828125,-2.1971435546875,-1.5164794921875
0.926,3.7686767578125,-1.3963623046875,-2.2371826171875
0.9265,3.5284423828125,-0.7957763671875,-2.6375732421875
0.927,3.4083251953125,-0.0750732421875,-3.1981201171875
0.9275,2.9678955078125,0.7657470703125,-3.6785888671875
0.928,2.4874267578125,1.5665283203125,-3.9188232421875
0.9285,1.9669189453125,2.0469970703125,-3.9989013671875
0.929,1.1661376953125,2.6475830078125,-3.7987060546875
0.9295,0.3253173828125,2.9678955078125,-3.3582763671875
0.93,-0.2752685546875,3.5684814453125,-3.3582763671875
0.9305,-1.4364013671875,3.8087158203125,-2.5174560546875
0.931,-1.8367919921875,4.0089111328125,-2.2772216796875
0.9315,-2.3973388671875,3.8487548828125,-1.5565185546875
0.932,-2.7977294921875,3.6485595703125,-0.9959716796875
0.9325,-3.1180419921875,3.2481689453125,-0.3153076171875
0.933,-3.5985107421875,2.9278564453125,0.4854736328125
0.9335,-3.7586669921875,2.0469970703125,1.5264892578125
0.934,-3.8387451171875,1.7266845703125,1.9268798828125
0.9345,-3.6785888671875,0.8858642578125,2.6075439453125
0.935,-3.2781982421875,0.1651611328125,2.9678955078125
0.9355,-3.1981201171875,-0.4754638671875,3.4884033203125
0.936,-2.5174560546875,-1.4764404296875,3.8487548828125
0.9365,-1.9969482421875,-2.1571044921875,4.0089111328125
0.937,-1.2762451171875,-2.6375732421875,3.8487548828125
0.9375,-0.5155029296875,-3.2381591796875,3.5684814453125
0.938,0.2852783203125,-3.5584716796875,3.1680908203125
0.9385,1.0460205078125,-4.1190185546875,2.9678955078125
0.939,2.1270751953125,-4.1990966796875,2.0870361328125
0.9395,2.4874267578125,-4.2391357421875,1.8468017578125
0.94,3.0079345703125,-3.9588623046875,1.0059814453125
0.9405,3.2882080078125,-3.6785888671875,0.4454345703125
0.941,3.6885986328125,-3.2781982421875,-0.2752685546875
0.9415,4.0089111328125,-2.6776123046875,-1.2362060546875
0.942,4.1290283203125,-1.9168701171875,-2.0770263671875
0.9425,4.0489501953125,-1.3563232421875,-2.5174560546875
0.943,3.8487548828125,-0.5955810546875,-3.1580810546875
0.9435,3.4483642578125,0.1251220703125,-3.4783935546875
0.944,3.2081298828125,0.8458251953125,-3.9588623046875
0.9445,2.4073486328125,1.9268798828125,-4.2791748046875
0.945,1.9669189453125,2.4473876953125,-4.3592529296875
0.9455,1.0860595703125,2.8477783203125,-3.9989013671875
0.946,0.2852783203125,3.3682861328125,-3.7586669921875
0.9465,-0.3953857421875,3.6885986328125,-3.3582763671875
0.947,-1.3162841796875,4.1290283203125,-2.9178466796875
0.9475,-2.2772216796875,4.2891845703125,-2.0770263671875
0.948,-2.5975341796875,4.1290283203125,-1.6766357421875
0.9485,-3.1580810546875,3.8487548828125,-0.8758544921875
0.949,-3.3983154296875,3.4884033203125,-0.2352294921875
0.9495,-3.8387451171875,3.1280517578125,0.4854736328125
0.95,-4.0389404296875,2.2872314453125,1.5665283203125
0.9505,-4.1590576171875,1.6866455078125,2.2471923828125
0.951,-3.8387451171875,0.9659423828125,2.6876220703125
0.9515,-3.6785888671875,0.2452392578125,3.2481689453125
0.952,-3.1981201171875,-0.5155029296875,3.5284423828125
0.9525,-2.8778076171875,-1.2762451171875,4.0089111328125
0.953,-2.0770263671875,-2.3572998046875,4.2491455078125
0.9535,-1.4764404296875,-2.7576904296875,4.1690673828125
0.954,-0.5155029296875,-3.3182373046875,3.7286376953125
0.9545,0.1251220703125,-3.6385498046875,3.5284423828125
0.955,1.0059814453125,-4.0389404296875,3.0079345703125
0.9555,1.9268798828125,-4.3592529296875,2.4874267578125
0.956,2.6876220703125,-4.5194091796875,1.8468017578125
0.9565,2.9278564453125,-4.1190185546875,1.2462158203125
0.957,3.4884033203125,-3.9188232421875,0.5655517578125
0.9575,3.6485595703125,-3.3983154296875,-0.1551513671875
0.958,4.0889892578125,-3.0780029296875,-0.9158935546875
0.9585,4.1690673828125,-2.0770263671875,-1.9569091796875
0.959,4.2491455078125,-1.6365966796875,-2.5174560546875
0.9595,3.8087158203125,-0.7156982421875,-2.9178466796875
0.96,3.6885986328125,-0.1551513671875,-3.4783935546875
0.9605,3.1680908203125,0.6456298828125,-3.7586669921875
0.961,2.8477783203125,1.4063720703125,-4.1590576171875
0.9615,2.1671142578125,2.4073486328125,-4.3992919921875
0.962,1.4864501953125,2.6075439453125,-4.1190185546875
0.9625,0.6055908203125,3.2481689453125,-3.7987060546875
0.963,-0.0750732421875,3.5284423828125,-3.4783935546875
0.9635,-0.8758544921875,3.9688720703125,-3.1580810546875
0.964,-1.7967529296875,4.1290283203125,-2.4373779296875
0.9645,-2.3973388671875,4.2491455078125,-1.9569091796875
0.965,-2.6776123046875,3.8087158203125,-1.2762451171875
0.9655,-3.1981201171875,3.7286376953125,-0.6756591796875
0.966,-3.4783935546875,3.1680908203125,0.0850830078125
0.9665,-3.8787841796875,2.8477783203125,0.8057861328125
0.967,-3.9989013671875,1.9268798828125,1.8468017578125
0.9675,-3.9989013671875,1.5264892578125,2.2872314453125
0.968,-3.5985107421875,0.6055908203125,2.8077392578125
0.9685,-3.4783935546875,0.0450439453125,3.2481689453125
0.969,-3.0379638671875,-0.7957763671875,3.6885986328125
0.9695,-2.5174560546875,-1.5565185546875,4.0889892578125
0.97,-1.9569091796875,-2.4373779296875,4.2091064453125
0.9705,-1.1561279296875,-2.8377685546875,3.8087158203125
0.971,-0.3553466796875,-3.3983154296875,3.6885986328125
0.9715,0.4854736328125,-3.7586669921875,3.2081298828125
0.972,1.2462158203125,-4.1990966796875,2.9278564453125
0.9725,2.2071533203125,-4.3592529296875,2.1671142578125
0.973,2.6876220703125,-4.3592529296875,1.7266845703125
0.9735,3.0479736328125,-3.8787841796875,0.9259033203125
0.974,3.5284423828125,-3.7987060546875,0.3653564453125
0.9745,3.8087158203125,-3.1580810546875,-0.5155029296875
0.975,4.1290283203125,-2.7176513671875,-1.2762451171875
0.9755,4.2891845703125,-1.8367919921875,-2.2772216796875
0.976,4.0089111328125,-1.2362060546875,-2.6776123046875
0.9765,3.7686767578125,-0.3553466796875,-3.2781982421875
0.977,3.4884033203125,0.2452392578125,-3.6385498046875
0.9775,3.0479736328125,1.2061767578125,-3.9588623046875
0.978,2.4073486328125,1.9268798828125,-4.3192138671875
0.9785,1.7667236328125,2.6075439453125,-4.4393310546875
0.979,0.8057861328125,2.9678955078125,-3.7987060546875
0.9795,0.1651611328125,3.5684814453125,-3.7987060546875
0.98,-0.7156982421875,3.8487548828125,-3.1580810546875
0.9805,-1.4364013671875,4.1290283203125,-2.7977294921875
0.981,-2.3572998046875,4.3292236328125,-2.0369873046875
0.9815,-2.7576904296875,4.0889892578125,-1.4364013671875
0.982,-3.1580810546875,3.6885986328125,-0.6756591796875
0.9825,-3.5184326171875,3.4884033203125,-0.1551513671875
0.983,-3.7987060546875,2.8077392578125,0.7657470703125
0.9835,-3.9989013671875,2.2471923828125,1.5665283203125
0.984,-4.1590576171875,1.5264892578125,2.4073486328125
0.9845,-3.7186279296875,0.7657470703125,2.6876220703125
0.985,-3.5985107421875,0.0850830078125,3.3282470703125
0.9855,-3.1981201171875,-0.6756591796875,3.6885986328125
0.986,-2.7176513671875,-1.4764404296875,3.9688720703125
0.9865,-1.9969482421875,-2.3172607421875,4.1690673828125
0.987,-1.3563232421875,-2.8778076171875,4.0889892578125
0.9875,-0.3953857421875,-3.1981201171875,3.5284423828125
0.988,0.2052001953125,-3.7987060546875,3.5284423828125
0.9885,1.1661376953125,-4.0389404296875,2.8477783203125
0.989,1.8067626953125,-4.2791748046875,2.4473876953125
0.9895,2.6876220703125,-4.4393310546875,1.8468017578125
0.99,2.8878173828125,-3.9989013671875,1.1260986328125
0.9905,3.3682861328125,-3.7987060546875,0.4854736328125
0.991,3.6485595703125,-3.3582763671875,-0.1551513671875
0.9915,3.9688720703125,-2.8377685546875,-1.0360107421875
0.992,4.0889892578125,-2.1571044921875,-1.7967529296875
0.9925,4.1690673828125,-1.5164794921875,-2.5574951171875
0.993,3.6485595703125,-0.6756591796875,-2.8377685546875
0.9935,3.6885986328125,-0.1551513671875,-3.4383544921875
0.994,3.0880126953125,0.6856689453125,-3.7186279296875
0.9945,2.7276611328125,1.3663330078125,-4.1190185546875
0.995,2.0469970703125,2.2071533203125,-4.2391357421875
0.9955,1.3663330078125,2.5675048828125,-3.9188232421875
0.996,0.5655517578125,3.0479736328125,-3.5985107421875
0.9965,-0.0350341796875,3.5284423828125,-3.4383544921875
0.997,-0.9559326171875,3.8487548828125,-2.8778076171875
0.9975,-1.5965576171875,3.9688720703125,-2.4774169921875
0.998,-2.2772216796875,4.0889892578125,-1.9569091796875
0.9985,-2.4373779296875,3.6085205078125,-1.2762451171875
0.999,-3.0780029296875,3.6485595703125,-0.7156982421875
0.9995,-3.2781982421875,3.0479736328125,0.0450439453125
