wavelength,x,y,z
0.0,-3.603515625,-4.32421875,6.24609375
0.0005,-4.724609375,-3.123046875,6.40625
0.001,-5.4453125,-2.08203125,6.3662109375
0.0015,-5.765625,-1.3212890625,6.2060546875
0.002,-5.6455078125,-0.5205078125,5.60546875
0.0025,-5.4052734375,0.640625,4.6044921875
0.003,-5.28515625,1.841796875,3.5634765625
0.0035,-5.1650390625,3.0830078125,2.482421875
0.004,-5.0048828125,3.9638671875,1.5615234375
0.0045,-4.64453125,4.6044921875,0.7607421875
0.005,-3.84375,4.8447265625,-0.3203125
0.0055,-2.7626953125,5.0849609375,-1.5615234375
0.006,-1.681640625,5.4052734375,-2.8828125
0.0065,-0.720703125,5.60546875,-4.0439453125
0.007,0.0400390625,5.8056640625,-4.9248046875
0.0075,0.880859375,5.4853515625,-5.4853515625
0.008,2.001953125,4.5244140625,-5.845703125
0.0085,3.1630859375,3.4833984375,-6.2060546875
0.009,4.2041015625,2.322265625,-6.40625
0.0095,4.8447265625,1.361328125,-6.40625
0.01,5.125,0.6806640625,-6.24609375
0.0105,5.0849609375,-0.240234375,-5.5654296875
0.011,4.9248046875,-1.28125,-4.64453125
0.0115,4.884765625,-2.5224609375,-3.68359375
0.012,4.7646484375,-3.68359375,-2.6025390625
0.0125,4.6044921875,-4.564453125,-1.76171875
0.013,4.1640625,-5.125,-0.9609375
0.0135,3.3232421875,-5.4052734375,0.2001953125
0.014,2.3623046875,-5.765625,1.44140625
0.0145,1.2412109375,-6.0458984375,2.802734375
0.015,0.4404296875,-6.2861328125,3.84375
0.0155,-0.3603515625,-6.4462890625,4.724609375
0.016,-1.28125,-5.92578125,5.2451171875
0.0165,-2.482421875,-5.0048828125,5.60546875
0.017,-3.6435546875,-4.00390625,5.9658203125
0.0175,-4.64453125,-2.9228515625,6.0859375
0.018,-5.1650390625,-2.08203125,6.1259765625
0.0185,-5.3251953125,-1.28125,5.8056640625
0.019,-5.205078125,-0.4404296875,5.0849609375
0.0195,-5.1650390625,0.720703125,4.2841796875
0.02,-5.1650390625,1.9619140625,3.2431640625
0.0205,-5.0849609375,3.04296875,2.322265625
0.021,-4.884765625,3.84375,1.521484375
0.0215,-4.3642578125,4.32421875,0.640625
0.022,-3.443359375,4.6044921875,-0.6005859375
0.0225,-2.5224609375,5.0849609375,-1.841796875
0.023,-1.4814453125,5.3251953125,-3.0830078125
0.0235,-0.80078125,5.6455078125,-4.1240234375
0.024,0.080078125,5.6455078125,-4.884765625
0.0245,1.12109375,4.9248046875,-5.3251953125
0.025,2.2822265625,3.9638671875,-5.765625
0.0255,3.4033203125,2.9228515625,-6.1259765625
0.026,4.2841796875,1.9619140625,-6.166015625
0.0265,4.7646484375,1.28125,-6.24609375
0.027,4.8447265625,0.48046875,-5.765625
0.0275,4.7646484375,-0.6005859375,-5.0048828125
0.028,4.7646484375,-1.7216796875,-4.1640625
0.0285,4.724609375,-2.9228515625,-3.1630859375
0.029,4.64453125,-3.923828125,-2.2822265625
0.0295,4.4443359375,-4.6845703125,-1.4814453125
0.03,3.7236328125,-5.0849609375,-0.5205078125
0.0305,2.802734375,-5.4453125,0.7607421875
0.031,1.76171875,-5.8056640625,2.162109375
0.0315,0.880859375,-6.1259765625,3.283203125
0.032,0.2001953125,-6.3662109375,4.2041015625
0.0325,-0.7607421875,-6.166015625,4.884765625
0.033,-1.921875,-5.3251953125,5.3251953125
0.0335,-3.0830078125,-4.404296875,5.7255859375
0.034,-4.1640625,-3.2431640625,6.005859375
0.0345,-4.884765625,-2.3623046875,6.0859375
0.035,-5.1650390625,-1.6416015625,5.9658203125
0.0355,-5.1650390625,-0.80078125,5.365234375
0.036,-5.0849609375,0.2802734375,4.5244140625
0.0365,-5.125,1.521484375,3.603515625
0.037,-5.0849609375,2.642578125,2.642578125
0.0375,-4.96484375,3.5634765625,1.8017578125
0.038,-4.5244140625,4.1240234375,0.9609375
0.0385,-3.7236328125,4.484375,-0.16015625
0.039,-2.8427734375,4.8447265625,-1.4013671875
0.0395,-1.8017578125,5.2451171875,-2.72265625
0.04,-1.0009765625,5.5654296875,-3.84375
0.0405,-0.3203125,5.6455078125,-4.64453125
0.041,0.720703125,5.1650390625,-5.205078125
0.0415,1.921875,4.2041015625,-5.685546875
0.042,3.1630859375,3.2431640625,-6.005859375
0.0425,4.1240234375,2.2021484375,-6.166015625
0.043,4.724609375,1.4013671875,-6.24609375
0.0435,4.884765625,0.640625,-5.9658203125
0.044,4.8046875,-0.3603515625,-5.205078125
0.0445,4.7646484375,-1.44140625,-4.3642578125
0.045,4.7646484375,-2.72265625,-3.36328125
0.0455,4.6845703125,-3.8037109375,-2.40234375
0.046,4.484375,-4.564453125,-1.6015625
0.0465,3.8837890625,-5.044921875,-0.720703125
0.047,3.0029296875,-5.3251953125,0.5205078125
0.0475,1.9619140625,-5.765625,1.841796875
0.048,1.0009765625,-6.0458984375,3.0830078125
0.0485,0.2802734375,-6.40625,4.083984375
0.049,-0.6005859375,-6.3662109375,4.8447265625
0.0495,-1.681640625,-5.6455078125,5.28515625
0.05,-2.8828125,-4.564453125,5.7255859375
0.0505,-4.0439453125,-3.4833984375,6.0458984375
0.051,-4.8447265625,-2.4423828125,6.0859375
0.0515,-5.28515625,-1.76171875,6.0859375
0.052,-5.28515625,-0.9609375,5.5654296875
0.0525,-5.1650390625,0.16015625,4.724609375
0.053,-5.1650390625,1.3212890625,3.84375
0.0535,-5.125,2.5224609375,2.7626953125
0.054,-5.0048828125,3.5234375,1.8818359375
0.0545,-4.724609375,4.2041015625,1.0810546875
0.055,-3.923828125,4.564453125,0.1201171875
0.0555,-2.9228515625,4.884765625,-1.2412109375
0.056,-1.9619140625,5.28515625,-2.6025390625
0.0565,-1.0009765625,5.525390625,-3.8037109375
0.057,-0.3203125,5.7255859375,-4.7646484375
0.0575,0.640625,5.4052734375,-5.365234375
0.058,1.921875,4.484375,-5.765625
0.0585,3.123046875,3.443359375,-6.1259765625
0.059,4.2041015625,2.2822265625,-6.3662109375
0.0595,4.884765625,1.3212890625,-6.3662109375
0.06,5.1650390625,0.6005859375,-6.166015625
0.0605,5.0849609375,-0.3603515625,-5.4453125
0.061,4.9248046875,-1.4814453125,-4.4443359375
0.0615,4.884765625,-2.8427734375,-3.4033203125
0.062,4.7646484375,-4.00390625,-2.322265625
0.0625,4.6044921875,-4.8447265625,-1.4814453125
0.063,4.083984375,-5.365234375,-0.640625
0.0635,3.123046875,-5.60546875,0.6005859375
0.064,1.9619140625,-5.92578125,1.9619140625
0.0645,0.880859375,-6.2060546875,3.3232421875
0.065,0.0400390625,-6.4462890625,4.404296875
0.0655,-0.80078125,-6.486328125,5.1650390625
0.066,-1.8017578125,-5.765625,5.6455078125
0.0665,-3.123046875,-4.64453125,6.005859375
0.067,-4.2841796875,-3.4833984375,6.326171875
0.0675,-5.1650390625,-2.322265625,6.3662109375
0.068,-5.6455078125,-1.4814453125,6.2861328125
0.0685,-5.685546875,-0.6806640625,5.8056640625
0.069,-5.4453125,0.400390625,4.8447265625
0.0695,-5.3251953125,1.6015625,3.8037109375
0.07,-5.28515625,2.9228515625,2.6025390625
0.0705,-5.125,4.00390625,1.6015625
0.071,-4.8046875,4.6845703125,0.80078125
0.0715,-4.0439453125,5.0048828125,-0.2802734375
0.072,-2.8828125,5.1650390625,-1.521484375
0.0725,-1.76171875,5.5654296875,-3.0029296875
0.073,-0.640625,5.685546875,-4.2841796875
0.0735,0.16015625,5.8857421875,-5.205078125
0.074,0.9609375,5.7255859375,-5.845703125
0.0745,2.2021484375,4.6845703125,-6.24609375
0.075,3.5234375,3.443359375,-6.56640625
0.0755,4.6845703125,2.2021484375,-6.7265625
0.076,5.365234375,1.0810546875,-6.646484375
0.0765,5.6455078125,0.2802734375,-6.486328125
0.077,5.4853515625,-0.6806640625,-5.765625
0.0775,5.2451171875,-1.921875,-4.5244140625
0.078,5.125,-3.2431640625,-3.36328125
0.0785,4.96484375,-4.5244140625,-2.1220703125
0.079,4.6845703125,-5.4453125,-1.1611328125
0.0795,4.2041015625,-5.92578125,-0.3203125
0.08,3.1630859375,-6.1259765625,0.9208984375
0.0805,1.841796875,-6.3662109375,2.3623046875
0.081,0.560546875,-6.56640625,3.8837890625
0.0815,-0.560546875,-6.6865234375,4.96484375
0.082,-1.1611328125,-6.6865234375,5.765625
0.0825,-2.162109375,-6.0859375,6.24609375
0.083,-3.5234375,-4.7646484375,6.5263671875
0.0835,-4.7646484375,-3.4833984375,6.7265625
0.084,-5.765625,-2.162109375,6.7666015625
0.0845,-6.2060546875,-1.1611328125,6.56640625
0.085,-6.2861328125,-0.3603515625,6.1259765625
0.0855,-5.92578125,0.720703125,5.125
0.086,-5.685546875,2.0419921875,3.84375
0.0865,-5.4853515625,3.4033203125,2.5224609375
0.087,-5.2451171875,4.5244140625,1.4013671875
0.0875,-4.884765625,5.2451171875,0.48046875
0.088,-4.1640625,5.525390625,-0.5205078125
0.0885,-2.8828125,5.60546875,-1.8017578125
0.089,-1.5615234375,5.8056640625,-3.36328125
0.0895,-0.3203125,5.92578125,-4.7646484375
0.09,0.6005859375,6.0859375,-5.685546875
0.0905,1.28125,5.92578125,-6.326171875
0.091,2.4423828125,5.0048828125,-6.7265625
0.0915,3.84375,3.5634765625,-6.9267578125
0.092,4.96484375,2.2421875,-7.0869140625
0.0925,5.7255859375,1.0009765625,-6.966796875
0.093,6.0859375,0.1201171875,-6.7265625
0.0935,5.92578125,-0.8408203125,-6.0859375
0.094,5.60546875,-1.9619140625,-4.884765625
0.0945,5.3251953125,-3.3232421875,-3.5634765625
0.095,5.125,-4.6845703125,-2.2021484375
0.0955,4.8046875,-5.6455078125,-1.12109375
0.096,4.404296875,-6.24609375,-0.2802734375
0.0965,3.4033203125,-6.4462890625,0.880859375
0.097,2.001953125,-6.56640625,2.2421875
0.0975,0.6005859375,-6.7265625,3.84375
0.098,-0.6005859375,-6.7265625,5.044921875
0.0985,-1.28125,-6.7666015625,5.8857421875
0.099,-2.08203125,-6.40625,6.40625
0.0995,-3.36328125,-5.205078125,6.6865234375
0.1,-4.64453125,-3.84375,6.88671875
0.1005,-5.7255859375,-2.4423828125,6.966796875
0.101,-6.2861328125,-1.3212890625,6.7265625
0.1015,-6.4462890625,-0.560546875,6.40625
0.102,-6.2060546875,0.4404296875,5.60546875
0.1025,-5.8056640625,1.6416015625,4.32421875
0.103,-5.60546875,3.0029296875,3.0029296875
0.1035,-5.365234375,4.2041015625,1.76171875
0.104,-5.0048828125,5.0849609375,0.720703125
0.1045,-4.5244140625,5.525390625,-0.2001953125
0.105,-3.4033203125,5.60546875,-1.28125
0.1055,-2.08203125,5.7255859375,-2.72265625
0.106,-0.7607421875,6.005859375,-4.2041015625
0.1065,0.2802734375,6.0458984375,-5.28515625
0.107,0.9609375,6.0859375,-6.1259765625
0.1075,1.921875,5.4853515625,-6.56640625
0.108,3.2431640625,4.1640625,-6.806640625
0.1085,4.4443359375,2.8828125,-7.0068359375
0.109,5.4052734375,1.5615234375,-7.0068359375
0.1095,5.92578125,0.560546875,-6.806640625
0.11,6.005859375,-0.3603515625,-6.4462890625
0.1105,5.7255859375,-1.3212890625,-5.4453125
0.111,5.4052734375,-2.6025390625,-4.1640625
0.1115,5.205078125,-4.00390625,-2.8828125
0.112,4.96484375,-5.1650390625,-1.6416015625
0.1125,4.6044921875,-5.9658203125,-0.720703125
0.113,3.9638671875,-6.326171875,0.2802734375
0.1135,2.72265625,-6.4462890625,1.4814453125
0.114,1.3212890625,-6.6064453125,3.04296875
0.1145,0.0400390625,-6.7265625,4.484375
0.115,-0.9208984375,-6.806640625,5.4853515625
0.1155,-1.5615234375,-6.6865234375,6.166015625
0.116,-2.642578125,-5.8056640625,6.5263671875
0.1165,-4.0439453125,-4.4443359375,6.7666015625
0.117,-5.28515625,-3.0830078125,6.966796875
0.1175,-6.0859375,-1.841796875,6.88671875
0.118,-6.40625,-0.9609375,6.646484375
0.1185,-6.3662109375,0.0400390625,6.0458984375
0.119,-6.0458984375,1.12109375,4.884765625
0.1195,-5.765625,2.482421875,3.5634765625
0.12,-5.525390625,3.84375,2.2421875
0.1205,-5.28515625,4.8447265625,1.0810546875
0.121,-4.8447265625,5.4453125,0.240234375
0.1215,-3.8837890625,5.6455078125,-0.9208984375
0.122,-2.5224609375,5.8056640625,-2.2822265625
0.1225,-1.1611328125,6.0458984375,-3.84375
0.123,0.1201171875,6.0859375,-5.125
0.1235,0.80078125,6.1259765625,-5.9658203125
0.124,1.6015625,5.8056640625,-6.5263671875
0.1245,2.8828125,4.6044921875,-6.806640625
0.125,4.1640625,3.203125,-7.046875
0.1255,5.2451171875,1.8818359375,-7.0869140625
0.126,5.8857421875,0.720703125,-6.88671875
0.1265,6.0859375,-0.2001953125,-6.6064453125
0.127,5.8056640625,-1.12109375,-5.765625
0.1275,5.4453125,-2.322265625,-4.5244140625
0.128,5.2451171875,-3.6435546875,-3.203125
0.1285,5.0048828125,-4.9248046875,-1.921875
0.129,4.64453125,-5.765625,-0.9208984375
0.1295,4.1240234375,-6.2861328125,0.0
0.13,3.04296875,-6.326171875,1.12109375
0.1305,1.7216796875,-6.4462890625,2.5224609375
0.131,0.3603515625,-6.6064453125,4.0439453125
0.1315,-0.720703125,-6.6064453125,5.125
0.132,-1.3212890625,-6.6865234375,5.8857421875
0.1325,-2.2021484375,-6.1259765625,6.326171875
0.133,-3.5234375,-4.8447265625,6.5263671875
0.1335,-4.6845703125,-3.5634765625,6.7265625
0.134,-5.6455078125,-2.2822265625,6.7265625
0.1345,-6.1259765625,-1.3212890625,6.56640625
0.135,-6.2060546875,-0.560546875,6.24609375
0.1355,-5.92578125,0.48046875,5.3251953125
0.136,-5.6455078125,1.6416015625,4.1240234375
0.1365,-5.4853515625,2.962890625,2.8427734375
0.137,-5.2451171875,4.083984375,1.7216796875
0.1375,-5.0048828125,4.8447265625,0.7607421875
0.138,-4.3642578125,5.3251953125,-0.16015625
0.1385,-3.203125,5.4453125,-1.28125
0.139,-2.001953125,5.7255859375,-2.72265625
0.1395,-0.7607421875,5.8056640625,-4.1640625
0.14,0.16015625,6.005859375,-5.1650390625
0.1405,0.8408203125,5.9658203125,-5.8857421875
0.141,1.8818359375,5.2451171875,-6.2861328125
0.1415,3.1630859375,3.9638671875,-6.6064453125
0.142,4.3642578125,2.7626953125,-6.806640625
0.1425,5.205078125,1.521484375,-6.7666015625
0.143,5.6455078125,0.6806640625,-6.6865234375
0.1435,5.685546875,-0.2802734375,-6.2060546875
0.144,5.4052734375,-1.28125,-5.1650390625
0.1445,5.205078125,-2.5224609375,-4.0439453125
0.145,5.0849609375,-3.8837890625,-2.7626953125
0.1455,4.8046875,-5.0048828125,-1.7216796875
0.146,4.484375,-5.60546875,-0.8408203125
0.1465,3.763671875,-5.92578125,0.16015625
0.147,2.5625,-6.0859375,1.4013671875
0.1475,1.3212890625,-6.326171875,2.8828125
0.148,0.2001953125,-6.40625,4.1240234375
0.1485,-0.640625,-6.6064453125,5.0849609375
0.149,-1.361328125,-6.40625,5.7255859375
0.1495,-2.5224609375,-5.4453125,6.0458984375
0.15,-3.763671875,-4.2841796875,6.3662109375
0.1505,-4.8447265625,-3.04296875,6.5263671875
0.151,-5.5654296875,-1.9619140625,6.4462890625
0.1515,-5.845703125,-1.201171875,6.2861328125
0.152,-5.765625,-0.400390625,5.685546875
0.1525,-5.4853515625,0.720703125,4.6044921875
0.153,-5.365234375,1.921875,3.5234375
0.1535,-5.2451171875,3.1630859375,2.3623046875
0.154,-5.0048828125,4.1240234375,1.4013671875
0.1545,-4.64453125,4.724609375,0.640625
0.155,-3.8037109375,4.96484375,-0.48046875
0.1555,-2.6826171875,5.205078125,-1.681640625
0.156,-1.5615234375,5.4853515625,-3.0830078125
0.1565,-0.6005859375,5.6455078125,-4.2041015625
0.157,0.16015625,5.8056640625,-5.125
0.1575,1.0009765625,5.525390625,-5.6455078125
0.158,2.2021484375,4.484375,-5.9658203125
0.1585,3.3232421875,3.443359375,-6.326171875
0.159,4.3642578125,2.2421875,-6.4462890625
0.1595,5.0048828125,1.28125,-6.4462890625
0.16,5.2451171875,0.6005859375,-6.2861328125
0.1605,5.125,-0.400390625,-5.525390625
0.161,4.96484375,-1.4814453125,-4.6044921875
0.1615,4.8447265625,-2.72265625,-3.5634765625
0.162,4.7646484375,-3.84375,-2.482421875
0.1625,4.6044921875,-4.6845703125,-1.6416015625
0.163,4.1240234375,-5.2451171875,-0.80078125
0.1635,3.2431640625,-5.4853515625,0.3203125
0.164,2.2421875,-5.8056640625,1.6015625
0.1645,1.12109375,-6.0859375,2.962890625
0.165,0.2802734375,-6.326171875,4.0439453125
0.1655,-0.5205078125,-6.4462890625,4.8447265625
0.166,-1.4013671875,-5.92578125,5.365234375
0.1665,-2.6025390625,-4.96484375,5.7255859375
0.167,-3.763671875,-3.8837890625,6.0458984375
0.1675,-4.6845703125,-2.802734375,6.1259765625
0.168,-5.205078125,-2.001953125,6.2060546875
0.1685,-5.4052734375,-1.2412109375,5.845703125
0.169,-5.2451171875,-0.400390625,5.0849609375
0.1695,-5.205078125,0.7607421875,4.2041015625
0.17,-5.1650390625,2.0419921875,3.203125
0.1705,-5.0849609375,3.123046875,2.2421875
0.171,-4.884765625,3.9638671875,1.44140625
0.1715,-4.32421875,4.404296875,0.6005859375
0.172,-3.36328125,4.64453125,-0.640625
0.1725,-2.482421875,5.0849609375,-1.8818359375
0.173,-1.44140625,5.365234375,-3.1630859375
0.1735,-0.720703125,5.6455078125,-4.1640625
0.174,0.1201171875,5.6455078125,-4.884765625
0.1745,1.12109375,4.96484375,-5.365234375
0.175,2.322265625,4.00390625,-5.765625
0.1755,3.443359375,2.962890625,-6.1259765625
0.176,4.32421875,1.9619140625,-6.166015625
0.1765,4.7646484375,1.2412109375,-6.24609375
0.177,4.8046875,0.48046875,-5.765625
0.1775,4.724609375,-0.640625,-5.0048828125
0.178,4.7646484375,-1.6416015625,-4.1640625
0.1785,4.724609375,-2.8828125,-3.203125
0.179,4.6044921875,-3.8837890625,-2.322265625
0.1795,4.4443359375,-4.6044921875,-1.5615234375
0.18,3.763671875,-5.0048828125,-0.6005859375
0.1805,2.8427734375,-5.4052734375,0.6806640625
0.181,1.8818359375,-5.765625,1.9619140625
0.1815,0.9609375,-6.0458984375,3.123046875
0.182,0.3203125,-6.3662109375,4.1240234375
0.1825,-0.640625,-6.166015625,4.8046875
0.183,-1.76171875,-5.4052734375,5.2451171875
0.1835,-2.9228515625,-4.484375,5.685546875
0.184,-4.00390625,-3.36328125,5.92578125
0.1845,-4.7646484375,-2.5625,6.0458984375
0.185,-5.125,-1.841796875,5.9658203125
0.1855,-5.1650390625,-1.0009765625,5.4052734375
0.186,-5.0849609375,0.1201171875,4.64453125
0.1865,-5.125,1.28125,3.763671875
0.187,-5.0849609375,2.4423828125,2.802734375
0.1875,-5.0048828125,3.4033203125,1.9619140625
0.188,-4.64453125,4.00390625,1.1611328125
0.1885,-3.84375,4.404296875,0.1201171875
0.189,-2.962890625,4.8046875,-1.201171875
0.1895,-1.9619140625,5.1650390625,-2.5224609375
0.19,-1.1611328125,5.5654296875,-3.6435546875
0.1905,-0.48046875,5.7255859375,-4.5244140625
0.191,0.6005859375,5.28515625,-5.125
0.1915,1.841796875,4.3642578125,-5.5654296875
0.192,3.0029296875,3.36328125,-5.9658203125
0.1925,3.9638671875,2.2421875,-6.1259765625
0.193,4.6044921875,1.44140625,-6.24609375
0.1935,4.8046875,0.6806640625,-6.005859375
0.194,4.8046875,-0.2802734375,-5.28515625
0.1945,4.7646484375,-1.361328125,-4.4443359375
0.195,4.7646484375,-2.6025390625,-3.443359375
0.1955,4.6845703125,-3.7236328125,-2.4423828125
0.196,4.5244140625,-4.5244140625,-1.681640625
0.1965,3.9638671875,-5.0048828125,-0.80078125
0.197,3.04296875,-5.3251953125,0.48046875
0.1975,2.0419921875,-5.765625,1.8017578125
0.198,1.041015625,-6.0458984375,3.04296875
0.1985,0.3203125,-6.326171875,4.083984375
0.199,-0.5205078125,-6.2861328125,4.8447265625
0.1995,-1.6015625,-5.5654296875,5.28515625
0.2,-2.8828125,-4.564453125,5.7255859375
0.2005,-4.00390625,-3.5234375,6.005859375
0.201,-4.8447265625,-2.482421875,6.0859375
0.2015,-5.2451171875,-1.8017578125,6.0458984375
0.202,-5.28515625,-0.9609375,5.5654296875
0.2025,-5.1650390625,0.16015625,4.724609375
0.203,-5.1650390625,1.3212890625,3.8037109375
0.2035,-5.125,2.5625,2.72265625
0.204,-5.0048828125,3.5634765625,1.841796875
0.2045,-4.6845703125,4.244140625,1.041015625
0.205,-3.923828125,4.6044921875,0.080078125
0.2055,-2.9228515625,4.884765625,-1.28125
0.206,-1.921875,5.28515625,-2.642578125
0.2065,-1.0009765625,5.5654296875,-3.8037109375
0.207,-0.3203125,5.765625,-4.724609375
0.2075,0.6806640625,5.4453125,-5.3251953125
0.208,1.921875,4.484375,-5.765625
0.2085,3.123046875,3.36328125,-6.1259765625
0.209,4.1640625,2.2421875,-6.326171875
0.2095,4.8046875,1.28125,-6.3662109375
0.21,5.0849609375,0.6005859375,-6.166015625
0.2105,4.96484375,-0.3603515625,-5.4453125
0.211,4.8447265625,-1.4814453125,-4.484375
0.2115,4.8447265625,-2.7626953125,-3.443359375
0.212,4.7646484375,-3.8837890625,-2.40234375
0.2125,4.564453125,-4.7646484375,-1.5615234375
0.213,4.083984375,-5.28515625,-0.6806640625
0.2135,3.1630859375,-5.525390625,0.48046875
0.214,2.0419921875,-5.845703125,1.8818359375
0.2145,0.9609375,-6.1259765625,3.203125
0.215,0.1201171875,-6.40625,4.2841796875
0.2155,-0.640625,-6.4462890625,5.0849609375
0.216,-1.681640625,-5.8056640625,5.5654296875
0.2165,-2.962890625,-4.7646484375,5.92578125
0.217,-4.1640625,-3.5634765625,6.2060546875
0.2175,-5.0849609375,-2.482421875,6.24609375
0.218,-5.525390625,-1.6416015625,6.24609375
0.2185,-5.60546875,-0.8408203125,5.8056640625
0.219,-5.4052734375,0.240234375,4.96484375
0.2195,-5.28515625,1.4013671875,3.8837890625
0.22,-5.205078125,2.6826171875,2.7626953125
0.2205,-5.0849609375,3.763671875,1.76171875
0.221,-4.8447265625,4.484375,0.9609375
0.2215,-4.1240234375,4.8447265625,0.0400390625
0.222,-3.0029296875,5.044921875,-1.28125
0.2225,-1.921875,5.4453125,-2.72265625
0.223,-0.8408203125,5.6455078125,-4.00390625
0.2235,0.0,5.8857421875,-4.96484375
0.224,0.7607421875,5.7255859375,-5.6455078125
0.2245,1.9619140625,4.7646484375,-6.0859375
0.225,3.2431640625,3.5634765625,-6.40625
0.2255,4.404296875,2.2822265625,-6.6865234375
0.226,5.1650390625,1.28125,-6.56640625
0.2265,5.4853515625,0.48046875,-6.4462890625
0.227,5.4052734375,-0.5205078125,-5.765625
0.2275,5.1650390625,-1.6416015625,-4.6845703125
0.228,5.0849609375,-2.962890625,-3.5234375
0.2285,4.96484375,-4.244140625,-2.2822265625
0.229,4.724609375,-5.205078125,-1.3212890625
0.2295,4.2841796875,-5.765625,-0.5205078125
0.23,3.2431640625,-5.9658203125,0.6806640625
0.2305,1.9619140625,-6.166015625,2.162109375
0.231,0.720703125,-6.4462890625,3.68359375
0.2315,-0.3603515625,-6.56640625,4.8046875
0.232,-1.0009765625,-6.6865234375,5.60546875
0.2325,-1.9619140625,-6.1259765625,6.1259765625
0.233,-3.36328125,-4.8447265625,6.40625
0.2335,-4.64453125,-3.5634765625,6.646484375
0.234,-5.6455078125,-2.2421875,6.6865234375
0.2345,-6.1259765625,-1.28125,6.5263671875
0.235,-6.166015625,-0.48046875,6.1259765625
0.2355,-5.92578125,0.640625,5.1650390625
0.236,-5.6455078125,1.921875,3.84375
0.2365,-5.4853515625,3.3232421875,2.5625
0.237,-5.2451171875,4.404296875,1.4013671875
0.2375,-4.884765625,5.125,0.560546875
0.238,-4.1640625,5.4453125,-0.48046875
0.2385,-2.8828125,5.5654296875,-1.76171875
0.239,-1.5615234375,5.8056640625,-3.283203125
0.2395,-0.3203125,5.92578125,-4.64453125
0.24,0.560546875,6.0458984375,-5.60546875
0.2405,1.2412109375,5.8857421875,-6.24609375
0.241,2.3623046875,4.96484375,-6.6064453125
0.2415,3.7236328125,3.5234375,-6.88671875
0.242,4.884765625,2.2421875,-7.0068359375
0.2425,5.685546875,1.0009765625,-6.88671875
0.243,6.005859375,0.16015625,-6.6865234375
0.2435,5.8857421875,-0.80078125,-6.0458984375
0.244,5.525390625,-1.921875,-4.8447265625
0.2445,5.2451171875,-3.203125,-3.5634765625
0.245,5.0849609375,-4.564453125,-2.2421875
0.2455,4.8046875,-5.5654296875,-1.1611328125
0.246,4.32421875,-6.1259765625,-0.3203125
0.2465,3.443359375,-6.326171875,0.7607421875
0.247,2.08203125,-6.40625,2.162109375
0.2475,0.720703125,-6.6064453125,3.68359375
0.248,-0.5205078125,-6.6865234375,4.9248046875
0.2485,-1.201171875,-6.806640625,5.765625
0.249,-1.9619140625,-6.4462890625,6.326171875
0.2495,-3.203125,-5.28515625,6.5263671875
0.25,-4.5244140625,-3.8837890625,6.806640625
0.2505,-5.60546875,-2.5625,6.88671875
0.251,-6.2060546875,-1.44140625,6.6865234375
0.2515,-6.3662109375,-0.640625,6.40625
0.252,-6.1259765625,0.3203125,5.60546875
0.2525,-5.765625,1.521484375,4.3642578125
0.253,-5.60546875,2.8427734375,3.0830078125
0.2535,-5.4052734375,4.1240234375,1.841796875
0.254,-5.0849609375,4.96484375,0.8408203125
0.2545,-4.5244140625,5.4453125,0.0
0.255,-3.4833984375,5.5654296875,-1.1611328125
0.2555,-2.1220703125,5.7255859375,-2.6025390625
0.256,-0.8408203125,5.92578125,-4.1640625
0.2565,0.240234375,6.005859375,-5.205078125
0.257,0.9208984375,6.0458984375,-6.0458984375
0.2575,1.8017578125,5.4453125,-6.486328125
0.258,3.1630859375,4.1640625,-6.7666015625
0.2585,4.404296875,2.9228515625,-6.966796875
0.259,5.365234375,1.6015625,-7.0068359375
0.2595,5.8857421875,0.6005859375,-6.806640625
0.26,5.9658203125,-0.3203125,-6.4462890625
0.2605,5.7255859375,-1.3212890625,-5.4853515625
0.261,5.4052734375,-2.5625,-4.1640625
0.2615,5.2451171875,-4.00390625,-2.8828125
0.262,4.96484375,-5.125,-1.6416015625
0.2625,4.64453125,-5.92578125,-0.720703125
0.263,3.923828125,-6.2861328125,0.2802734375
0.2635,2.72265625,-6.40625,1.521484375
0.264,1.3212890625,-6.56640625,3.0830078125
0.2645,0.0,-6.7265625,4.484375
0.265,-0.9208984375,-6.8466796875,5.4853515625
0.2655,-1.6416015625,-6.7265625,6.1259765625
0.266,-2.72265625,-5.765625,6.5263671875
0.2665,-4.1240234375,-4.3642578125,6.8466796875
0.267,-5.28515625,-3.0830078125,7.0068359375
0.2675,-6.1259765625,-1.8017578125,6.88671875
0.268,-6.4462890625,-0.880859375,6.646484375
0.2685,-6.3662109375,0.080078125,6.005859375
0.269,-6.005859375,1.201171875,4.8447265625
0.2695,-5.765625,2.5625,3.5234375
0.27,-5.5654296875,3.923828125,2.162109375
0.2705,-5.28515625,4.96484375,1.041015625
0.271,-4.8046875,5.5654296875,0.16015625
0.2715,-3.84375,5.7255859375,-0.9609375
0.272,-2.4423828125,5.8857421875,-2.40234375
0.2725,-1.12109375,6.0458984375,-4.00390625
0.273,0.1201171875,6.0859375,-5.205078125
0.2735,0.880859375,6.1259765625,-6.1259765625
0.274,1.7216796875,5.8056640625,-6.6064453125
0.2745,3.0029296875,4.564453125,-6.9267578125
0.275,4.32421875,3.1630859375,-7.0869140625
0.2755,5.4052734375,1.8017578125,-7.126953125
0.276,6.005859375,0.6005859375,-6.9267578125
0.2765,6.166015625,-0.2802734375,-6.646484375
0.277,5.8857421875,-1.2412109375,-5.765625
0.2775,5.525390625,-2.4423828125,-4.4443359375
0.278,5.28515625,-3.84375,-3.0830078125
0.2785,5.0048828125,-5.0849609375,-1.8017578125
0.279,4.64453125,-5.845703125,-0.80078125
0.2795,4.1240234375,-6.3662109375,0.16015625
0.28,3.0029296875,-6.40625,1.2412109375
0.2805,1.5615234375,-6.56640625,2.6826171875
0.281,0.2802734375,-6.7265625,4.2041015625
0.2815,-0.880859375,-6.7265625,5.2451171875
0.282,-1.44140625,-6.7265625,6.005859375
0.2825,-2.322265625,-6.1259765625,6.40625
0.283,-3.6435546875,-4.8046875,6.646484375
0.2835,-4.8447265625,-3.4833984375,6.806640625
0.284,-5.765625,-2.2021484375,6.7666015625
0.2845,-6.24609375,-1.2412109375,6.6064453125
0.285,-6.2861328125,-0.48046875,6.2060546875
0.2855,-5.92578125,0.560546875,5.28515625
0.286,-5.6455078125,1.76171875,4.0439453125
0.2865,-5.4453125,3.04296875,2.8427734375
0.287,-5.205078125,4.2041015625,1.6416015625
0.2875,-4.9248046875,4.9248046875,0.7607421875
0.288,-4.244140625,5.28515625,-0.2001953125
0.2885,-3.203125,5.365234375,-1.3212890625
0.289,-1.9619140625,5.60546875,-2.72265625
0.2895,-0.7607421875,5.765625,-4.1640625
0.29,0.2001953125,5.92578125,-5.125
0.2905,0.8408203125,5.9658203125,-5.845703125
0.291,1.841796875,5.2451171875,-6.2861328125
0.2915,3.123046875,4.00390625,-6.56640625
0.292,4.32421875,2.802734375,-6.7666015625
0.2925,5.1650390625,1.5615234375,-6.7666015625
0.293,5.60546875,0.720703125,-6.6865234375
0.2935,5.685546875,-0.2001953125,-6.2060546875
0.294,5.4052734375,-1.201171875,-5.205078125
0.2945,5.205078125,-2.4423828125,-4.1240234375
0.295,5.0849609375,-3.763671875,-2.8828125
0.2955,4.8447265625,-4.8447265625,-1.8017578125
0.296,4.5244140625,-5.5654296875,-0.9208984375
0.2965,3.8037109375,-5.92578125,0.1201171875
0.297,2.6025390625,-6.1259765625,1.361328125
0.2975,1.361328125,-6.40625,2.8427734375
0.298,0.240234375,-6.4462890625,4.1240234375
0.2985,-0.6005859375,-6.6865234375,5.0849609375
0.299,-1.3212890625,-6.4462890625,5.7255859375
0.2995,-2.482421875,-5.4853515625,6.0859375
0.3,-3.763671875,-4.32421875,6.3662109375
0.3005,-4.884765625,-3.0830078125,6.5263671875
0.301,-5.60546875,-1.9619140625,6.4462890625
0.3015,-5.8857421875,-1.201171875,6.2861328125
0.302,-5.765625,-0.3603515625,5.6455078125
0.3025,-5.525390625,0.80078125,4.6044921875
0.303,-5.4052734375,2.0419921875,3.4833984375
0.3035,-5.2451171875,3.283203125,2.322265625
0.304,-5.0048828125,4.2041015625,1.361328125
0.3045,-4.64453125,4.8046875,0.560546875
0.305,-3.7236328125,5.0048828125,-0.5205078125
0.3055,-2.642578125,5.205078125,-1.8017578125
0.306,-1.44140625,5.5654296875,-3.2431640625
0.3065,-0.5205078125,5.685546875,-4.32421875
0.307,0.2802734375,5.845703125,-5.1650390625
0.3075,1.0810546875,5.4453125,-5.7255859375
0.308,2.2822265625,4.4443359375,-6.0458984375
0.3085,3.4833984375,3.3232421875,-6.3662109375
0.309,4.484375,2.162109375,-6.4462890625
0.3095,5.0849609375,1.201171875,-6.4462890625
0.31,5.28515625,0.48046875,-6.24609375
0.3105,5.125,-0.5205078125,-5.4853515625
0.311,4.96484375,-1.521484375,-4.5244140625
0.3115,4.9248046875,-2.8427734375,-3.4833984375
0.312,4.7646484375,-3.923828125,-2.40234375
0.3125,4.564453125,-4.8447265625,-1.5615234375
0.313,4.1240234375,-5.3251953125,-0.720703125
0.3135,3.1630859375,-5.60546875,0.400390625
0.314,2.162109375,-5.845703125,1.7216796875
0.3145,1.041015625,-6.1259765625,3.04296875
0.315,0.240234375,-6.3662109375,4.1240234375
0.3155,-0.5205078125,-6.4462890625,4.884765625
0.316,-1.44140625,-5.92578125,5.4052734375
0.3165,-2.642578125,-4.9248046875,5.765625
0.317,-3.84375,-3.84375,6.0859375
0.3175,-4.7646484375,-2.7626953125,6.2060546875
0.318,-5.28515625,-1.9619140625,6.2060546875
0.3185,-5.4453125,-1.2412109375,5.8857421875
0.319,-5.28515625,-0.3203125,5.125
0.3195,-5.205078125,0.80078125,4.244140625
0.32,-5.205078125,2.08203125,3.2431640625
0.3205,-5.125,3.1630859375,2.2421875
0.321,-4.884765625,3.923828125,1.44140625
0.3215,-4.3642578125,4.404296875,0.560546875
0.322,-3.4033203125,4.724609375,-0.640625
0.3225,-2.4423828125,5.125,-1.9619140625
0.323,-1.44140625,5.4052734375,-3.203125
0.3235,-0.6806640625,5.685546875,-4.2041015625
0.324,0.1201171875,5.685546875,-4.96484375
0.3245,1.201171875,4.96484375,-5.4453125
0.325,2.40234375,4.00390625,-5.845703125
0.3255,3.5634765625,2.9228515625,-6.166015625
0.326,4.404296875,1.921875,-6.24609375
0.3265,4.8046875,1.201171875,-6.2861328125
0.327,4.884765625,0.400390625,-5.765625
0.3275,4.8046875,-0.6806640625,-5.0048828125
0.328,4.8046875,-1.8017578125,-4.1240234375
0.3285,4.7646484375,-3.0830078125,-3.0830078125
0.329,4.64453125,-4.0439453125,-2.2021484375
0.3295,4.404296875,-4.8046875,-1.44140625
0.33,3.68359375,-5.0849609375,-0.48046875
0.3305,2.7626953125,-5.4453125,0.80078125
0.331,1.76171875,-5.8056640625,2.162109375
0.3315,0.80078125,-6.0859375,3.3232421875
0.332,0.16015625,-6.3662109375,4.244140625
0.3325,-0.80078125,-6.1259765625,4.884765625
0.333,-1.921875,-5.28515625,5.3251953125
0.3335,-3.0830078125,-4.3642578125,5.7255859375
0.334,-4.1640625,-3.283203125,5.9658203125
0.3345,-4.8447265625,-2.40234375,6.0859375
0.335,-5.1650390625,-1.681640625,5.92578125
0.3355,-5.125,-0.880859375,5.4052734375
0.336,-5.0849609375,0.240234375,4.564453125
0.3365,-5.125,1.4013671875,3.68359375
0.337,-5.0849609375,2.5224609375,2.6826171875
0.3375,-5.0048828125,3.4833984375,1.841796875
0.338,-4.564453125,4.083984375,1.041015625
0.3385,-3.8037109375,4.4443359375,0.0400390625
0.339,-2.8828125,4.8447265625,-1.28125
0.3395,-1.8818359375,5.205078125,-2.6025390625
0.34,-1.0810546875,5.525390625,-3.7236328125
0.3405,-0.400390625,5.685546875,-4.5244140625
0.341,0.640625,5.2451171875,-5.125
0.3415,1.8818359375,4.32421875,-5.5654296875
0.342,3.04296875,3.3232421875,-5.9658203125
0.3425,4.00390625,2.2822265625,-6.1259765625
0.343,4.6044921875,1.4814453125,-6.24609375
0.3435,4.8046875,0.7607421875,-5.9658203125
0.344,4.7646484375,-0.2802734375,-5.2451171875
0.3445,4.724609375,-1.3212890625,-4.4443359375
0.345,4.8046875,-2.6025390625,-3.443359375
0.3455,4.64453125,-3.7236328125,-2.5224609375
0.346,4.5244140625,-4.484375,-1.76171875
0.3465,3.9638671875,-4.9248046875,-0.8408203125
0.347,3.0830078125,-5.2451171875,0.3603515625
0.3475,2.08203125,-5.7255859375,1.7216796875
0.348,1.12109375,-5.9658203125,2.9228515625
0.3485,0.4404296875,-6.2861328125,3.9638671875
0.349,-0.400390625,-6.2861328125,4.6845703125
0.3495,-1.4814453125,-5.60546875,5.1650390625
0.35,-2.72265625,-4.64453125,5.6455078125
0.3505,-3.8837890625,-3.5634765625,5.92578125
0.351,-4.6845703125,-2.5625,6.0458984375
0.3515,-5.1650390625,-1.8818359375,6.0458984375
0.352,-5.1650390625,-1.12109375,5.60546875
0.3525,-5.0849609375,-0.16015625,4.7646484375
0.353,-5.125,1.0810546875,3.8837890625
0.3535,-5.125,2.2822265625,2.8828125
0.354,-5.0048828125,3.3232421875,2.001953125
0.3545,-4.7646484375,4.00390625,1.2412109375
0.355,-4.00390625,4.404296875,0.2802734375
0.3555,-3.0830078125,4.724609375,-1.0009765625
0.356,-2.08203125,5.205078125,-2.40234375
0.3565,-1.201171875,5.4453125,-3.5634765625
0.357,-0.5205078125,5.7255859375,-4.484375
0.3575,0.4404296875,5.4453125,-5.125
0.358,1.6416015625,4.564453125,-5.5654296875
0.3585,2.8828125,3.5634765625,-5.9658203125
0.359,3.9638671875,2.482421875,-6.24609375
0.3595,4.64453125,1.5615234375,-6.2861328125
0.36,4.96484375,0.80078125,-6.1259765625
0.3605,4.9248046875,-0.2001953125,-5.4853515625
0.361,4.8046875,-1.28125,-4.6044921875
0.3615,4.8046875,-2.5625,-3.603515625
0.362,4.7646484375,-3.68359375,-2.5625
0.3625,4.6044921875,-4.564453125,-1.7216796875
0.363,4.1240234375,-5.125,-0.880859375
0.3635,3.2431640625,-5.4052734375,0.3203125
0.364,2.2021484375,-5.765625,1.6416015625
0.3645,1.12109375,-6.0859375,3.0029296875
0.365,0.2802734375,-6.3662109375,4.083984375
0.3655,-0.5205078125,-6.40625,4.884765625
0.366,-1.521484375,-5.8056640625,5.4052734375
0.3665,-2.802734375,-4.7646484375,5.8056640625
0.367,-4.00390625,-3.603515625,6.1259765625
0.3675,-4.9248046875,-2.5625,6.2060546875
0.368,-5.4453125,-1.681640625,6.2060546875
0.3685,-5.4853515625,-1.0009765625,5.8056640625
0.369,-5.3251953125,0.1201171875,4.9248046875
0.3695,-5.28515625,1.2412109375,3.8837890625
0.37,-5.205078125,2.6025390625,2.8427734375
0.3705,-5.0849609375,3.68359375,1.841796875
0.371,-4.8447265625,4.404296875,1.041015625
0.3715,-4.1240234375,4.724609375,0.1201171875
0.372,-3.04296875,4.96484375,-1.2412109375
0.3725,-1.9619140625,5.365234375,-2.642578125
0.373,-0.9208984375,5.5654296875,-3.84375
0.3735,-0.2001953125,5.765625,-4.8447265625
0.374,0.6806640625,5.6455078125,-5.4853515625
0.3745,1.841796875,4.7646484375,-5.92578125
0.375,3.1630859375,3.5634765625,-6.2861328125
0.3755,4.32421875,2.3623046875,-6.486328125
0.376,5.044921875,1.3212890625,-6.4462890625
0.3765,5.365234375,0.560546875,-6.40625
0.377,5.28515625,-0.400390625,-5.765625
0.3775,5.044921875,-1.5615234375,-4.6845703125
0.378,5.0048828125,-2.7626953125,-3.5634765625
0.3785,4.8447265625,-4.0439453125,-2.4423828125
0.379,4.6845703125,-5.0048828125,-1.44140625
0.3795,4.2841796875,-5.60546875,-0.640625
0.38,3.3232421875,-5.765625,0.48046875
0.3805,2.08203125,-6.0458984375,1.921875
0.381,0.9208984375,-6.326171875,3.36328125
0.3815,0.0,-6.486328125,4.5244140625
0.382,-0.80078125,-6.6064453125,5.365234375
0.3825,-1.76171875,-6.1259765625,5.8857421875
0.383,-3.0830078125,-4.884765625,6.24609375
0.3835,-4.3642578125,-3.6435546875,6.5263671875
0.384,-5.4052734375,-2.4423828125,6.6064453125
0.3845,-5.92578125,-1.4814453125,6.486328125
0.385,-6.0458984375,-0.720703125,6.1259765625
0.3855,-5.8056640625,0.3203125,5.205078125
0.386,-5.5654296875,1.6416015625,3.9638671875
0.3865,-5.4453125,3.04296875,2.72265625
0.387,-5.2451171875,4.1640625,1.6015625
0.3875,-4.9248046875,4.9248046875,0.7607421875
0.388,-4.2841796875,5.28515625,-0.240234375
0.3885,-3.0830078125,5.4052734375,-1.4814453125
0.389,-1.8017578125,5.7255859375,-3.04296875
0.3895,-0.560546875,5.8857421875,-4.4443359375
0.39,0.3203125,6.005859375,-5.4052734375
0.3905,1.041015625,5.8857421875,-6.1259765625
0.391,2.2021484375,5.0048828125,-6.4462890625
0.3915,3.603515625,3.603515625,-6.7666015625
0.392,4.7646484375,2.3623046875,-6.966796875
0.3925,5.60546875,1.0810546875,-6.8466796875
0.393,5.8857421875,0.240234375,-6.6865234375
0.3935,5.765625,-0.7607421875,-6.0859375
0.394,5.4853515625,-1.8818359375,-4.884765625
0.3945,5.2451171875,-3.203125,-3.5634765625
0.395,5.0849609375,-4.5244140625,-2.2421875
0.3955,4.8046875,-5.525390625,-1.201171875
0.396,4.3642578125,-6.1259765625,-0.3203125
0.3965,3.443359375,-6.2861328125,0.7607421875
0.397,2.0419921875,-6.40625,2.2021484375
0.3975,0.6806640625,-6.646484375,3.8037109375
0.398,-0.5205078125,-6.6865234375,4.96484375
0.3985,-1.2412109375,-6.7265625,5.8056640625
0.399,-2.001953125,-6.3662109375,6.3662109375
0.3995,-3.3232421875,-5.1650390625,6.646484375
0.4,-4.64453125,-3.763671875,6.88671875
0.4005,-5.7255859375,-2.4423828125,6.9267578125
0.401,-6.2861328125,-1.3212890625,6.6865234375
0.4015,-6.4462890625,-0.6005859375,6.3662109375
0.402,-6.166015625,0.48046875,5.5654296875
0.4025,-5.765625,1.76171875,4.2041015625
0.403,-5.60546875,3.0830078125,2.9228515625
0.4035,-5.365234375,4.32421875,1.6416015625
0.404,-5.0048828125,5.0849609375,0.6806640625
0.4045,-4.4443359375,5.5654296875,-0.2802734375
0.405,-3.36328125,5.685546875,-1.3212890625
0.4055,-1.9619140625,5.8056640625,-2.8828125
0.406,-0.640625,6.005859375,-4.3642578125
0.4065,0.400390625,6.0458984375,-5.365234375
0.407,1.0009765625,6.0458984375,-6.1259765625
0.4075,1.9619140625,5.4052734375,-6.56640625
0.408,3.3232421875,4.083984375,-6.7666015625
0.4085,4.5244140625,2.6826171875,-7.0068359375
0.409,5.4853515625,1.4013671875,-6.966796875
0.4095,5.8857421875,0.400390625,-6.806640625
0.41,5.9658203125,-0.4404296875,-6.3662109375
0.4105,5.685546875,-1.4013671875,-5.4052734375
0.411,5.365234375,-2.642578125,-4.1240234375
0.4115,5.1650390625,-4.0439453125,-2.7626953125
0.412,4.9248046875,-5.125,-1.6015625
0.4125,4.564453125,-5.8857421875,-0.6806640625
0.413,3.84375,-6.24609375,0.2802734375
0.4135,2.6826171875,-6.2861328125,1.44140625
0.414,1.3212890625,-6.486328125,3.0029296875
0.4145,0.0400390625,-6.6064453125,4.404296875
0.415,-0.8408203125,-6.7265625,5.4052734375
0.4155,-1.5615234375,-6.646484375,6.0458984375
0.416,-2.5625,-5.765625,6.40625
0.4165,-3.9638671875,-4.484375,6.6865234375
0.417,-5.1650390625,-3.203125,6.88671875
0.4175,-5.9658203125,-1.9619140625,6.7666015625
0.418,-6.2861328125,-1.0009765625,6.56640625
0.4185,-6.24609375,-0.2001953125,6.0458984375
0.419,-5.92578125,0.9609375,4.9248046875
0.4195,-5.685546875,2.2822265625,3.6435546875
0.42,-5.525390625,3.68359375,2.322265625
0.4205,-5.2451171875,4.724609375,1.2412109375
0.421,-4.8447265625,5.3251953125,0.3603515625
0.4215,-3.9638671875,5.5654296875,-0.6806640625
0.422,-2.642578125,5.685546875,-2.08203125
0.4225,-1.3212890625,5.9658203125,-3.68359375
0.423,-0.2001953125,6.0458984375,-4.9248046875
0.4235,0.640625,6.1259765625,-5.8056640625
0.424,1.44140625,5.845703125,-6.40625
0.4245,2.72265625,4.64453125,-6.7265625
0.425,4.083984375,3.283203125,-7.0068359375
0.4255,5.1650390625,1.921875,-7.0869140625
0.426,5.845703125,0.80078125,-6.9267578125
0.4265,6.0458984375,0.0,-6.646484375
0.427,5.845703125,-1.0009765625,-5.8056640625
0.4275,5.525390625,-2.2822265625,-4.5244140625
0.428,5.28515625,-3.68359375,-3.203125
0.4285,5.0849609375,-4.9248046875,-1.9619140625
0.429,4.7646484375,-5.765625,-0.9208984375
0.4295,4.2041015625,-6.2861328125,0.0
0.43,3.123046875,-6.40625,1.1611328125
0.4305,1.6416015625,-6.5263671875,2.6826171875
0.431,0.2802734375,-6.6865234375,4.2041015625
0.4315,-0.80078125,-6.7265625,5.28515625
0.432,-1.44140625,-6.7265625,6.005859375
0.4325,-2.3623046875,-6.1259765625,6.40625
0.433,-3.7236328125,-4.8046875,6.6865234375
0.4335,-4.96484375,-3.4833984375,6.8466796875
0.434,-5.845703125,-2.1220703125,6.8466796875
0.4345,-6.326171875,-1.0810546875,6.6064453125
0.435,-6.326171875,-0.3203125,6.2060546875
0.4355,-6.005859375,0.6806640625,5.205078125
0.436,-5.685546875,1.9619140625,3.923828125
0.4365,-5.4853515625,3.3232421875,2.6025390625
0.437,-5.205078125,4.404296875,1.44140625
0.4375,-4.884765625,5.125,0.6005859375
0.438,-4.1640625,5.4453125,-0.400390625
0.4385,-3.04296875,5.5654296875,-1.5615234375
0.439,-1.7216796875,5.7255859375,-3.04296875
0.4395,-0.5205078125,5.845703125,-4.404296875
0.44,0.4404296875,5.92578125,-5.365234375
0.4405,1.041015625,5.8857421875,-6.0458984375
0.441,2.0419921875,5.0849609375,-6.40625
0.4415,3.3232421875,3.8037109375,-6.646484375
0.442,4.5244140625,2.5625,-6.8466796875
0.4425,5.365234375,1.361328125,-6.7666015625
0.443,5.7255859375,0.5205078125,-6.646484375
0.4435,5.685546875,-0.3603515625,-6.1259765625
0.444,5.4052734375,-1.361328125,-5.125
0.4445,5.205078125,-2.6025390625,-3.9638671875
0.445,5.0849609375,-3.923828125,-2.72265625
0.4455,4.8046875,-5.0048828125,-1.6015625
0.446,4.484375,-5.685546875,-0.80078125
0.4465,3.7236328125,-5.9658203125,0.240234375
0.447,2.5224609375,-6.1259765625,1.4814453125
0.4475,1.28125,-6.40625,2.962890625
0.448,0.1201171875,-6.486328125,4.2841796875
0.4485,-0.6806640625,-6.7265625,5.205078125
0.449,-1.44140625,-6.5263671875,5.8056640625
0.4495,-2.5625,-5.5654296875,6.0859375
0.45,-3.84375,-4.2841796875,6.4462890625
0.4505,-5.0048828125,-3.04296875,6.646484375
0.451,-5.7255859375,-1.921875,6.5263671875
0.4515,-5.9658203125,-1.1611328125,6.3662109375
0.452,-5.845703125,-0.3203125,5.7255859375
0.4525,-5.60546875,0.880859375,4.6044921875
0.453,-5.4453125,2.1220703125,3.4833984375
0.4535,-5.3251953125,3.4033203125,2.2822265625
0.454,-5.0849609375,4.32421875,1.3212890625
0.4545,-4.64453125,4.884765625,0.5205078125
0.455,-3.763671875,5.0849609375,-0.6005859375
0.4555,-2.5625,5.3251953125,-1.921875
0.456,-1.361328125,5.60546875,-3.36328125
0.4565,-0.4404296875,5.7255859375,-4.484375
0.457,0.3203125,5.8857421875,-5.3251953125
0.4575,1.1611328125,5.4052734375,-5.845703125
0.458,2.40234375,4.404296875,-6.1259765625
0.4585,3.6435546875,3.2431640625,-6.4462890625
0.459,4.6044921875,2.0419921875,-6.56640625
0.4595,5.2451171875,1.0810546875,-6.486328125
0.46,5.4052734375,0.3603515625,-6.2861328125
0.4605,5.2451171875,-0.640625,-5.4853515625
0.461,5.044921875,-1.681640625,-4.484375
0.4615,4.9248046875,-3.0029296875,-3.3232421875
0.462,4.8046875,-4.1240234375,-2.2822265625
0.4625,4.5244140625,-4.96484375,-1.361328125
0.463,4.083984375,-5.4453125,-0.6005859375
0.4635,3.0830078125,-5.6455078125,0.6005859375
0.464,1.9619140625,-5.92578125,1.921875
0.4645,0.80078125,-6.2060546875,3.3232421875
0.465,0.0,-6.40625,4.32421875
0.4655,-0.7607421875,-6.4462890625,5.0849609375
0.466,-1.6416015625,-5.845703125,5.525390625
0.4665,-2.8828125,-4.8046875,5.8857421875
0.467,-4.0439453125,-3.7236328125,6.166015625
0.4675,-4.9248046875,-2.6025390625,6.24609375
0.468,-5.4453125,-1.8017578125,6.2060546875
0.4685,-5.4853515625,-1.041015625,5.8857421875
0.469,-5.3251953125,0.0,5.0849609375
0.4695,-5.2451171875,1.0009765625,4.1240234375
0.47,-5.205078125,2.2421875,3.0830078125
0.4705,-5.0849609375,3.3232421875,2.08203125
0.471,-4.8447265625,4.1240234375,1.28125
0.4715,-4.244140625,4.484375,0.4404296875
0.472,-3.3232421875,4.8046875,-0.720703125
0.4725,-2.322265625,5.125,-2.08203125
0.473,-1.28125,5.4052734375,-3.3232421875
0.4735,-0.6005859375,5.60546875,-4.3642578125
0.474,0.240234375,5.685546875,-5.044921875
0.4745,1.28125,4.96484375,-5.4453125
0.475,2.482421875,3.9638671875,-5.845703125
0.4755,3.6435546875,2.8828125,-6.166015625
0.476,4.484375,1.8818359375,-6.24609375
0.4765,4.8447265625,1.201171875,-6.2861328125
0.477,4.9248046875,0.400390625,-5.765625
0.4775,4.8046875,-0.640625,-5.0048828125
0.478,4.8046875,-1.8017578125,-4.1240234375
0.4785,4.7646484375,-3.0029296875,-3.0830078125
0.479,4.6044921875,-4.00390625,-2.2021484375
0.4795,4.404296875,-4.724609375,-1.44140625
0.48,3.7236328125,-5.0849609375,-0.5205078125
0.4805,2.802734375,-5.4453125,0.7607421875
0.481,1.76171875,-5.845703125,2.08203125
0.4815,0.8408203125,-6.1259765625,3.203125
0.482,0.240234375,-6.3662109375,4.1640625
0.4825,-0.6806640625,-6.1259765625,4.8447265625
0.483,-1.8017578125,-5.3251953125,5.2451171875
0.4835,-2.962890625,-4.3642578125,5.685546875
0.484,-4.0439453125,-3.36328125,5.92578125
0.4845,-4.7646484375,-2.4423828125,6.0458984375
0.485,-5.125,-1.8017578125,5.9658203125
0.4855,-5.125,-1.0009765625,5.4052734375
0.486,-5.044921875,0.1201171875,4.6044921875
0.4865,-5.0849609375,1.28125,3.763671875
0.487,-5.0849609375,2.4423828125,2.8427734375
0.4875,-5.0048828125,3.36328125,1.9619140625
0.488,-4.6044921875,3.9638671875,1.201171875
0.4885,-3.84375,4.32421875,0.16015625
0.489,-3.0029296875,4.7646484375,-1.1611328125
0.4895,-2.001953125,5.0849609375,-2.482421875
0.49,-1.2412109375,5.4853515625,-3.5634765625
0.4905,-0.5205078125,5.685546875,-4.4443359375
0.491,0.5205078125,5.28515625,-5.0048828125
0.4915,1.681640625,4.4443359375,-5.4453125
0.492,2.8828125,3.443359375,-5.8857421875
0.4925,3.8837890625,2.40234375,-6.1259765625
0.493,4.5244140625,1.6015625,-6.24609375
0.4935,4.7646484375,0.880859375,-5.9658203125
0.494,4.724609375,0.0,-5.28515625
0.4945,4.724609375,-1.1611328125,-4.5244140625
0.495,4.7646484375,-2.4423828125,-3.5634765625
0.4955,4.724609375,-3.5634765625,-2.6025390625
0.496,4.564453125,-4.3642578125,-1.8017578125
0.4965,4.00390625,-4.884765625,-1.0009765625
0.497,3.1630859375,-5.2451171875,0.2802734375
0.4975,2.2021484375,-5.7255859375,1.5615234375
0.498,1.201171875,-5.9658203125,2.8427734375
0.4985,0.48046875,-6.2861328125,3.8837890625
0.499,-0.3603515625,-6.2861328125,4.64453125
0.4995,-1.44140625,-5.6455078125,5.125
0.5,-2.642578125,-4.64453125,5.5654296875
0.5005,-3.84375,-3.5634765625,5.8857421875
0.501,-4.64453125,-2.6025390625,6.0458984375
0.5015,-5.125,-1.8818359375,6.0458984375
0.502,-5.1650390625,-1.12109375,5.60546875
0.5025,-5.0849609375,0.0,4.7646484375
0.503,-5.0849609375,1.12109375,3.8837890625
0.5035,-5.125,2.3623046875,2.8828125
0.504,-5.0048828125,3.36328125,1.9619140625
0.5045,-4.724609375,4.00390625,1.201171875
0.505,-4.00390625,4.32421875,0.240234375
0.5055,-3.0830078125,4.6845703125,-1.0810546875
0.506,-2.0419921875,5.1650390625,-2.4423828125
0.5065,-1.1611328125,5.4453125,-3.5634765625
0.507,-0.48046875,5.7255859375,-4.5244140625
0.5075,0.48046875,5.4052734375,-5.125
0.508,1.6416015625,4.5244140625,-5.525390625
0.5085,2.8828125,3.5234375,-5.9658203125
0.509,3.9638671875,2.40234375,-6.2060546875
0.5095,4.64453125,1.4814453125,-6.24609375
0.51,4.96484375,0.7607421875,-6.1259765625
0.5105,4.8447265625,-0.16015625,-5.4453125
0.511,4.8046875,-1.2412109375,-4.5244140625
0.5115,4.8046875,-2.482421875,-3.5634765625
0.512,4.724609375,-3.68359375,-2.5224609375
0.5125,4.5244140625,-4.564453125,-1.7216796875
0.513,4.1240234375,-5.125,-0.9208984375
0.5135,3.1630859375,-5.4052734375,0.2802734375
0.514,2.2021484375,-5.7255859375,1.5615234375
0.5145,1.12109375,-6.0458984375,2.9228515625
0.515,0.3203125,-6.2861328125,4.00390625
0.5155,-0.4404296875,-6.40625,4.8046875
0.516,-1.44140625,-5.8056640625,5.3251953125
0.5165,-2.72265625,-4.8046875,5.7255859375
0.517,-3.923828125,-3.68359375,6.0859375
0.5175,-4.8447265625,-2.6025390625,6.2060546875
0.518,-5.3251953125,-1.8017578125,6.166015625
0.5185,-5.4453125,-1.041015625,5.8056640625
0.519,-5.28515625,0.0,4.96484375
0.5195,-5.1650390625,1.12109375,3.9638671875
0.52,-5.1650390625,2.4423828125,2.9228515625
0.5205,-5.0849609375,3.5234375,1.921875
0.521,-4.8046875,4.2041015625,1.12109375
0.5215,-4.1640625,4.6044921875,0.240234375
0.522,-3.1630859375,4.8447265625,-1.0009765625
0.5225,-2.08203125,5.28515625,-2.4423828125
0.523,-1.041015625,5.525390625,-3.7236328125
0.5235,-0.3203125,5.765625,-4.6845703125
0.524,0.5205078125,5.685546875,-5.4052734375
0.5245,1.6416015625,4.8046875,-5.765625
0.525,2.962890625,3.68359375,-6.1259765625
0.5255,4.1240234375,2.4423828125,-6.40625
0.526,4.9248046875,1.44140625,-6.40625
0.5265,5.2451171875,0.6806640625,-6.3662109375
0.527,5.1650390625,-0.240234375,-5.7255859375
0.5275,5.0048828125,-1.3212890625,-4.724609375
0.528,4.9248046875,-2.5625,-3.6435546875
0.5285,4.8447265625,-3.8837890625,-2.5224609375
0.529,4.64453125,-4.8447265625,-1.6015625
0.5295,4.2841796875,-5.4853515625,-0.80078125
0.53,3.36328125,-5.6455078125,0.3203125
0.5305,2.2421875,-5.92578125,1.7216796875
0.531,1.041015625,-6.24609375,3.1630859375
0.5315,0.1201171875,-6.40625,4.32421875
0.532,-0.640625,-6.56640625,5.205078125
0.5325,-1.6015625,-6.1259765625,5.7255859375
0.533,-2.8828125,-4.96484375,6.0859375
0.5335,-4.1640625,-3.763671875,6.40625
0.534,-5.205078125,-2.5224609375,6.5263671875
0.5345,-5.8056640625,-1.5615234375,6.4462890625
0.535,-5.92578125,-0.80078125,6.1259765625
0.5355,-5.7255859375,0.2802734375,5.2451171875
0.536,-5.4853515625,1.521484375,4.0439453125
0.5365,-5.4453125,2.8427734375,2.8427734375
0.537,-5.2451171875,4.00390625,1.6416015625
0.5375,-4.96484375,4.8046875,0.80078125
0.538,-4.2841796875,5.205078125,0.0
0.5385,-3.1630859375,5.3251953125,-1.361328125
0.539,-1.8818359375,5.6455078125,-2.8828125
0.5395,-0.640625,5.845703125,-4.32421875
0.54,0.2802734375,5.9658203125,-5.28515625
0.5405,0.9609375,5.8857421875,-5.9658203125
0.541,2.0419921875,5.044921875,-6.40625
0.5415,3.4833984375,3.6435546875,-6.6865234375
0.542,4.6845703125,2.3623046875,-6.88671875
0.5425,5.4853515625,1.12109375,-6.7666015625
0.543,5.8056640625,0.2802734375,-6.6064453125
0.5435,5.7255859375,-0.640625,-6.0458984375
0.544,5.4052734375,-1.76171875,-4.8447265625
0.5445,5.205078125,-3.123046875,-3.5634765625
0.545,5.0048828125,-4.5244140625,-2.2822265625
0.5455,4.7646484375,-5.4853515625,-1.2412109375
0.546,4.32421875,-5.9658203125,-0.400390625
0.5465,3.443359375,-6.166015625,0.640625
0.547,2.0419921875,-6.2861328125,2.0419921875
0.5475,0.7607421875,-6.56640625,3.6435546875
0.548,-0.48046875,-6.6064453125,4.8447265625
0.5485,-1.1611328125,-6.7265625,5.685546875
0.549,-1.921875,-6.3662109375,6.24609375
0.5495,-3.1630859375,-5.205078125,6.5263671875
0.55,-4.484375,-3.84375,6.7265625
0.5505,-5.5654296875,-2.5224609375,6.8466796875
0.551,-6.166015625,-1.4013671875,6.6865234375
0.5515,-6.326171875,-0.640625,6.3662109375
0.552,-6.1259765625,0.3603515625,5.60546875
0.5525,-5.7255859375,1.521484375,4.2841796875
0.553,-5.5654296875,2.8427734375,3.0029296875
0.5535,-5.365234375,4.1240234375,1.76171875
0.554,-5.0048828125,5.0048828125,0.80078125
0.5545,-4.5244140625,5.4453125,0.0
0.555,-3.4033203125,5.5654296875,-1.201171875
0.5555,-2.08203125,5.7255859375,-2.642578125
0.556,-0.80078125,5.92578125,-4.1640625
0.5565,0.2802734375,6.005859375,-5.28515625
0.557,0.9208984375,6.0859375,-6.0458984375
0.5575,1.841796875,5.4453125,-6.4462890625
0.558,3.1630859375,4.1240234375,-6.7265625
0.5585,4.4443359375,2.8427734375,-6.9267578125
0.559,5.4052734375,1.521484375,-6.966796875
0.5595,5.8857421875,0.560546875,-6.806640625
0.56,5.92578125,-0.3603515625,-6.40625
0.5605,5.60546875,-1.361328125,-5.4052734375
0.561,5.3251953125,-2.6025390625,-4.1240234375
0.5615,5.0849609375,-4.00390625,-2.8427734375
0.562,4.9248046875,-5.125,-1.6416015625
0.5625,4.6044921875,-5.845703125,-0.720703125
0.563,3.8837890625,-6.166015625,0.240234375
0.5635,2.6826171875,-6.2861328125,1.44140625
0.564,1.3212890625,-6.486328125,2.962890625
0.5645,0.0400390625,-6.6064453125,4.404296875
0.565,-0.8408203125,-6.7265625,5.4052734375
0.5655,-1.521484375,-6.646484375,6.0458984375
0.566,-2.5625,-5.765625,6.4462890625
0.5665,-4.00390625,-4.404296875,6.6865234375
0.567,-5.1650390625,-3.0830078125,6.88671875
0.5675,-6.005859375,-1.841796875,6.7666015625
0.568,-6.326171875,-1.0009765625,6.56640625
0.5685,-6.24609375,-0.2001953125,5.9658203125
0.569,-5.92578125,0.9609375,4.8447265625
0.5695,-5.685546875,2.2822265625,3.5634765625
0.57,-5.525390625,3.763671875,2.2421875
0.5705,-5.2451171875,4.8046875,1.1611328125
0.571,-4.8046875,5.4052734375,0.2802734375
0.5715,-3.8837890625,5.60546875,-0.80078125
0.572,-2.6025390625,5.7255859375,-2.162109375
0.5725,-1.2412109375,5.9658203125,-3.7236328125
0.573,0.0,6.0458984375,-5.0048828125
0.5735,0.720703125,6.1259765625,-5.8857421875
0.574,1.521484375,5.8056640625,-6.4462890625
0.5745,2.7626953125,4.64453125,-6.7265625
0.575,4.1240234375,3.2431640625,-7.0068359375
0.5755,5.2451171875,1.921875,-7.0869140625
0.576,5.8857421875,0.7607421875,-6.9267578125
0.5765,6.0859375,-0.2001953125,-6.6865234375
0.577,5.845703125,-1.12109375,-5.8056640625
0.5775,5.4853515625,-2.40234375,-4.564453125
0.578,5.3251953125,-3.7236328125,-3.1630859375
0.5785,5.0849609375,-5.0048828125,-1.921875
0.579,4.7646484375,-5.92578125,-0.8408203125
0.5795,4.1640625,-6.3662109375,0.1201171875
0.58,3.04296875,-6.4462890625,1.2412109375
0.5805,1.6015625,-6.56640625,2.72265625
0.581,0.240234375,-6.7265625,4.32421875
0.5815,-0.80078125,-6.7666015625,5.365234375
0.582,-1.4814453125,-6.7666015625,6.1259765625
0.5825,-2.40234375,-6.1259765625,6.5263671875
0.583,-3.8037109375,-4.7646484375,6.7666015625
0.5835,-5.044921875,-3.36328125,6.9267578125
0.584,-5.9658203125,-2.08203125,6.9267578125
0.5845,-6.4462890625,-1.041015625,6.6865234375
0.585,-6.40625,-0.3203125,6.2060546875
0.5855,-6.1259765625,0.7607421875,5.1650390625
0.586,-5.765625,2.0419921875,3.84375
0.5865,-5.525390625,3.443359375,2.5625
0.587,-5.2451171875,4.564453125,1.3212890625
0.5875,-4.8447265625,5.2451171875,0.48046875
0.588,-4.1640625,5.5654296875,-0.5205078125
0.5885,-2.962890625,5.60546875,-1.681640625
0.589,-1.6416015625,5.765625,-3.1630859375
0.5895,-0.400390625,5.8857421875,-4.5244140625
0.59,0.560546875,6.005859375,-5.525390625
0.5905,1.1611328125,5.92578125,-6.1259765625
0.591,2.162109375,5.0849609375,-6.486328125
0.5915,3.4833984375,3.8037109375,-6.7265625
0.592,4.64453125,2.482421875,-6.88671875
0.5925,5.4453125,1.2412109375,-6.806640625
0.593,5.8056640625,0.3603515625,-6.6865234375
0.5935,5.7255859375,-0.5205078125,-6.1259765625
0.594,5.4052734375,-1.44140625,-5.0849609375
0.5945,5.1650390625,-2.72265625,-3.8837890625
0.595,5.044921875,-4.00390625,-2.642578125
0.5955,4.8046875,-5.0849609375,-1.5615234375
0.596,4.484375,-5.765625,-0.720703125
0.5965,3.68359375,-6.005859375,0.2802734375
0.597,2.482421875,-6.1259765625,1.521484375
0.5975,1.2412109375,-6.40625,3.04296875
0.598,0.080078125,-6.486328125,4.32421875
0.5985,-0.7607421875,-6.6865234375,5.2451171875
0.599,-1.44140625,-6.486328125,5.845703125
0.5995,-2.5625,-5.525390625,6.166015625
0.6,-3.8837890625,-4.2841796875,6.4462890625
0.6005,-5.0048828125,-3.0830078125,6.646484375
0.601,-5.765625,-1.9619140625,6.5263671875
0.6015,-6.0859375,-1.201171875,6.3662109375
0.602,-5.8857421875,-0.3203125,5.7255859375
0.6025,-5.6455078125,0.880859375,4.64453125
0.603,-5.4853515625,2.162109375,3.5234375
0.6035,-5.3251953125,3.443359375,2.2822265625
0.604,-5.125,4.404296875,1.28125
0.6045,-4.6845703125,4.96484375,0.48046875
0.605,-3.8037109375,5.1650390625,-0.640625
0.6055,-2.5625,5.365234375,-1.921875
0.606,-1.361328125,5.6455078125,-3.4033203125
0.6065,-0.3603515625,5.765625,-4.5244140625
0.607,0.3603515625,5.92578125,-5.4052734375
0.6075,1.2412109375,5.525390625,-5.8857421875
0.608,2.4423828125,4.4443359375,-6.2060546875
0.6085,3.68359375,3.1630859375,-6.5263671875
0.609,4.724609375,1.921875,-6.6064453125
0.6095,5.2451171875,0.9609375,-6.56640625
0.61,5.4453125,0.2802734375,-6.2861328125
0.6105,5.2451171875,-0.6806640625,-5.4853515625
0.611,5.044921875,-1.8017578125,-4.484375
0.6115,4.9248046875,-3.0830078125,-3.2431640625
0.612,4.8046875,-4.2041015625,-2.2021484375
0.6125,4.564453125,-5.0849609375,-1.3212890625
0.613,4.0439453125,-5.4853515625,-0.5205078125
0.6135,3.04296875,-5.685546875,0.640625
0.614,1.921875,-5.9658203125,1.9619140625
0.6145,0.7607421875,-6.166015625,3.36328125
0.615,0.0,-6.40625,4.404296875
0.6155,-0.80078125,-6.4462890625,5.125
0.616,-1.681640625,-5.8857421875,5.60546875
0.6165,-2.8828125,-4.8447265625,5.8857421875
0.617,-4.083984375,-3.7236328125,6.2060546875
0.6175,-5.0048828125,-2.6025390625,6.24609375
0.618,-5.4853515625,-1.76171875,6.24609375
0.6185,-5.5654296875,-1.0009765625,5.8857421875
0.619,-5.365234375,0.0,5.0849609375
0.6195,-5.2451171875,1.041015625,4.1240234375
0.62,-5.205078125,2.3623046875,3.04296875
0.6205,-5.0849609375,3.4033203125,2.0419921875
0.621,-4.8447265625,4.1640625,1.28125
0.6215,-4.244140625,4.564453125,0.400390625
0.622,-3.283203125,4.8447265625,-0.80078125
0.6225,-2.2822265625,5.205078125,-2.162109375
0.623,-1.28125,5.4453125,-3.4033203125
0.6235,-0.5205078125,5.7255859375,-4.4443359375
0.624,0.3203125,5.7255859375,-5.1650390625
0.6245,1.3212890625,4.9248046875,-5.5654296875
0.625,2.5224609375,3.9638671875,-5.9658203125
0.6255,3.68359375,2.802734375,-6.2861328125
0.626,4.5244140625,1.841796875,-6.326171875
0.6265,4.96484375,1.0810546875,-6.326171875
0.627,5.0048828125,0.3203125,-5.845703125
0.6275,4.8447265625,-0.7607421875,-5.0048828125
0.628,4.8046875,-1.921875,-4.0439453125
0.6285,4.8046875,-3.1630859375,-3.04296875
0.629,4.64453125,-4.1640625,-2.08203125
0.6295,4.404296875,-4.8447265625,-1.3212890625
0.63,3.68359375,-5.1650390625,-0.3603515625
0.6305,2.6826171875,-5.4853515625,0.880859375
0.631,1.6416015625,-5.8857421875,2.2421875
0.6315,0.720703125,-6.1259765625,3.443359375
0.632,0.0400390625,-6.3662109375,4.3642578125
0.6325,-0.8408203125,-6.2060546875,4.96484375
0.633,-1.9619140625,-5.3251953125,5.365234375
0.6335,-3.1630859375,-4.3642578125,5.765625
0.634,-4.244140625,-3.203125,6.0458984375
0.6345,-4.96484375,-2.2822265625,6.0859375
0.635,-5.2451171875,-1.6015625,6.005859375
0.6355,-5.1650390625,-0.80078125,5.4052734375
0.636,-5.0849609375,0.2802734375,4.5244140625
0.6365,-5.0849609375,1.44140625,3.6435546875
0.637,-5.044921875,2.642578125,2.6025390625
0.6375,-4.9248046875,3.5634765625,1.76171875
0.638,-4.5244140625,4.1240234375,1.0009765625
0.6385,-3.7236328125,4.4443359375,0.0
0.639,-2.8427734375,4.8447265625,-1.3212890625
0.6395,-1.8017578125,5.205078125,-2.642578125
0.64,-1.0009765625,5.4853515625,-3.7236328125
0.6405,-0.3603515625,5.6455078125,-4.64453125
0.641,0.640625,5.205078125,-5.125
0.6415,1.841796875,4.32421875,-5.5654296875
0.642,3.0029296875,3.36328125,-5.92578125
0.6425,3.9638671875,2.2822265625,-6.1259765625
0.643,4.6044921875,1.521484375,-6.2060546875
0.6435,4.8046875,0.7607421875,-5.9658203125
0.644,4.7646484375,-0.2001953125,-5.28515625
0.6445,4.724609375,-1.2412109375,-4.484375
0.645,4.724609375,-2.5224609375,-3.4833984375
0.6455,4.64453125,-3.5634765625,-2.5625
0.646,4.5244140625,-4.4443359375,-1.76171875
0.6465,3.9638671875,-4.884765625,-0.9208984375
0.647,3.123046875,-5.205078125,0.3203125
0.6475,2.2021484375,-5.6455078125,1.5615234375
0.648,1.201171875,-5.92578125,2.8427734375
0.6485,0.48046875,-6.326171875,3.8837890625
0.649,-0.400390625,-6.3662109375,4.6044921875
0.6495,-1.44140625,-5.685546875,5.0849609375
0.65,-2.6025390625,-4.6845703125,5.5654296875
0.6505,-3.763671875,-3.6435546875,5.8857421875
0.651,-4.64453125,-2.642578125,6.005859375
0.6515,-5.125,-1.9619140625,6.0458984375
0.652,-5.1650390625,-1.201171875,5.60546875
0.6525,-5.044921875,-0.240234375,4.8046875
0.653,-5.0849609375,0.9609375,3.9638671875
0.6535,-5.0849609375,2.2421875,3.0029296875
0.654,-5.0048828125,3.2431640625,2.0419921875
0.6545,-4.7646484375,3.9638671875,1.3212890625
0.655,-4.0439453125,4.32421875,0.400390625
0.6555,-3.1630859375,4.64453125,-0.880859375
0.656,-2.2021484375,5.0849609375,-2.2421875
0.6565,-1.28125,5.365234375,-3.36328125
0.657,-0.640625,5.6455078125,-4.3642578125
0.6575,0.2802734375,5.4052734375,-5.0048828125
0.658,1.4814453125,4.6044921875,-5.4453125
0.6585,2.6826171875,3.68359375,-5.845703125
0.659,3.8037109375,2.5625,-6.1259765625
0.6595,4.5244140625,1.6416015625,-6.2060546875
0.66,4.9248046875,0.9609375,-6.1259765625
0.6605,4.8046875,0.1201171875,-5.4853515625
0.661,4.724609375,-1.041015625,-4.6845703125
0.6615,4.7646484375,-2.2822265625,-3.68359375
0.662,4.724609375,-3.443359375,-2.72265625
0.6625,4.6044921875,-4.3642578125,-1.841796875
0.663,4.1640625,-4.96484375,-1.041015625
0.6635,3.3232421875,-5.2451171875,0.1201171875
0.664,2.3623046875,-5.6455078125,1.361328125
0.6645,1.28125,-6.005859375,2.72265625
0.665,0.48046875,-6.2861328125,3.84375
0.6655,-0.3603515625,-6.4462890625,4.6845703125
0.666,-1.28125,-5.8857421875,5.205078125
0.6665,-2.5224609375,-4.884765625,5.60546875
0.667,-3.7236328125,-3.8037109375,6.005859375
0.6675,-4.6845703125,-2.72265625,6.1259765625
0.668,-5.28515625,-1.8818359375,6.166015625
0.6685,-5.4052734375,-1.1611328125,5.8056640625
0.669,-5.2451171875,-0.2001953125,5.0048828125
0.6695,-5.1650390625,1.0009765625,4.083984375
0.67,-5.1650390625,2.2822265625,3.0029296875
0.6705,-5.0849609375,3.443359375,2.001953125
0.671,-4.8447265625,4.2041015625,1.201171875
0.6715,-4.1640625,4.564453125,0.3203125
0.672,-3.203125,4.8046875,-0.9609375
0.6725,-2.1220703125,5.205078125,-2.3623046875
0.673,-1.1611328125,5.4453125,-3.6435546875
0.6735,-0.400390625,5.685546875,-4.64453125
0.674,0.48046875,5.6455078125,-5.3251953125
0.6745,1.5615234375,4.8046875,-5.7255859375
0.675,2.8828125,3.68359375,-6.1259765625
0.6755,4.083984375,2.5224609375,-6.3662109375
0.676,4.8447265625,1.44140625,-6.40625
0.6765,5.205078125,0.720703125,-6.2861328125
0.677,5.125,-0.2001953125,-5.7255859375
0.6775,4.9248046875,-1.28125,-4.724609375
0.678,4.8447265625,-2.5224609375,-3.6435546875
0.6785,4.8046875,-3.763671875,-2.5625
0.679,4.6044921875,-4.724609375,-1.6015625
0.6795,4.2841796875,-5.3251953125,-0.80078125
0.68,3.4033203125,-5.5654296875,0.2802734375
0.6805,2.2421875,-5.845703125,1.5615234375
0.681,1.12109375,-6.166015625,3.04296875
0.6815,0.16015625,-6.40625,4.1240234375
0.682,-0.6005859375,-6.5263671875,5.044921875
0.6825,-1.44140625,-6.1259765625,5.5654296875
0.683,-2.72265625,-5.0048828125,5.92578125
0.6835,-3.9638671875,-3.84375,6.24609375
0.684,-5.044921875,-2.642578125,6.40625
0.6845,-5.6455078125,-1.681640625,6.3662109375
0.685,-5.765625,-0.9609375,6.0859375
0.6855,-5.6455078125,0.0400390625,5.28515625
0.686,-5.4052734375,1.2412109375,4.1640625
0.6865,-5.3251953125,2.5625,3.04296875
0.687,-5.205078125,3.8037109375,1.8818359375
0.6875,-4.96484375,4.6044921875,1.0009765625
0.688,-4.3642578125,5.044921875,0.16015625
0.6885,-3.283203125,5.125,-1.12109375
0.689,-2.08203125,5.4453125,-2.5625
0.6895,-0.9208984375,5.685546875,-4.00390625
0.69,0.0400390625,5.92578125,-5.0048828125
0.6905,0.720703125,5.8857421875,-5.765625
0.691,1.8017578125,5.125,-6.2060546875
0.6915,3.1630859375,3.84375,-6.486328125
0.692,4.4443359375,2.5224609375,-6.7666015625
0.6925,5.3251953125,1.3212890625,-6.7666015625
0.693,5.7255859375,0.48046875,-6.6064453125
0.6935,5.685546875,-0.48046875,-6.0859375
0.694,5.4052734375,-1.5615234375,-5.0048828125
0.6945,5.205078125,-2.8828125,-3.7236328125
0.695,5.044921875,-4.244140625,-2.40234375
0.6955,4.8046875,-5.28515625,-1.3212890625
0.696,4.4443359375,-5.92578125,-0.5205078125
0.6965,3.5234375,-6.166015625,0.6005859375
0.697,2.162109375,-6.2861328125,1.9619140625
0.6975,0.8408203125,-6.56640625,3.5234375
0.698,-0.400390625,-6.6064453125,4.8046875
0.6985,-1.0810546875,-6.6865234375,5.6455078125
0.699,-1.8818359375,-6.40625,6.24609375
0.6995,-3.1630859375,-5.205078125,6.5263671875
0.7,-4.5244140625,-3.84375,6.7666015625
0.7005,-5.60546875,-2.482421875,6.88671875
0.701,-6.2060546875,-1.3212890625,6.6865234375
0.7015,-6.3662109375,-0.560546875,6.40625
0.702,-6.1259765625,0.4404296875,5.5654296875
0.7025,-5.765625,1.6416015625,4.244140625
0.703,-5.5654296875,3.04296875,2.9228515625
0.7035,-5.3251953125,4.32421875,1.6015625
0.704,-5.0048828125,5.125,0.640625
0.7045,-4.484375,5.5654296875,-0.3203125
0.705,-3.36328125,5.60546875,-1.361328125
0.7055,-1.9619140625,5.7255859375,-2.8828125
0.706,-0.640625,6.005859375,-4.404296875
0.7065,0.4404296875,6.0458984375,-5.4853515625
0.707,1.12109375,6.0458984375,-6.2060546875
0.7075,2.001953125,5.4052734375,-6.646484375
0.708,3.36328125,4.0439453125,-6.8466796875
0.7085,4.6044921875,2.6826171875,-7.046875
0.709,5.5654296875,1.361328125,-7.0068359375
0.7095,6.0458984375,0.3203125,-6.806640625
0.71,6.0458984375,-0.560546875,-6.3662109375
0.7105,5.7255859375,-1.4814453125,-5.365234375
0.711,5.365234375,-2.802734375,-4.00390625
0.7115,5.125,-4.2041015625,-2.642578125
0.712,4.884765625,-5.28515625,-1.4814453125
0.7125,4.484375,-6.0859375,-0.6005859375
0.713,3.84375,-6.3662109375,0.400390625
0.7135,2.5625,-6.40625,1.5615234375
0.714,1.2412109375,-6.56640625,3.123046875
0.7145,-0.2001953125,-6.6064453125,4.5244140625
0.715,-1.0009765625,-6.7265625,5.4853515625
0.7155,-1.6416015625,-6.6064453125,6.1259765625
0.716,-2.642578125,-5.765625,6.486328125
0.7165,-4.0439453125,-4.3642578125,6.6865234375
0.717,-5.205078125,-3.0830078125,6.88671875
0.7175,-6.005859375,-1.8017578125,6.7666015625
0.718,-6.3662109375,-0.9609375,6.56640625
0.7185,-6.2861328125,0.0,6.005859375
0.719,-5.8857421875,1.0009765625,4.884765625
0.7195,-5.6455078125,2.2421875,3.603515625
0.72,-5.4453125,3.68359375,2.2822265625
0.7205,-5.205078125,4.64453125,1.201171875
0.721,-4.8046875,5.2451171875,0.3203125
0.7215,-4.00390625,5.4853515625,-0.720703125
0.722,-2.6826171875,5.6455078125,-2.001953125
0.7225,-1.361328125,5.8857421875,-3.5634765625
0.723,-0.2001953125,5.9658203125,-4.8447265625
0.7235,0.640625,6.0859375,-5.765625
0.724,1.361328125,5.845703125,-6.3662109375
0.7245,2.5625,4.7646484375,-6.646484375
0.725,3.8837890625,3.443359375,-6.9267578125
0.7255,5.0849609375,2.0419921875,-7.046875
0.726,5.7255859375,0.9208984375,-6.88671875
0.7265,6.005859375,0.080078125,-6.646484375
0.727,5.8056640625,-0.9208984375,-5.92578125
0.7275,5.4853515625,-2.08203125,-4.6845703125
0.728,5.28515625,-3.4833984375,-3.36328125
0.7285,5.0849609375,-4.8447265625,-2.0419921875
0.729,4.8046875,-5.765625,-1.0009765625
0.7295,4.244140625,-6.2861328125,-0.2001953125
0.73,3.1630859375,-6.3662109375,1.0009765625
0.7305,1.841796875,-6.486328125,2.5224609375
0.731,0.48046875,-6.7265625,4.1240234375
0.7315,-0.6806640625,-6.7666015625,5.2451171875
0.732,-1.3212890625,-6.7666015625,6.0458984375
0.7325,-2.2822265625,-6.2060546875,6.486328125
0.733,-3.6435546875,-4.8447265625,6.7265625
0.7335,-4.884765625,-3.5634765625,6.9267578125
0.734,-5.92578125,-2.162109375,6.966796875
0.7345,-6.40625,-1.12109375,6.6865234375
0.735,-6.4462890625,-0.3203125,6.2861328125
0.7355,-6.1259765625,0.7607421875,5.28515625
0.736,-5.765625,2.0419921875,3.9638671875
0.7365,-5.60546875,3.443359375,2.5625
0.737,-5.28515625,4.564453125,1.3212890625
0.7375,-4.9248046875,5.28515625,0.400390625
0.738,-4.1640625,5.60546875,-0.560546875
0.7385,-2.962890625,5.685546875,-1.8017578125
0.739,-1.6015625,5.8857421875,-3.3232421875
0.7395,-0.3203125,5.9658203125,-4.724609375
0.74,0.640625,6.0859375,-5.685546875
0.7405,1.28125,5.92578125,-6.326171875
0.741,2.3623046875,5.0849609375,-6.646484375
0.7415,3.68359375,3.68359375,-6.8466796875
0.742,4.8046875,2.3623046875,-7.0068359375
0.7425,5.60546875,1.12109375,-6.88671875
0.743,5.92578125,0.240234375,-6.6865234375
0.7435,5.845703125,-0.6806640625,-6.1259765625
0.744,5.4853515625,-1.681640625,-5.0048828125
0.7445,5.1650390625,-2.962890625,-3.7236328125
0.745,5.044921875,-4.32421875,-2.4423828125
0.7455,4.724609375,-5.365234375,-1.3212890625
0.746,4.404296875,-5.92578125,-0.5205078125
0.7465,3.5234375,-6.1259765625,0.5205078125
0.747,2.2822265625,-6.24609375,1.76171875
0.7475,1.0810546875,-6.4462890625,3.203125
0.748,-0.2001953125,-6.5263671875,4.484375
0.7485,-0.9609375,-6.646484375,5.4052734375
0.749,-1.6416015625,-6.40625,5.9658203125
0.7495,-2.72265625,-5.4453125,6.2861328125
0.75,-3.9638671875,-4.2041015625,6.486328125
0.7505,-5.125,-2.962890625,6.6865234375
0.751,-5.8056640625,-1.8017578125,6.56640625
0.7515,-6.1259765625,-1.041015625,6.40625
0.752,-5.9658203125,-0.240234375,5.7255859375
0.7525,-5.6455078125,0.9208984375,4.64453125
0.753,-5.4853515625,2.162109375,3.5234375
0.7535,-5.4052734375,3.443359375,2.2822265625
0.754,-5.125,4.484375,1.28125
0.7545,-4.6845703125,5.0849609375,0.4404296875
0.755,-3.8037109375,5.2451171875,-0.640625
0.7555,-2.6025390625,5.4453125,-1.9619140625
0.756,-1.4013671875,5.7255859375,-3.443359375
0.7565,-0.3203125,5.845703125,-4.64453125
0.757,0.4404296875,6.005859375,-5.4853515625
0.7575,1.28125,5.60546875,-6.0458984375
0.758,2.5224609375,4.484375,-6.2861328125
0.7585,3.763671875,3.2431640625,-6.6064453125
0.759,4.8046875,2.001953125,-6.7265625
0.7595,5.4052734375,1.0009765625,-6.6064453125
0.76,5.60546875,0.240234375,-6.3662109375
0.7605,5.365234375,-0.80078125,-5.525390625
0.761,5.125,-1.9619140625,-4.4443359375
0.7615,5.0048828125,-3.283203125,-3.283203125
0.762,4.8447265625,-4.404296875,-2.1220703125
0.7625,4.6044921875,-5.2451171875,-1.2412109375
0.763,4.0439453125,-5.7255859375,-0.3603515625
0.7635,3.0029296875,-5.845703125,0.80078125
0.764,1.8818359375,-6.1259765625,2.2021484375
0.7645,0.6005859375,-6.2861328125,3.603515625
0.765,-0.3203125,-6.4462890625,4.6044921875
0.7655,-1.0009765625,-6.486328125,5.4052734375
0.766,-1.9619140625,-5.845703125,5.765625
0.7665,-3.1630859375,-4.6845703125,6.0859375
0.767,-4.32421875,-3.5634765625,6.3662109375
0.7675,-5.205078125,-2.40234375,6.40625
0.768,-5.685546875,-1.5615234375,6.326171875
0.7685,-5.7255859375,-0.80078125,5.8857421875
0.769,-5.4853515625,0.2001953125,5.0048828125
0.7695,-5.3251953125,1.28125,3.9638671875
0.77,-5.205078125,2.6025390625,2.8427734375
0.7705,-5.0849609375,3.68359375,1.841796875
0.771,-4.8046875,4.4443359375,1.0009765625
0.7715,-4.1640625,4.7646484375,0.16015625
0.772,-3.1630859375,4.96484375,-1.041015625
0.7725,-2.08203125,5.3251953125,-2.40234375
0.773,-1.0009765625,5.4853515625,-3.6435546875
0.7735,-0.2802734375,5.7255859375,-4.64453125
0.774,0.560546875,5.685546875,-5.365234375
0.7745,1.5615234375,4.9248046875,-5.7255859375
0.775,2.72265625,3.8837890625,-6.0859375
0.7755,3.84375,2.7626953125,-6.326171875
0.776,4.64453125,1.7216796875,-6.3662109375
0.7765,5.0849609375,0.9208984375,-6.326171875
0.777,5.0849609375,0.16015625,-5.845703125
0.7775,4.884765625,-0.9609375,-4.96484375
0.778,4.8447265625,-2.001953125,-4.00390625
0.7785,4.8046875,-3.203125,-2.962890625
0.779,4.6044921875,-4.244140625,-2.001953125
0.7795,4.404296875,-4.96484375,-1.2412109375
0.78,3.6435546875,-5.28515625,-0.3203125
0.7805,2.72265625,-5.525390625,0.9208984375
0.781,1.6416015625,-5.92578125,2.2822265625
0.7815,0.6806640625,-6.1259765625,3.443359375
0.782,0.0,-6.40625,4.404296875
0.7825,-0.9208984375,-6.166015625,5.044921875
0.783,-1.9619140625,-5.3251953125,5.4052734375
0.7835,-3.0830078125,-4.404296875,5.765625
0.784,-4.2041015625,-3.283203125,6.0458984375
0.7845,-4.9248046875,-2.40234375,6.0859375
0.785,-5.28515625,-1.681640625,6.005859375
0.7855,-5.2451171875,-0.9208984375,5.4052734375
0.786,-5.125,0.240234375,4.6044921875
0.7865,-5.125,1.4013671875,3.7236328125
0.787,-5.0849609375,2.5224609375,2.6826171875
0.7875,-4.96484375,3.4833984375,1.921875
0.788,-4.564453125,4.1240234375,1.0810546875
0.7885,-3.84375,4.4443359375,0.080078125
0.789,-2.9228515625,4.8447265625,-1.2412109375
0.7895,-1.9619140625,5.1650390625,-2.5224609375
0.79,-1.12109375,5.4853515625,-3.6435546875
0.7905,-0.400390625,5.685546875,-4.5244140625
0.791,0.6005859375,5.28515625,-5.0849609375
0.7915,1.7216796875,4.4443359375,-5.4853515625
0.792,2.8828125,3.443359375,-5.92578125
0.7925,3.84375,2.40234375,-6.1259765625
0.793,4.5244140625,1.5615234375,-6.2060546875
0.7935,4.8046875,0.80078125,-6.0458984375
0.794,4.7646484375,0.0,-5.3251953125
0.7945,4.724609375,-1.12109375,-4.5244140625
0.795,4.724609375,-2.3623046875,-3.5634765625
0.7955,4.64453125,-3.4833984375,-2.642578125
0.796,4.5244140625,-4.3642578125,-1.841796875
0.7965,4.0439453125,-4.8447265625,-1.0009765625
0.797,3.1630859375,-5.1650390625,0.2001953125
0.7975,2.2822265625,-5.6455078125,1.44140625
0.798,1.28125,-5.92578125,2.72265625
0.7985,0.560546875,-6.2861328125,3.8037109375
0.799,-0.3203125,-6.2861328125,4.6044921875
0.7995,-1.3212890625,-5.685546875,5.0849609375
0.8,-2.5224609375,-4.8046875,5.525390625
0.8005,-3.68359375,-3.8037109375,5.8857421875
0.801,-4.564453125,-2.72265625,6.005859375
0.8015,-5.125,-2.001953125,6.0458984375
0.802,-5.1650390625,-1.201171875,5.6455078125
0.8025,-5.0849609375,-0.2802734375,4.8046875
0.803,-5.0849609375,0.9208984375,4.00390625
0.8035,-5.0849609375,2.2021484375,3.04296875
0.804,-5.0048828125,3.203125,2.08203125
0.8045,-4.7646484375,3.9638671875,1.28125
0.805,-4.083984375,4.3642578125,0.400390625
0.8055,-3.203125,4.724609375,-0.880859375
0.806,-2.2021484375,5.125,-2.2421875
0.8065,-1.28125,5.4052734375,-3.4033203125
0.807,-0.6005859375,5.685546875,-4.3642578125
0.8075,0.3603515625,5.4453125,-5.0849609375
0.808,1.521484375,4.6044921875,-5.4853515625
0.8085,2.6826171875,3.603515625,-5.8857421875
0.809,3.8037109375,2.5224609375,-6.1259765625
0.8095,4.5244140625,1.5615234375,-6.24609375
0.81,4.884765625,0.880859375,-6.1259765625
0.8105,4.8447265625,0.0400390625,-5.525390625
0.811,4.7646484375,-1.0810546875,-4.64453125
0.8115,4.7646484375,-2.2822265625,-3.68359375
0.812,4.6845703125,-3.4833984375,-2.642578125
0.8125,4.564453125,-4.404296875,-1.8017578125
0.813,4.1240234375,-4.96484375,-1.0009765625
0.8135,3.283203125,-5.2451171875,0.16015625
0.814,2.3623046875,-5.6455078125,1.4013671875
0.8145,1.28125,-5.92578125,2.72265625
0.815,0.48046875,-6.24609375,3.84375
0.8155,-0.3603515625,-6.3662109375,4.6845703125
0.816,-1.28125,-5.845703125,5.2451171875
0.8165,-2.5224609375,-4.9248046875,5.60546875
0.817,-3.68359375,-3.84375,5.92578125
0.8175,-4.64453125,-2.802734375,6.0458984375
0.818,-5.205078125,-1.921875,6.1259765625
0.8185,-5.4052734375,-1.1611328125,5.8056640625
0.819,-5.205078125,-0.2802734375,5.0048828125
0.8195,-5.1650390625,0.9208984375,4.1240234375
0.82,-5.125,2.2021484375,3.0830078125
0.8205,-5.044921875,3.283203125,2.08203125
0.821,-4.8447265625,4.083984375,1.28125
0.8215,-4.244140625,4.484375,0.4404296875
0.822,-3.2431640625,4.7646484375,-0.80078125
0.8225,-2.2822265625,5.1650390625,-2.162109375
0.823,-1.28125,5.4052734375,-3.4033203125
0.8235,-0.5205078125,5.7255859375,-4.484375
0.824,0.3603515625,5.685546875,-5.205078125
0.8245,1.44140625,4.8447265625,-5.6455078125
0.825,2.6826171875,3.8037109375,-6.0458984375
0.8255,3.84375,2.6025390625,-6.326171875
0.826,4.6845703125,1.6015625,-6.3662109375
0.8265,5.0849609375,0.880859375,-6.2861328125
0.827,5.0849609375,0.0400390625,-5.765625
0.8275,4.9248046875,-1.0810546875,-4.8447265625
0.828,4.8447265625,-2.2822265625,-3.8037109375
0.8285,4.8046875,-3.5634765625,-2.72265625
0.829,4.64453125,-4.564453125,-1.8017578125
0.8295,4.32421875,-5.205078125,-0.9609375
0.83,3.4833984375,-5.4853515625,0.1201171875
0.8305,2.40234375,-5.765625,1.4013671875
0.831,1.28125,-6.1259765625,2.8427734375
0.8315,0.3203125,-6.2861328125,4.00390625
0.832,-0.5205078125,-6.486328125,4.9248046875
0.8325,-1.3212890625,-6.1259765625,5.4853515625
0.833,-2.5625,-5.0849609375,5.845703125
0.8335,-3.84375,-4.00390625,6.1259765625
0.834,-4.8447265625,-2.72265625,6.3662109375
0.8345,-5.525390625,-1.8017578125,6.326171875
0.835,-5.7255859375,-1.0009765625,6.0859375
0.8355,-5.5654296875,0.0,5.28515625
0.836,-5.365234375,1.12109375,4.2041015625
0.8365,-5.3251953125,2.4423828125,3.123046875
0.837,-5.1650390625,3.6435546875,1.9619140625
0.8375,-4.96484375,4.484375,1.0810546875
0.838,-4.3642578125,4.9248046875,0.240234375
0.8385,-3.36328125,5.0849609375,-1.0009765625
0.839,-2.162109375,5.4052734375,-2.4423828125
0.8395,-1.0009765625,5.685546875,-3.84375
0.84,0.0,5.8857421875,-4.9248046875
0.8405,0.640625,5.845703125,-5.685546875
0.841,1.7216796875,5.0849609375,-6.1259765625
0.8415,3.04296875,3.8037109375,-6.486328125
0.842,4.32421875,2.6025390625,-6.7265625
0.8425,5.1650390625,1.4013671875,-6.7265625
0.843,5.60546875,0.560546875,-6.56640625
0.8435,5.60546875,-0.400390625,-6.0859375
0.844,5.365234375,-1.44140625,-5.0048828125
0.8445,5.125,-2.7626953125,-3.7236328125
0.845,5.044921875,-4.1640625,-2.5224609375
0.8455,4.8046875,-5.1650390625,-1.4013671875
0.846,4.4443359375,-5.845703125,-0.6005859375
0.8465,3.5634765625,-6.0859375,0.48046875
0.847,2.2421875,-6.2060546875,1.8818359375
0.8475,0.9609375,-6.4462890625,3.36328125
0.848,-0.240234375,-6.56640625,4.6044921875
0.8485,-1.0009765625,-6.6865234375,5.525390625
0.849,-1.8017578125,-6.40625,6.0859375
0.8495,-3.04296875,-5.28515625,6.40625
0.85,-4.32421875,-3.8837890625,6.6865234375
0.8505,-5.4453125,-2.6025390625,6.7666015625
0.851,-6.0859375,-1.44140625,6.6064453125
0.8515,-6.2861328125,-0.6806640625,6.3662109375
0.852,-6.0458984375,0.3203125,5.5654296875
0.8525,-5.7255859375,1.4814453125,4.32421875
0.853,-5.525390625,2.8427734375,3.04296875
0.8535,-5.3251953125,4.083984375,1.76171875
0.854,-5.0048828125,4.96484375,0.80078125
0.8545,-4.484375,5.4052734375,0.0
0.855,-3.443359375,5.5654296875,-1.201171875
0.8555,-2.08203125,5.7255859375,-2.642578125
0.856,-0.80078125,5.92578125,-4.1640625
0.8565,0.2802734375,5.9658203125,-5.2451171875
0.857,0.9609375,6.005859375,-6.0458984375
0.8575,1.841796875,5.4052734375,-6.5263671875
0.858,3.203125,4.1240234375,-6.7666015625
0.8585,4.4443359375,2.802734375,-6.9267578125
0.859,5.4052734375,1.521484375,-6.966796875
0.8595,5.8857421875,0.48046875,-6.7666015625
0.86,6.005859375,-0.400390625,-6.40625
0.8605,5.685546875,-1.361328125,-5.4453125
0.861,5.365234375,-2.642578125,-4.083984375
0.8615,5.1650390625,-4.00390625,-2.7626953125
0.862,4.9248046875,-5.1650390625,-1.6015625
0.8625,4.564453125,-5.92578125,-0.6806640625
0.863,3.84375,-6.2861328125,0.3203125
0.8635,2.642578125,-6.3662109375,1.5615234375
0.864,1.28125,-6.486328125,3.0830078125
0.8645,0.0,-6.6865234375,4.484375
0.865,-0.9609375,-6.7666015625,5.4453125
0.8655,-1.6416015625,-6.6865234375,6.0859375
0.866,-2.6826171875,-5.765625,6.5263671875
0.8665,-4.0439453125,-4.3642578125,6.6865234375
0.867,-5.1650390625,-3.0830078125,6.88671875
0.8675,-6.005859375,-1.8017578125,6.7666015625
0.868,-6.3662109375,-0.9208984375,6.56640625
0.8685,-6.2861328125,0.0,5.9658203125
0.869,-5.92578125,1.041015625,4.8447265625
0.8695,-5.6455078125,2.322265625,3.5634765625
0.87,-5.4453125,3.68359375,2.2421875
0.8705,-5.1650390625,4.724609375,1.1611328125
0.871,-4.8046875,5.365234375,0.2802734375
0.8715,-3.8837890625,5.60546875,-0.80078125
0.872,-2.6025390625,5.685546875,-2.08203125
0.8725,-1.28125,5.8857421875,-3.6435546875
0.873,0.0,5.9658203125,-4.9248046875
0.8735,0.640625,6.0458984375,-5.845703125
0.874,1.4814453125,5.8056640625,-6.40625
0.8745,2.6826171875,4.724609375,-6.7265625
0.875,3.9638671875,3.36328125,-6.9267578125
0.8755,5.0849609375,2.001953125,-7.046875
0.876,5.765625,0.8408203125,-6.9267578125
0.8765,6.0458984375,0.0,-6.646484375
0.877,5.845703125,-1.0009765625,-5.845703125
0.8775,5.4853515625,-2.2021484375,-4.6044921875
0.878,5.28515625,-3.5634765625,-3.283203125
0.8785,5.0849609375,-4.8447265625,-1.9619140625
0.879,4.7646484375,-5.765625,-0.9609375
0.8795,4.244140625,-6.2861328125,0.0
0.88,3.1630859375,-6.40625,1.12109375
0.8805,1.8017578125,-6.56640625,2.5625
0.881,0.400390625,-6.7265625,4.1240234375
0.8815,-0.720703125,-6.806640625,5.1650390625
0.882,-1.361328125,-6.7666015625,6.005859375
0.8825,-2.2822265625,-6.166015625,6.4462890625
0.883,-3.68359375,-4.8447265625,6.7265625
0.8835,-4.9248046875,-3.5234375,6.9267578125
0.884,-5.92578125,-2.162109375,6.966796875
0.8845,-6.40625,-1.1611328125,6.6865234375
0.885,-6.4462890625,-0.3203125,6.326171875
0.8855,-6.1259765625,0.7607421875,5.3251953125
0.886,-5.8056640625,2.0419921875,3.9638671875
0.8865,-5.6455078125,3.4833984375,2.5625
0.887,-5.365234375,4.6044921875,1.4013671875
0.8875,-4.96484375,5.365234375,0.4404296875
0.888,-4.244140625,5.7255859375,-0.560546875
0.8885,-2.962890625,5.7255859375,-1.8017578125
0.889,-1.6015625,5.92578125,-3.36328125
0.8895,-0.3203125,6.005859375,-4.8046875
0.89,0.6005859375,6.0859375,-5.7255859375
0.8905,1.3212890625,6.005859375,-6.40625
0.891,2.40234375,5.0849609375,-6.7265625
0.8915,3.8037109375,3.6435546875,-6.9267578125
0.892,4.96484375,2.2822265625,-7.0869140625
0.8925,5.7255859375,1.0810546875,-6.9267578125
0.893,6.0458984375,0.1201171875,-6.7265625
0.8935,5.92578125,-0.80078125,-6.1259765625
0.894,5.5654296875,-1.8818359375,-4.96484375
0.8945,5.28515625,-3.123046875,-3.6435546875
0.895,5.0849609375,-4.4443359375,-2.322265625
0.8955,4.7646484375,-5.4453125,-1.2412109375
0.896,4.3642578125,-6.0458984375,-0.3603515625
0.8965,3.5234375,-6.326171875,0.640625
0.897,2.2421875,-6.40625,1.921875
0.8975,0.8408203125,-6.56640625,3.443359375
0.898,-0.3603515625,-6.56640625,4.6845703125
0.8985,-1.12109375,-6.6865234375,5.5654296875
0.899,-1.8017578125,-6.40625,6.1259765625
0.8995,-2.9228515625,-5.4052734375,6.40625
0.9,-4.1640625,-4.083984375,6.646484375
0.9005,-5.2451171875,-2.8427734375,6.7265625
0.901,-5.92578125,-1.681640625,6.56640625
0.9015,-6.166015625,-0.9208984375,6.40625
0.902,-6.005859375,0.0400390625,5.7255859375
0.9025,-5.7255859375,1.12109375,4.6044921875
0.903,-5.4853515625,2.322265625,3.4033203125
0.9035,-5.3251953125,3.603515625,2.162109375
0.904,-5.0849609375,4.5244140625,1.201171875
0.9045,-4.64453125,5.0849609375,0.3203125
0.905,-3.7236328125,5.28515625,-0.7607421875
0.9055,-2.5625,5.4853515625,-2.08203125
0.906,-1.3212890625,5.765625,-3.5634765625
0.9065,-0.2802734375,5.8857421875,-4.6845703125
0.907,0.5205078125,6.0458984375,-5.5654296875
0.9075,1.3212890625,5.60546875,-6.1259765625
0.908,2.6025390625,4.484375,-6.40625
0.9085,3.84375,3.283203125,-6.6865234375
0.909,4.8447265625,2.001953125,-6.7666015625
0.9095,5.4453125,1.0009765625,-6.6865234375
0.91,5.6455078125,0.240234375,-6.40625
0.9105,5.4453125,-0.80078125,-5.60546875
0.911,5.205078125,-1.9619140625,-4.4443359375
0.9115,5.0849609375,-3.2431640625,-3.2431640625
0.912,4.8447265625,-4.4443359375,-2.1220703125
0.9125,4.6044921875,-5.3251953125,-1.2412109375
0.913,4.083984375,-5.765625,-0.3603515625
0.9135,3.0029296875,-5.9658203125,0.8408203125
0.914,1.8818359375,-6.166015625,2.2421875
0.9145,0.640625,-6.326171875,3.6435546875
0.915,-0.3203125,-6.486328125,4.64453125
0.9155,-1.0009765625,-6.5263671875,5.4052734375
0.916,-1.9619140625,-5.92578125,5.845703125
0.9165,-3.203125,-4.7646484375,6.1259765625
0.917,-4.3642578125,-3.5634765625,6.40625
0.9175,-5.205078125,-2.40234375,6.40625
0.918,-5.7255859375,-1.5615234375,6.3662109375
0.9185,-5.765625,-0.80078125,5.92578125
0.919,-5.525390625,0.2802734375,5.044921875
0.9195,-5.365234375,1.3212890625,4.0439453125
0.92,-5.28515625,2.642578125,2.8427734375
0.9205,-5.0849609375,3.68359375,1.8818359375
0.921,-4.8447265625,4.4443359375,1.0009765625
0.9215,-4.2041015625,4.8046875,0.1201171875
0.922,-3.1630859375,5.044921875,-1.12109375
0.9225,-2.08203125,5.4052734375,-2.4423828125
0.923,-1.0009765625,5.525390625,-3.7236328125
0.9235,-0.2802734375,5.765625,-4.6845703125
0.924,0.560546875,5.7255859375,-5.4052734375
0.9245,1.6015625,4.96484375,-5.8056640625
0.925,2.8427734375,3.8837890625,-6.166015625
0.9255,3.9638671875,2.72265625,-6.40625
0.926,4.724609375,1.681640625,-6.40625
0.9265,5.1650390625,0.9208984375,-6.3662109375
0.927,5.1650390625,0.1201171875,-5.845703125
0.9275,5.0048828125,-1.0009765625,-4.96484375
0.928,4.9248046875,-2.08203125,-4.00390625
0.9285,4.8046875,-3.36328125,-2.9228515625
0.929,4.6845703125,-4.3642578125,-1.9619140625
0.9295,4.404296875,-5.125,-1.2412109375
0.93,3.6435546875,-5.4052734375,-0.2001953125
0.9305,2.6826171875,-5.685546875,1.0810546875
0.931,1.5615234375,-5.9658203125,2.4423828125
0.9315,0.6005859375,-6.2060546875,3.603515625
0.932,-0.2001953125,-6.4462890625,4.5244140625
0.9325,-1.0009765625,-6.2060546875,5.1650390625
0.933,-2.1220703125,-5.3251953125,5.5654296875
0.9335,-3.3232421875,-4.32421875,5.92578125
0.934,-4.3642578125,-3.203125,6.1259765625
0.9345,-5.0849609375,-2.2421875,6.166015625
0.935,-5.4052734375,-1.521484375,6.0859375
0.9355,-5.3251953125,-0.6806640625,5.4052734375
0.936,-5.205078125,0.4404296875,4.564453125
0.9365,-5.1650390625,1.5615234375,3.5634765625
0.937,-5.125,2.72265625,2.5625
0.9375,-5.0048828125,3.6435546875,1.7216796875
0.938,-4.564453125,4.2841796875,0.9208984375
0.9385,-3.7236328125,4.6044921875,-0.240234375
0.939,-2.802734375,4.96484375,-1.4814453125
0.9395,-1.76171875,5.28515625,-2.7626953125
0.94,-0.9208984375,5.5654296875,-3.8837890625
0.9405,-0.2802734375,5.7255859375,-4.724609375
0.941,0.80078125,5.2451171875,-5.28515625
0.9415,1.9619140625,4.32421875,-5.685546875
0.942,3.123046875,3.3232421875,-6.0458984375
0.9425,4.083984375,2.2421875,-6.166015625
0.943,4.64453125,1.44140625,-6.24609375
0.9435,4.884765625,0.6806640625,-5.9658203125
0.944,4.8046875,-0.3203125,-5.28515625
0.9445,4.724609375,-1.361328125,-4.4443359375
0.945,4.724609375,-2.6025390625,-3.4833984375
0.9455,4.6044921875,-3.7236328125,-2.5224609375
0.946,4.484375,-4.5244140625,-1.7216796875
0.9465,3.9638671875,-5.0048828125,-0.8408203125
0.947,3.123046875,-5.28515625,0.3203125
0.9475,2.2021484375,-5.7255859375,1.6015625
0.948,1.1611328125,-5.9658203125,2.8427734375
0.9485,0.4404296875,-6.2861328125,3.8837890625
0.949,-0.400390625,-6.2861328125,4.64453125
0.9495,-1.4013671875,-5.6455078125,5.1650390625
0.95,-2.6025390625,-4.7646484375,5.5654296875
0.9505,-3.7236328125,-3.7236328125,5.8857421875
0.951,-4.6044921875,-2.72265625,6.005859375
0.9515,-5.0849609375,-2.001953125,6.0458984375
0.952,-5.1650390625,-1.2412109375,5.685546875
0.9525,-5.0849609375,-0.3203125,4.8447265625
0.953,-5.125,0.880859375,4.0439453125
0.9535,-5.125,2.08203125,3.04296875
0.954,-5.0048828125,3.1630859375,2.2021484375
0.9545,-4.8046875,3.8837890625,1.4013671875
0.955,-4.1640625,4.32421875,0.48046875
0.9555,-3.2431640625,4.6845703125,-0.80078125
0.956,-2.322265625,5.125,-2.1220703125
0.9565,-1.361328125,5.4052734375,-3.283203125
0.957,-0.6806640625,5.685546875,-4.244140625
0.9575,0.2802734375,5.4853515625,-4.96484375
0.958,1.4013671875,4.724609375,-5.4453125
0.9585,2.5625,3.763671875,-5.845703125
0.959,3.68359375,2.6826171875,-6.1259765625
0.9595,4.4443359375,1.76171875,-6.2060546875
0.96,4.8046875,1.041015625,-6.1259765625
0.9605,4.8046875,0.16015625,-5.60546875
0.961,4.7646484375,-0.9609375,-4.7646484375
0.9615,4.7646484375,-2.162109375,-3.84375
0.962,4.724609375,-3.2431640625,-2.8427734375
0.9625,4.6044921875,-4.2041015625,-2.001953125
0.963,4.2041015625,-4.8447265625,-1.1611328125
0.9635,3.443359375,-5.1650390625,0.0
0.964,2.482421875,-5.5654296875,1.201171875
0.9645,1.4013671875,-5.8857421875,2.5625
0.965,0.6005859375,-6.2060546875,3.68359375
0.9655,-0.16015625,-6.3662109375,4.5244140625
0.966,-1.12109375,-5.92578125,5.0849609375
0.9665,-2.322265625,-5.0048828125,5.525390625
0.967,-3.5634765625,-3.923828125,5.92578125
0.9675,-4.5244140625,-2.8828125,6.0458984375
0.968,-5.0849609375,-2.0419921875,6.0859375
0.9685,-5.28515625,-1.3212890625,5.8056640625
0.969,-5.205078125,-0.400390625,5.0849609375
0.9695,-5.1650390625,0.7607421875,4.1640625
0.97,-5.125,2.0419921875,3.1630859375
0.9705,-5.0849609375,3.1630859375,2.2021484375
0.971,-4.8447265625,3.9638671875,1.4013671875
0.9715,-4.2841796875,4.4443359375,0.5205078125
0.972,-3.36328125,4.7646484375,-0.720703125
0.9725,-2.3623046875,5.1650390625,-2.08203125
0.973,-1.3212890625,5.4052734375,-3.36328125
0.9735,-0.6005859375,5.7255859375,-4.3642578125
0.974,0.2802734375,5.685546875,-5.125
0.9745,1.4013671875,4.884765625,-5.60546875
0.975,2.642578125,3.84375,-6.005859375
0.9755,3.84375,2.6826171875,-6.2861328125
0.976,4.6044921875,1.6416015625,-6.3662109375
0.9765,5.044921875,0.880859375,-6.2861328125
0.977,5.044921875,0.080078125,-5.765625
0.9775,4.884765625,-1.12109375,-4.8447265625
0.978,4.8447265625,-2.2822265625,-3.84375
0.9785,4.8046875,-3.5234375,-2.72265625
0.979,4.6044921875,-4.5244140625,-1.76171875
0.9795,4.32421875,-5.1650390625,-1.0009765625
0.98,3.4833984375,-5.4453125,0.1201171875
0.9805,2.4423828125,-5.7255859375,1.3212890625
0.981,1.28125,-6.0859375,2.802734375
0.9815,0.3603515625,-6.2861328125,3.8837890625
0.982,-0.400390625,-6.4462890625,4.8046875
0.9825,-1.28125,-6.1259765625,5.4052734375
0.983,-2.5224609375,-5.0849609375,5.765625
0.9835,-3.7236328125,-4.00390625,6.1259765625
0.984,-4.7646484375,-2.802734375,6.2861328125
0.9845,-5.4052734375,-1.8818359375,6.24609375
0.985,-5.6455078125,-1.1611328125,6.0458984375
0.9855,-5.4853515625,-0.3203125,5.2451171875
0.986,-5.28515625,0.9609375,4.2841796875
0.9865,-5.28515625,2.2421875,3.1630859375
0.987,-5.125,3.4033203125,2.08203125
0.9875,-4.9248046875,4.2841796875,1.2412109375
0.988,-4.4443359375,4.7646484375,0.400390625
0.9885,-3.4833984375,4.96484375,-0.80078125
0.989,-2.2822265625,5.28515625,-2.2021484375
0.9895,-1.201171875,5.5654296875,-3.5634765625
0.99,-0.3603515625,5.8056640625,-4.64453125
0.9905,0.4404296875,5.8857421875,-5.4453125
0.991,1.44140625,5.205078125,-5.92578125
0.9915,2.8427734375,4.00390625,-6.2861328125
0.992,4.0439453125,2.8427734375,-6.56640625
0.9925,4.9248046875,1.6015625,-6.6064453125
0.993,5.4052734375,0.720703125,-6.5263671875
0.9935,5.4453125,-0.16015625,-6.1259765625
0.994,5.2451171875,-1.1611328125,-5.125
0.9945,5.0849609375,-2.4423828125,-3.9638671875
0.995,5.044921875,-3.84375,-2.7626953125
0.9955,4.8046875,-4.884765625,-1.6416015625
0.996,4.5244140625,-5.60546875,-0.8408203125
0.9965,3.7236328125,-5.92578125,0.240234375
0.997,2.482421875,-6.1259765625,1.5615234375
0.9975,1.201171875,-6.40625,3.1630859375
0.998,0.1201171875,-6.5263671875,4.404296875
0.9985,-0.7607421875,-6.6865234375,5.3251953125
0.999,-1.5615234375,-6.40625,6.005859375
0.9995,-2.8427734375,-5.3251953125,6.326171875
