wavelength,x,y,z
0.0,2.4423828125,-4.6044921875,1.681640625
0.0005,2.6826171875,-4.3642578125,1.041015625
0.001,3.36328125,-4.404296875,0.400390625
0.0015,3.5234375,-3.8037109375,-0.3203125
0.002,3.84375,-3.5634765625,-0.80078125
0.0025,3.923828125,-2.72265625,-1.8017578125
0.003,4.083984375,-2.2021484375,-2.4423828125
0.0035,3.6435546875,-1.1611328125,-2.962890625
0.004,3.5234375,-0.48046875,-3.5634765625
0.0045,2.802734375,0.48046875,-3.7236328125
0.005,2.5224609375,1.12109375,-4.0439453125
0.0055,1.6416015625,2.2021484375,-4.244140625
0.006,1.0009765625,2.6025390625,-4.00390625
0.0065,0.2001953125,3.2431640625,-3.84375
0.007,-0.560546875,3.5234375,-3.36328125
0.0075,-1.28125,3.84375,-2.962890625
0.008,-2.40234375,3.9638671875,-2.08203125
0.0085,-3.203125,4.1240234375,-1.4814453125
0.009,-3.603515625,3.6435546875,-0.6005859375
0.0095,-4.083984375,3.68359375,-0.1201171875
0.01,-4.1240234375,2.962890625,0.6806640625
0.0105,-4.3642578125,2.6826171875,1.2412109375
0.011,-4.5244140625,1.76171875,2.2421875
0.0115,-4.3642578125,1.201171875,2.6826171875
0.012,-4.0439453125,0.240234375,3.2431640625
0.0125,-3.763671875,-0.5205078125,3.68359375
0.013,-3.1630859375,-1.3212890625,3.84375
0.0135,-2.642578125,-2.0419921875,4.083984375
0.014,-1.921875,-3.0029296875,4.2841796875
0.0145,-1.0810546875,-3.36328125,3.8037109375
0.015,-0.48046875,-4.00390625,3.84375
0.0155,0.400390625,-4.2041015625,3.1630859375
0.016,1.201171875,-4.6044921875,2.6826171875
0.0165,2.2421875,-4.7646484375,1.841796875
0.017,2.962890625,-4.96484375,1.0810546875
0.0175,3.36328125,-4.2841796875,0.3203125
0.018,3.84375,-4.2841796875,-0.16015625
0.0185,3.9638671875,-3.5634765625,-1.0009765625
0.019,4.1240234375,-3.0830078125,-1.6015625
0.0195,4.404296875,-2.2421875,-2.6826171875
0.02,3.9638671875,-1.4013671875,-3.123046875
0.0205,3.8037109375,-0.5205078125,-3.8037109375
0.021,3.1630859375,0.4404296875,-4.083984375
0.0215,2.6025390625,1.2412109375,-4.2841796875
0.022,1.921875,2.1220703125,-4.4443359375
0.0225,1.12109375,3.0830078125,-4.564453125
0.023,0.1201171875,3.443359375,-3.8837890625
0.0235,-0.5205078125,4.00390625,-3.923828125
0.024,-1.5615234375,4.1240234375,-2.9228515625
0.0245,-2.2822265625,4.32421875,-2.5224609375
0.025,-3.36328125,4.484375,-1.44140625
0.0255,-4.00390625,4.244140625,-0.6806640625
0.026,-4.32421875,3.68359375,0.2001953125
0.0265,-4.64453125,3.4833984375,0.7607421875
0.027,-4.64453125,2.5625,1.6015625
0.0275,-4.6845703125,2.001953125,2.2021484375
0.028,-4.8447265625,1.1611328125,3.203125
0.0285,-4.1640625,0.16015625,3.4833984375
0.029,-4.0439453125,-0.640625,4.0439453125
0.0295,-3.203125,-1.4814453125,4.1240234375
0.03,-2.72265625,-2.2021484375,4.32421875
0.0305,-1.921875,-3.0830078125,4.32421875
0.031,-1.12109375,-3.84375,4.2841796875
0.0315,-0.2802734375,-4.083984375,3.6435546875
0.032,0.2802734375,-4.6845703125,3.6435546875
0.0325,1.44140625,-4.724609375,2.5625
0.033,2.0419921875,-4.9248046875,2.2021484375
0.0335,3.1630859375,-5.0048828125,1.2412109375
0.034,3.5634765625,-4.6044921875,0.4404296875
0.0345,4.00390625,-4.3642578125,-0.2802734375
0.035,4.2041015625,-3.923828125,-0.9208984375
0.0355,4.404296875,-3.203125,-1.76171875
0.036,4.404296875,-2.5625,-2.40234375
0.0365,4.6044921875,-1.7216796875,-3.36328125
0.037,3.84375,-0.560546875,-3.763671875
0.0375,3.8037109375,0.16015625,-4.404296875
0.038,2.7626953125,1.28125,-4.484375
0.0385,2.2822265625,2.0419921875,-4.724609375
0.039,1.3212890625,3.0029296875,-4.724609375
0.0395,0.4404296875,3.763671875,-4.5244140625
0.04,-0.560546875,4.00390625,-3.8837890625
0.0405,-1.28125,4.5244140625,-3.68359375
0.041,-2.6025390625,4.564453125,-2.482421875
0.0415,-3.203125,4.64453125,-1.921875
0.042,-4.244140625,4.64453125,-0.8408203125
0.0425,-4.5244140625,4.00390625,0.0400390625
0.043,-4.8447265625,3.68359375,0.6806640625
0.0435,-5.0048828125,2.9228515625,1.6015625
0.044,-5.0048828125,2.08203125,2.40234375
0.0445,-4.8447265625,1.3212890625,3.0029296875
0.045,-4.8447265625,0.48046875,3.84375
0.0455,-3.8837890625,-0.640625,3.9638671875
0.046,-3.84375,-1.28125,4.484375
0.0465,-2.6025390625,-2.4423828125,4.4443359375
0.047,-2.2021484375,-2.962890625,4.484375
0.0475,-1.2412109375,-3.8037109375,4.3642578125
0.048,-0.3203125,-4.3642578125,3.9638671875
0.0485,0.400390625,-4.564453125,3.443359375
0.049,1.201171875,-4.96484375,3.0029296875
0.0495,2.2822265625,-4.9248046875,2.001953125
0.05,2.802734375,-4.884765625,1.521484375
0.0505,3.68359375,-4.96484375,0.640625
0.051,3.84375,-4.244140625,-0.16015625
0.0515,4.2841796875,-4.2041015625,-0.640625
0.052,4.3642578125,-3.283203125,-1.6015625
0.0525,4.484375,-2.8427734375,-2.2421875
0.053,4.32421875,-1.921875,-2.962890625
0.0535,4.2841796875,-1.12109375,-3.68359375
0.054,3.4833984375,0.0400390625,-4.00390625
0.0545,3.36328125,0.6806640625,-4.484375
0.055,2.2421875,1.921875,-4.5244140625
0.0555,1.921875,2.40234375,-4.6845703125
0.056,0.80078125,3.3232421875,-4.5244140625
0.0565,-0.16015625,3.8037109375,-4.083984375
0.057,-0.880859375,4.1640625,-3.763671875
0.0575,-1.8818359375,4.484375,-3.04296875
0.058,-2.962890625,4.64453125,-2.08203125
0.0585,-3.5234375,4.484375,-1.4013671875
0.059,-4.3642578125,4.484375,-0.5205078125
0.0595,-4.5244140625,3.68359375,0.3603515625
0.06,-4.884765625,3.5234375,0.9208984375
0.0605,-4.9248046875,2.40234375,2.0419921875
0.061,-5.0048828125,1.921875,2.5625
0.0615,-4.724609375,0.880859375,3.3232421875
0.062,-4.484375,0.0400390625,3.8837890625
0.0625,-3.7236328125,-1.0009765625,4.1240234375
0.063,-3.4033203125,-1.6416015625,4.484375
0.0635,-2.2822265625,-2.8828125,4.484375
0.064,-1.8017578125,-3.283203125,4.404296875
0.0645,-0.80078125,-4.1240234375,4.1640625
0.065,0.080078125,-4.3642578125,3.603515625
0.0655,0.6806640625,-4.6845703125,3.3232421875
0.066,1.841796875,-4.8447265625,2.40234375
0.0665,2.6025390625,-5.0048828125,1.681640625
0.067,3.1630859375,-4.6845703125,0.9208984375
0.0675,3.8037109375,-4.564453125,0.240234375
0.068,3.8837890625,-3.8837890625,-0.560546875
0.0685,4.1640625,-3.8037109375,-1.0009765625
0.069,4.2041015625,-2.72265625,-2.0419921875
0.0695,4.2841796875,-2.322265625,-2.482421875
0.07,4.083984375,-1.3212890625,-3.2431640625
0.0705,3.68359375,-0.5205078125,-3.7236328125
0.071,3.1630859375,0.400390625,-4.00390625
0.0715,2.6826171875,1.1611328125,-4.2841796875
0.072,1.921875,2.1220703125,-4.5244140625
0.0725,1.3212890625,2.5625,-4.3642578125
0.073,0.400390625,3.443359375,-4.2841796875
0.0735,-0.48046875,3.7236328125,-3.6435546875
0.074,-1.0810546875,4.2041015625,-3.5234375
0.0745,-2.322265625,4.32421875,-2.40234375
0.075,-3.04296875,4.484375,-1.921875
0.0755,-3.7236328125,4.2041015625,-1.0009765625
0.076,-4.2841796875,4.083984375,-0.2802734375
0.0765,-4.4443359375,3.4033203125,0.6005859375
0.077,-4.724609375,3.123046875,1.12109375
0.0775,-4.8447265625,2.08203125,2.2421875
0.078,-4.724609375,1.5615234375,2.6826171875
0.0785,-4.5244140625,0.560546875,3.4833984375
0.079,-4.00390625,-0.400390625,3.84375
0.0795,-3.5634765625,-1.201171875,4.1240234375
0.08,-2.802734375,-2.1220703125,4.2841796875
0.0805,-2.1220703125,-3.04296875,4.4443359375
0.081,-1.28125,-3.443359375,4.0439453125
0.0815,-0.5205078125,-4.1240234375,3.9638671875
0.082,0.3203125,-4.244140625,3.2431640625
0.0825,0.9609375,-4.64453125,3.04296875
0.083,2.2421875,-4.7646484375,1.921875
0.0835,2.7626953125,-4.7646484375,1.4013671875
0.084,3.3232421875,-4.4443359375,0.5205078125
0.0845,3.68359375,-4.2041015625,0.0
0.085,3.84375,-3.7236328125,-0.720703125
0.0855,3.9638671875,-3.203125,-1.3212890625
0.086,4.1640625,-2.482421875,-2.2421875
0.0865,3.84375,-1.8017578125,-2.6025390625
0.087,3.84375,-1.0009765625,-3.4033203125
0.0875,3.123046875,0.0,-3.603515625
0.088,3.0029296875,0.560546875,-4.083984375
0.0885,2.08203125,1.5615234375,-4.1240234375
0.089,1.7216796875,2.2021484375,-4.404296875
0.0895,0.7607421875,2.802734375,-3.923828125
0.09,0.1201171875,3.443359375,-3.923828125
0.0905,-0.720703125,3.6435546875,-3.283203125
0.091,-1.44140625,4.0439453125,-2.962890625
0.0915,-2.642578125,4.2041015625,-1.9619140625
0.092,-3.0830078125,4.1240234375,-1.4814453125
0.0925,-3.8037109375,3.9638671875,-0.640625
0.093,-4.0439453125,3.5634765625,0.0400390625
0.0935,-4.3642578125,3.203125,0.720703125
0.094,-4.4443359375,2.5224609375,1.4814453125
0.0945,-4.724609375,1.921875,2.2822265625
0.095,-4.32421875,1.0810546875,2.72265625
0.0955,-4.3642578125,0.2802734375,3.5234375
0.096,-3.5234375,-0.80078125,3.68359375
0.0965,-3.36328125,-1.4013671875,4.1240234375
0.097,-2.3623046875,-2.5224609375,4.1640625
0.0975,-1.921875,-3.0029296875,4.2041015625
0.098,-0.9208984375,-3.5634765625,3.8037109375
0.0985,-0.3203125,-4.0439453125,3.68359375
0.099,0.560546875,-4.244140625,3.04296875
0.0995,1.4013671875,-4.5244140625,2.5224609375
0.1,2.482421875,-4.7646484375,1.6416015625
0.1005,2.8427734375,-4.4443359375,1.0009765625
0.101,3.443359375,-4.3642578125,0.3203125
0.1015,3.5634765625,-3.8037109375,-0.3603515625
0.102,3.84375,-3.5634765625,-0.9208984375
0.1025,3.8837890625,-2.72265625,-1.76171875
0.103,4.083984375,-2.2021484375,-2.4423828125
0.1035,3.603515625,-1.2412109375,-2.8828125
0.104,3.5634765625,-0.640625,-3.5234375
0.1045,2.7626953125,0.3603515625,-3.6435546875
0.105,2.6025390625,0.9609375,-4.0439453125
0.1055,1.76171875,2.0419921875,-4.1640625
0.106,1.201171875,2.40234375,-4.00390625
0.1065,0.3203125,3.0830078125,-3.84375
0.107,-0.3603515625,3.4033203125,-3.4833984375
0.1075,-1.12109375,3.763671875,-3.04296875
0.108,-2.001953125,3.8837890625,-2.2822265625
0.1085,-2.9228515625,4.1640625,-1.681640625
0.109,-3.2431640625,3.68359375,-0.9208984375
0.1095,-3.8837890625,3.8037109375,-0.3603515625
0.11,-3.9638671875,3.123046875,0.4404296875
0.1105,-4.2841796875,2.8828125,0.9609375
0.111,-4.3642578125,2.0419921875,1.921875
0.1115,-4.4443359375,1.521484375,2.40234375
0.112,-4.0439453125,0.48046875,3.0029296875
0.1125,-3.8837890625,-0.2001953125,3.4833984375
0.113,-3.203125,-1.12109375,3.6435546875
0.1135,-2.8828125,-1.681640625,3.9638671875
0.114,-2.1220703125,-2.6826171875,4.1240234375
0.1145,-1.4013671875,-3.04296875,3.8037109375
0.115,-0.720703125,-3.7236328125,3.8037109375
0.1155,0.080078125,-3.923828125,3.203125
0.116,0.80078125,-4.32421875,2.8427734375
0.1165,1.841796875,-4.484375,2.0419921875
0.117,2.5625,-4.6044921875,1.44140625
0.1175,2.9228515625,-4.1640625,0.640625
0.118,3.443359375,-4.2041015625,0.240234375
0.1185,3.5234375,-3.5634765625,-0.6005859375
0.119,3.8037109375,-3.203125,-1.1611328125
0.1195,3.9638671875,-2.4423828125,-2.08203125
0.12,3.8037109375,-1.8017578125,-2.5625
0.1205,3.5634765625,-0.9208984375,-3.203125
0.121,3.123046875,-0.16015625,-3.5634765625
0.1215,2.6826171875,0.640625,-3.8037109375
0.122,2.08203125,1.44140625,-4.00390625
0.1225,1.521484375,2.2822265625,-4.1640625
0.123,0.640625,2.6025390625,-3.6435546875
0.1235,0.1201171875,3.283203125,-3.8037109375
0.124,-0.80078125,3.4033203125,-3.04296875
0.1245,-1.4814453125,3.8037109375,-2.72265625
0.125,-2.5625,3.9638671875,-1.8017578125
0.1255,-3.0830078125,3.8837890625,-1.2412109375
0.126,-3.5234375,3.5234375,-0.48046875
0.1265,-3.8837890625,3.443359375,0.0
0.127,-4.00390625,2.8427734375,0.7607421875
0.1275,-4.2041015625,2.3623046875,1.3212890625
0.128,-4.484375,1.6416015625,2.2421875
0.1285,-4.00390625,0.80078125,2.6025390625
0.129,-4.0439453125,0.1201171875,3.3232421875
0.1295,-3.36328125,-0.720703125,3.5234375
0.13,-3.0830078125,-1.4013671875,3.84375
0.1305,-2.322265625,-2.2822265625,3.9638671875
0.131,-1.7216796875,-2.962890625,4.0439453125
0.1315,-0.8408203125,-3.36328125,3.5634765625
0.132,-0.3603515625,-3.923828125,3.6435546875
0.1325,0.6005859375,-4.083984375,2.8427734375
0.133,1.3212890625,-4.4443359375,2.482421875
0.1335,2.40234375,-4.6044921875,1.5615234375
0.134,2.8427734375,-4.32421875,0.9208984375
0.1345,3.3232421875,-4.2041015625,0.2802734375
0.135,3.5634765625,-3.8037109375,-0.3203125
0.1355,3.763671875,-3.3232421875,-1.0009765625
0.136,3.8837890625,-2.72265625,-1.76171875
0.1365,4.1240234375,-2.08203125,-2.6025390625
0.137,3.4833984375,-1.0810546875,-3.04296875
0.1375,3.5634765625,-0.400390625,-3.6435546875
0.138,2.6826171875,0.6005859375,-3.7236328125
0.1385,2.4423828125,1.2412109375,-4.1240234375
0.139,1.6015625,2.2021484375,-4.2041015625
0.1395,0.880859375,2.802734375,-4.0439453125
0.14,0.080078125,3.2431640625,-3.7236328125
0.1405,-0.6005859375,3.7236328125,-3.5234375
0.141,-1.6015625,3.84375,-2.642578125
0.1415,-2.322265625,4.083984375,-2.2021484375
0.142,-3.3232421875,4.2041015625,-1.28125
0.1425,-3.6435546875,3.68359375,-0.48046875
0.143,-4.1240234375,3.6435546875,0.0400390625
0.1435,-4.2041015625,2.962890625,0.80078125
0.144,-4.4443359375,2.40234375,1.44140625
0.1445,-4.4443359375,1.6015625,2.2421875
0.145,-4.484375,0.9609375,2.9228515625
0.1455,-3.8037109375,0.0,3.283203125
0.146,-3.8037109375,-0.6005859375,3.84375
0.1465,-2.8427734375,-1.6015625,3.84375
0.147,-2.5625,-2.2021484375,4.1240234375
0.1475,-1.6416015625,-3.123046875,4.1240234375
0.148,-0.8408203125,-3.5634765625,3.763671875
0.1485,-0.240234375,-4.00390625,3.5634765625
0.149,0.6005859375,-4.32421875,3.0830078125
0.1495,1.5615234375,-4.5244140625,2.322265625
0.15,2.2421875,-4.64453125,1.76171875
0.1505,3.123046875,-4.724609375,1.0009765625
0.151,3.3232421875,-4.1240234375,0.2001953125
0.1515,3.84375,-4.2041015625,-0.240234375
0.152,3.8837890625,-3.36328125,-1.1611328125
0.1525,4.1240234375,-3.0029296875,-1.7216796875
0.153,4.1240234375,-2.1220703125,-2.6025390625
0.1535,3.9638671875,-1.3212890625,-3.203125
0.154,3.4033203125,-0.3203125,-3.603515625
0.1545,3.203125,0.400390625,-4.0439453125
0.155,2.2822265625,1.44140625,-4.1640625
0.1555,1.921875,2.0419921875,-4.3642578125
0.156,1.0009765625,3.0029296875,-4.404296875
0.1565,0.080078125,3.36328125,-3.84375
0.157,-0.560546875,3.8837890625,-3.7236328125
0.1575,-1.6416015625,4.1640625,-2.9228515625
0.158,-2.5224609375,4.3642578125,-2.2421875
0.1585,-3.283203125,4.32421875,-1.44140625
0.159,-4.083984375,4.2841796875,-0.640625
0.1595,-4.244140625,3.5634765625,0.240234375
0.16,-4.6845703125,3.5234375,0.6806640625
0.1605,-4.724609375,2.3623046875,1.841796875
0.161,-4.8046875,1.921875,2.322265625
0.1615,-4.6845703125,0.9609375,3.203125
0.162,-4.32421875,0.0400390625,3.763671875
0.1625,-3.763671875,-0.9208984375,4.0439453125
0.163,-3.283203125,-1.6416015625,4.32421875
0.1635,-2.2822265625,-2.72265625,4.3642578125
0.164,-1.76171875,-3.203125,4.32421875
0.1645,-0.80078125,-4.00390625,4.1640625
0.165,0.0400390625,-4.244140625,3.5234375
0.1655,0.640625,-4.64453125,3.36328125
0.166,1.8818359375,-4.8046875,2.2822265625
0.1665,2.5625,-4.884765625,1.7216796875
0.167,3.203125,-4.6845703125,0.880859375
0.1675,3.8037109375,-4.5244140625,0.16015625
0.168,3.84375,-3.9638671875,-0.6005859375
0.1685,4.2041015625,-3.763671875,-1.0810546875
0.169,4.244140625,-2.7626953125,-2.1220703125
0.1695,4.2041015625,-2.2822265625,-2.5224609375
0.17,4.1640625,-1.3212890625,-3.36328125
0.1705,3.603515625,-0.3603515625,-3.7236328125
0.171,3.2431640625,0.4404296875,-4.1640625
0.1715,2.6025390625,1.3212890625,-4.3642578125
0.172,1.921875,2.2822265625,-4.564453125
0.1725,1.2412109375,2.8427734375,-4.4443359375
0.173,0.2802734375,3.68359375,-4.3642578125
0.1735,-0.640625,3.8837890625,-3.68359375
0.174,-1.28125,4.4443359375,-3.5634765625
0.1745,-2.642578125,4.5244140625,-2.2822265625
0.175,-3.3232421875,4.64453125,-1.8017578125
0.1755,-4.083984375,4.404296875,-0.7607421875
0.176,-4.6044921875,4.1240234375,0.0
0.1765,-4.7646484375,3.443359375,0.80078125
0.177,-5.0048828125,3.0029296875,1.4814453125
0.1775,-5.125,1.9619140625,2.6826171875
0.178,-4.884765625,1.28125,3.04296875
0.1785,-4.7646484375,0.2802734375,3.9638671875
0.179,-4.00390625,-0.80078125,4.1640625
0.1795,-3.5634765625,-1.5615234375,4.5244140625
0.18,-2.6025390625,-2.6025390625,4.6044921875
0.1805,-1.8017578125,-3.5634765625,4.724609375
0.181,-0.9208984375,-3.923828125,4.1640625
0.1815,-0.080078125,-4.64453125,4.0439453125
0.182,0.7607421875,-4.6845703125,3.2431640625
0.1825,1.44140625,-5.0048828125,2.9228515625
0.183,2.802734375,-5.125,1.6416015625
0.1835,3.3232421875,-5.0048828125,1.0810546875
0.184,3.84375,-4.6845703125,0.16015625
0.1845,4.1240234375,-4.2841796875,-0.5205078125
0.185,4.2841796875,-3.7236328125,-1.1611328125
0.1855,4.32421875,-3.04296875,-1.8818359375
0.186,4.484375,-2.2421875,-2.802734375
0.1865,4.083984375,-1.44140625,-3.1630859375
0.187,4.00390625,-0.640625,-3.8837890625
0.1875,3.1630859375,0.400390625,-4.0439453125
0.188,2.962890625,1.0009765625,-4.4443359375
0.1885,1.921875,2.162109375,-4.484375
0.189,1.4814453125,2.802734375,-4.64453125
0.1895,0.48046875,3.3232421875,-4.1640625
0.19,-0.3203125,3.9638671875,-4.0439453125
0.1905,-1.1611328125,4.1240234375,-3.283203125
0.191,-1.9619140625,4.484375,-2.9228515625
0.1915,-3.203125,4.6044921875,-1.8017578125
0.192,-3.6435546875,4.404296875,-1.28125
0.1925,-4.3642578125,4.1240234375,-0.3203125
0.193,-4.64453125,3.68359375,0.4404296875
0.1935,-4.8447265625,3.2431640625,1.1611328125
0.194,-4.9248046875,2.40234375,2.001953125
0.1945,-5.1650390625,1.7216796875,2.9228515625
0.195,-4.6044921875,0.7607421875,3.3232421875
0.1955,-4.5244140625,-0.16015625,4.1240234375
0.196,-3.603515625,-1.2412109375,4.244140625
0.1965,-3.36328125,-1.841796875,4.6044921875
0.197,-2.2021484375,-3.04296875,4.6044921875
0.1975,-1.6015625,-3.6435546875,4.5244140625
0.198,-0.5205078125,-4.1640625,4.00390625
0.1985,0.2001953125,-4.6845703125,3.84375
0.199,1.0810546875,-4.7646484375,3.04296875
0.1995,1.921875,-5.0048828125,2.4423828125
0.2,3.1630859375,-5.205078125,1.361328125
0.2005,3.5234375,-4.7646484375,0.560546875
0.201,4.1240234375,-4.6044921875,-0.16015625
0.2015,4.1240234375,-3.8837890625,-0.8408203125
0.202,4.32421875,-3.5234375,-1.4013671875
0.2025,4.32421875,-2.5625,-2.322265625
0.203,4.4443359375,-1.921875,-3.0830078125
0.2035,3.8037109375,-0.8408203125,-3.443359375
0.204,3.7236328125,-0.1201171875,-4.0439453125
0.2045,2.7626953125,0.880859375,-4.0439453125
0.205,2.5224609375,1.44140625,-4.3642578125
0.2055,1.521484375,2.5625,-4.484375
0.206,0.9208984375,2.962890625,-4.244140625
0.2065,0.0,3.603515625,-3.923828125
0.207,-0.720703125,3.8837890625,-3.5634765625
0.2075,-1.4814453125,4.1240234375,-3.04296875
0.208,-2.4423828125,4.244140625,-2.2822265625
0.2085,-3.443359375,4.484375,-1.521484375
0.209,-3.7236328125,3.8837890625,-0.6806640625
0.2095,-4.404296875,4.00390625,0.0
0.21,-4.4443359375,3.203125,0.7607421875
0.2105,-4.724609375,2.9228515625,1.3212890625
0.211,-4.8046875,1.9619140625,2.3623046875
0.2115,-4.8447265625,1.4013671875,2.9228515625
0.212,-4.2841796875,0.2802734375,3.5234375
0.2125,-4.1640625,-0.48046875,4.0439453125
0.213,-3.3232421875,-1.44140625,4.1240234375
0.2135,-2.9228515625,-2.1220703125,4.4443359375
0.214,-1.9619140625,-3.2431640625,4.5244140625
0.2145,-1.1611328125,-3.603515625,4.1240234375
0.215,-0.3603515625,-4.2841796875,3.9638671875
0.2155,0.48046875,-4.5244140625,3.36328125
0.216,1.28125,-4.8447265625,2.802734375
0.2165,2.2822265625,-4.96484375,1.921875
0.217,3.203125,-5.0849609375,1.12109375
0.2175,3.4833984375,-4.3642578125,0.2802734375
0.218,4.00390625,-4.3642578125,-0.240234375
0.2185,3.9638671875,-3.5634765625,-1.041015625
0.219,4.1640625,-3.123046875,-1.6015625
0.2195,4.32421875,-2.2421875,-2.6025390625
0.22,4.00390625,-1.44140625,-3.0830078125
0.2205,3.603515625,-0.5205078125,-3.6435546875
0.221,3.1630859375,0.2802734375,-3.923828125
0.2215,2.5625,1.0810546875,-4.0439453125
0.222,2.0419921875,1.8017578125,-4.2041015625
0.2225,1.28125,2.72265625,-4.3642578125
0.223,0.3603515625,3.04296875,-3.763671875
0.2235,-0.2001953125,3.6435546875,-3.84375
0.224,-1.0810546875,3.68359375,-3.04296875
0.2245,-1.76171875,4.00390625,-2.72265625
0.225,-2.802734375,4.1240234375,-1.8017578125
0.2255,-3.4033203125,4.1240234375,-1.1611328125
0.226,-3.8037109375,3.6435546875,-0.3203125
0.2265,-4.2041015625,3.603515625,0.16015625
0.227,-4.32421875,2.8427734375,0.9609375
0.2275,-4.5244140625,2.482421875,1.5615234375
0.228,-4.64453125,1.6416015625,2.5224609375
0.2285,-4.244140625,0.880859375,2.8828125
0.229,-4.1640625,0.0,3.603515625
0.2295,-3.5634765625,-0.8408203125,3.8037109375
0.23,-3.123046875,-1.6015625,4.1240234375
0.2305,-2.40234375,-2.4423828125,4.2041015625
0.231,-1.681640625,-3.203125,4.2841796875
0.2315,-0.80078125,-3.603515625,3.68359375
0.232,-0.2802734375,-4.2841796875,3.8037109375
0.2325,0.80078125,-4.3642578125,2.8828125
0.233,1.521484375,-4.7646484375,2.5224609375
0.2335,2.6025390625,-4.8447265625,1.5615234375
0.234,3.123046875,-4.564453125,0.880859375
0.2345,3.5234375,-4.2841796875,0.16015625
0.235,3.84375,-4.00390625,-0.400390625
0.2355,3.923828125,-3.283203125,-1.2412109375
0.236,4.00390625,-2.72265625,-1.8818359375
0.2365,4.1640625,-2.001953125,-2.7626953125
0.237,3.5634765625,-1.0009765625,-3.0830078125
0.2375,3.5234375,-0.3203125,-3.7236328125
0.238,2.6826171875,0.640625,-3.8037109375
0.2385,2.40234375,1.28125,-4.1240234375
0.239,1.6015625,2.2021484375,-4.1640625
0.2395,0.880859375,2.802734375,-4.083984375
0.24,0.0400390625,3.1630859375,-3.603515625
0.2405,-0.5205078125,3.6435546875,-3.5634765625
0.241,-1.5615234375,3.763671875,-2.642578125
0.2415,-2.2021484375,4.00390625,-2.2822265625
0.242,-3.203125,4.1240234375,-1.4013671875
0.2425,-3.5234375,3.68359375,-0.640625
0.243,-3.9638671875,3.603515625,-0.080078125
0.2435,-4.1240234375,3.04296875,0.6005859375
0.244,-4.32421875,2.5625,1.28125
0.2445,-4.3642578125,1.8818359375,1.9619140625
0.245,-4.484375,1.28125,2.6826171875
0.2455,-3.8037109375,0.240234375,3.04296875
0.246,-3.923828125,-0.3203125,3.68359375
0.2465,-3.0029296875,-1.28125,3.68359375
0.247,-2.802734375,-1.921875,4.1240234375
0.2475,-1.921875,-2.8427734375,4.083984375
0.248,-1.1611328125,-3.36328125,3.84375
0.2485,-0.48046875,-3.84375,3.5634765625
0.249,0.2802734375,-4.244140625,3.2431640625
0.2495,1.2412109375,-4.3642578125,2.5224609375
0.25,1.921875,-4.564453125,2.0419921875
0.2505,2.802734375,-4.6845703125,1.2412109375
0.251,3.0830078125,-4.1640625,0.48046875
0.2515,3.603515625,-4.2041015625,0.0400390625
0.252,3.68359375,-3.443359375,-0.80078125
0.2525,3.923828125,-3.123046875,-1.4013671875
0.253,3.923828125,-2.2822265625,-2.2021484375
0.2535,3.8837890625,-1.6015625,-2.8427734375
0.254,3.3232421875,-0.6005859375,-3.203125
0.2545,3.203125,0.0400390625,-3.7236328125
0.255,2.40234375,1.0009765625,-3.84375
0.2555,2.08203125,1.6015625,-4.1240234375
0.256,1.2412109375,2.4423828125,-4.1640625
0.2565,0.48046875,2.8427734375,-3.7236328125
0.257,-0.16015625,3.36328125,-3.68359375
0.2575,-1.0810546875,3.6435546875,-2.962890625
0.258,-1.921875,3.8837890625,-2.40234375
0.2585,-2.642578125,3.9638671875,-1.7216796875
0.259,-3.36328125,3.9638671875,-1.041015625
0.2595,-3.603515625,3.4033203125,-0.2802734375
0.26,-4.0439453125,3.443359375,0.16015625
0.2605,-4.083984375,2.5224609375,1.0810546875
0.261,-4.32421875,2.2822265625,1.5615234375
0.2615,-4.32421875,1.4013671875,2.40234375
0.262,-4.0439453125,0.640625,2.8828125
0.2625,-3.7236328125,-0.2001953125,3.36328125
0.263,-3.36328125,-0.880859375,3.68359375
0.2635,-2.642578125,-1.8017578125,3.84375
0.264,-2.2822265625,-2.40234375,3.9638671875
0.2645,-1.44140625,-3.203125,3.9638671875
0.265,-0.640625,-3.5634765625,3.4833984375
0.2655,-0.16015625,-4.0439453125,3.5234375
0.266,0.9609375,-4.2041015625,2.6025390625
0.2665,1.6416015625,-4.5244140625,2.2421875
0.267,2.482421875,-4.5244140625,1.4013671875
0.2675,3.04296875,-4.4443359375,0.80078125
0.268,3.283203125,-4.00390625,0.1201171875
0.2685,3.68359375,-3.84375,-0.3603515625
0.269,3.8037109375,-3.0029296875,-1.3212890625
0.2695,3.8837890625,-2.642578125,-1.841796875
0.27,3.9638671875,-1.8017578125,-2.72265625
0.2705,3.4833984375,-0.9208984375,-3.123046875
0.271,3.2431640625,-0.16015625,-3.603515625
0.2715,2.6826171875,0.720703125,-3.8037109375
0.272,2.162109375,1.521484375,-4.1240234375
0.2725,1.521484375,2.1220703125,-4.1240234375
0.273,0.720703125,2.8828125,-4.0439453125
0.2735,-0.080078125,3.203125,-3.5234375
0.274,-0.6806640625,3.763671875,-3.4833984375
0.2745,-1.921875,3.8837890625,-2.40234375
0.275,-2.5224609375,4.1240234375,-2.001953125
0.2755,-3.283203125,4.00390625,-1.1611328125
0.276,-3.763671875,3.763671875,-0.48046875
0.2765,-4.00390625,3.36328125,0.240234375
0.277,-4.32421875,3.0029296875,0.880859375
0.2775,-4.4443359375,2.2021484375,1.8017578125
0.278,-4.3642578125,1.6015625,2.2822265625
0.2785,-4.404296875,0.80078125,3.123046875
0.279,-3.7236328125,-0.2001953125,3.4033203125
0.2795,-3.603515625,-0.8408203125,3.84375
0.28,-2.72265625,-1.8818359375,3.9638671875
0.2805,-2.2822265625,-2.6025390625,4.1240234375
0.281,-1.44140625,-3.203125,3.8837890625
0.2815,-0.6806640625,-3.8037109375,3.84375
0.282,0.080078125,-4.00390625,3.2431640625
0.2825,0.7607421875,-4.4443359375,3.04296875
0.283,1.921875,-4.5244140625,1.9619140625
0.2835,2.482421875,-4.6044921875,1.5615234375
0.284,3.1630859375,-4.484375,0.6806640625
0.2845,3.4833984375,-4.1240234375,0.0400390625
0.285,3.763671875,-3.84375,-0.5205078125
0.2855,3.8837890625,-3.1630859375,-1.28125
0.286,4.1240234375,-2.6025390625,-2.08203125
0.2865,3.8837890625,-1.841796875,-2.6025390625
0.287,3.8837890625,-1.041015625,-3.36328125
0.2875,3.1630859375,0.0,-3.5634765625
0.288,3.04296875,0.5205078125,-4.0439453125
0.2885,2.001953125,1.6416015625,-4.1240234375
0.289,1.7216796875,2.2421875,-4.3642578125
0.2895,0.720703125,2.9228515625,-4.00390625
0.29,0.0,3.4833984375,-3.84375
0.2905,-0.80078125,3.7236328125,-3.3232421875
0.291,-1.6416015625,4.083984375,-2.8828125
0.2915,-2.7626953125,4.32421875,-1.921875
0.292,-3.2431640625,4.1240234375,-1.3212890625
0.2925,-4.00390625,4.0439453125,-0.5205078125
0.293,-4.2041015625,3.5234375,0.2802734375
0.2935,-4.5244140625,3.203125,0.8408203125
0.294,-4.64453125,2.3623046875,1.841796875
0.2945,-4.8447265625,1.76171875,2.5625
0.295,-4.4443359375,0.8408203125,3.0830078125
0.2955,-4.404296875,0.0,3.84375
0.296,-3.5634765625,-1.0810546875,3.9638671875
0.2965,-3.3232421875,-1.7216796875,4.32421875
0.297,-2.2021484375,-2.8828125,4.484375
0.2975,-1.6015625,-3.443359375,4.3642578125
0.298,-0.6005859375,-4.0439453125,3.9638671875
0.2985,0.1201171875,-4.5244140625,3.7236328125
0.299,0.9609375,-4.64453125,3.04296875
0.2995,1.921875,-4.884765625,2.3623046875
0.3,3.0830078125,-5.0849609375,1.4013671875
0.3005,3.4033203125,-4.6044921875,0.6005859375
0.301,4.0439453125,-4.5244140625,-0.1201171875
0.3015,4.083984375,-3.8037109375,-0.8408203125
0.302,4.2841796875,-3.4833984375,-1.361328125
0.3025,4.32421875,-2.4423828125,-2.40234375
0.303,4.32421875,-1.8818359375,-3.0029296875
0.3035,3.8037109375,-0.80078125,-3.5234375
0.304,3.6435546875,-0.080078125,-4.0439453125
0.3045,2.7626953125,0.880859375,-4.1240234375
0.305,2.4423828125,1.521484375,-4.3642578125
0.3055,1.44140625,2.6826171875,-4.5244140625
0.306,0.80078125,3.04296875,-4.2041015625
0.3065,-0.080078125,3.763671875,-4.00390625
0.307,-0.8408203125,3.9638671875,-3.5634765625
0.3075,-1.6015625,4.244140625,-3.0830078125
0.308,-2.642578125,4.404296875,-2.162109375
0.3085,-3.603515625,4.6044921875,-1.361328125
0.309,-3.9638671875,4.00390625,-0.5205078125
0.3095,-4.6044921875,4.0439453125,0.1201171875
0.31,-4.64453125,3.203125,0.9609375
0.3105,-4.884765625,2.8828125,1.5615234375
0.311,-5.044921875,1.8818359375,2.6826171875
0.3115,-4.9248046875,1.201171875,3.203125
0.312,-4.4443359375,0.0,3.84375
0.3125,-4.1640625,-0.80078125,4.32421875
0.313,-3.283203125,-1.76171875,4.484375
0.3135,-2.802734375,-2.5224609375,4.64453125
0.314,-1.76171875,-3.7236328125,4.8046875
0.3145,-0.80078125,-4.083984375,4.2041015625
0.315,0.0,-4.7646484375,4.083984375
0.3155,0.9208984375,-4.9248046875,3.36328125
0.316,1.76171875,-5.125,2.72265625
0.3165,2.8828125,-5.2451171875,1.7216796875
0.317,3.8037109375,-5.2451171875,0.880859375
0.3175,4.00390625,-4.5244140625,-0.1201171875
0.318,4.5244140625,-4.4443359375,-0.640625
0.3185,4.484375,-3.5234375,-1.5615234375
0.319,4.5244140625,-2.962890625,-2.1220703125
0.3195,4.64453125,-1.9619140625,-3.203125
0.32,4.2041015625,-1.12109375,-3.68359375
0.3205,3.7236328125,-0.1201171875,-4.1640625
0.321,3.203125,0.7607421875,-4.404296875
0.3215,2.4423828125,1.5615234375,-4.4443359375
0.322,1.8017578125,2.3623046875,-4.5244140625
0.3225,0.9609375,3.3232421875,-4.64453125
0.323,-0.080078125,3.5634765625,-3.8837890625
0.3235,-0.640625,4.1640625,-3.923828125
0.324,-1.6015625,4.244140625,-3.0029296875
0.3245,-2.2822265625,4.484375,-2.5625
0.325,-3.4033203125,4.5244140625,-1.5615234375
0.3255,-4.0439453125,4.4443359375,-0.80078125
0.326,-4.3642578125,3.84375,0.1201171875
0.3265,-4.7646484375,3.7236328125,0.6005859375
0.327,-4.8046875,2.8427734375,1.44140625
0.3275,-4.96484375,2.2021484375,1.9619140625
0.328,-5.0849609375,1.4013671875,3.123046875
0.3285,-4.5244140625,0.4404296875,3.4833984375
0.329,-4.2841796875,-0.4404296875,4.1640625
0.3295,-3.603515625,-1.3212890625,4.3642578125
0.33,-3.04296875,-2.162109375,4.5244140625
0.3305,-2.2421875,-3.04296875,4.6044921875
0.331,-1.361328125,-3.923828125,4.6044921875
0.3315,-0.3203125,-4.2041015625,3.8837890625
0.332,0.240234375,-4.8447265625,3.9638671875
0.3325,1.4013671875,-4.9248046875,2.8427734375
0.333,2.1220703125,-5.1650390625,2.40234375
0.3335,3.283203125,-5.205078125,1.3212890625
0.334,3.8037109375,-4.884765625,0.48046875
0.3345,4.1240234375,-4.4443359375,-0.3203125
0.335,4.484375,-4.083984375,-0.9208984375
0.3355,4.484375,-3.3232421875,-1.9619140625
0.336,4.484375,-2.6025390625,-2.4423828125
0.3365,4.6044921875,-1.7216796875,-3.4833984375
0.337,3.84375,-0.6005859375,-3.7236328125
0.3375,3.68359375,0.2001953125,-4.32421875
0.338,2.6826171875,1.2412109375,-4.3642578125
0.3385,2.2421875,1.921875,-4.564453125
0.339,1.361328125,2.802734375,-4.5244140625
0.3395,0.48046875,3.5234375,-4.3642578125
0.34,-0.400390625,3.763671875,-3.7236328125
0.3405,-1.0009765625,4.244140625,-3.6435546875
0.341,-2.162109375,4.2841796875,-2.5224609375
0.3415,-2.72265625,4.404296875,-2.08203125
0.342,-3.8037109375,4.4443359375,-1.12109375
0.3425,-4.0439453125,3.923828125,-0.2802734375
0.343,-4.484375,3.68359375,0.3203125
0.3435,-4.564453125,3.1630859375,0.9609375
0.344,-4.7646484375,2.40234375,1.76171875
0.3445,-4.6044921875,1.681640625,2.2822265625
0.345,-4.8046875,0.9609375,3.283203125
0.3455,-4.00390625,-0.16015625,3.5634765625
0.346,-4.083984375,-0.720703125,4.2041015625
0.3465,-3.04296875,-1.76171875,4.1640625
0.347,-2.72265625,-2.40234375,4.484375
0.3475,-1.76171875,-3.3232421875,4.404296875
0.348,-0.9208984375,-3.8837890625,4.1240234375
0.3485,-0.1201171875,-4.244140625,3.7236328125
0.349,0.6005859375,-4.6845703125,3.443359375
0.3495,1.76171875,-4.8447265625,2.4423828125
0.35,2.40234375,-5.0048828125,1.9619140625
0.3505,3.36328125,-5.0048828125,1.041015625
0.351,3.68359375,-4.4443359375,0.16015625
0.3515,4.1240234375,-4.3642578125,-0.3603515625
0.352,4.2041015625,-3.5634765625,-1.28125
0.3525,4.484375,-3.04296875,-2.001953125
0.353,4.2841796875,-2.1220703125,-2.72265625
0.3535,4.244140625,-1.3212890625,-3.443359375
0.354,3.443359375,-0.2001953125,-3.7236328125
0.3545,3.3232421875,0.4404296875,-4.244140625
0.355,2.2421875,1.5615234375,-4.244140625
0.3555,1.921875,2.1220703125,-4.4443359375
0.356,0.9609375,3.0029296875,-4.32421875
0.3565,0.1201171875,3.443359375,-3.8837890625
0.357,-0.6005859375,3.8037109375,-3.5634765625
0.3575,-1.4814453125,4.083984375,-2.962890625
0.358,-2.4423828125,4.2041015625,-2.2021484375
0.3585,-3.0029296875,4.1640625,-1.6015625
0.359,-3.763671875,4.1240234375,-0.80078125
0.3595,-3.923828125,3.443359375,0.0
0.36,-4.3642578125,3.443359375,0.400390625
0.3605,-4.3642578125,2.482421875,1.361328125
0.361,-4.564453125,2.2021484375,1.921875
0.3615,-4.4443359375,1.28125,2.6826171875
0.362,-4.2841796875,0.560546875,3.203125
0.3625,-3.7236328125,-0.400390625,3.603515625
0.363,-3.5634765625,-1.0009765625,3.9638671875
0.3635,-2.6025390625,-2.08203125,4.083984375
0.364,-2.2822265625,-2.5625,4.2041015625
0.3645,-1.361328125,-3.443359375,4.1240234375
0.365,-0.6005859375,-3.8037109375,3.68359375
0.3655,0.080078125,-4.32421875,3.603515625
0.366,1.12109375,-4.5244140625,2.72265625
0.3665,1.921875,-4.7646484375,2.2421875
0.367,2.6025390625,-4.6845703125,1.4013671875
0.3675,3.283203125,-4.64453125,0.7607421875
0.368,3.5234375,-4.1240234375,0.0
0.3685,3.923828125,-4.083984375,-0.5205078125
0.369,4.00390625,-3.04296875,-1.521484375
0.3695,4.1640625,-2.72265625,-2.001953125
0.37,4.083984375,-1.7216796875,-2.8828125
0.3705,3.7236328125,-0.880859375,-3.36328125
0.371,3.283203125,0.0400390625,-3.763671875
0.3715,2.8427734375,0.80078125,-4.0439453125
0.372,2.08203125,1.76171875,-4.244140625
0.3725,1.5615234375,2.2421875,-4.2041015625
0.373,0.640625,3.0830078125,-4.1240234375
0.3735,-0.16015625,3.36328125,-3.5634765625
0.374,-0.80078125,3.84375,-3.4833984375
0.3745,-1.9619140625,3.9638671875,-2.4423828125
0.375,-2.6025390625,4.1240234375,-2.001953125
0.3755,-3.2431640625,3.923828125,-1.1611328125
0.376,-3.8037109375,3.8037109375,-0.5205078125
0.3765,-3.9638671875,3.2431640625,0.2001953125
0.377,-4.2841796875,3.04296875,0.7607421875
0.3775,-4.3642578125,2.2021484375,1.7216796875
0.378,-4.404296875,1.76171875,2.162109375
0.3785,-4.3642578125,0.880859375,3.0029296875
0.379,-3.8037109375,0.0,3.283203125
0.3795,-3.5634765625,-0.720703125,3.763671875
0.38,-2.8828125,-1.6015625,3.84375
0.3805,-2.40234375,-2.3623046875,4.1240234375
0.381,-1.6416015625,-2.8828125,3.8837890625
0.3815,-0.9609375,-3.5634765625,3.84375
0.382,-0.16015625,-3.84375,3.3232421875
0.3825,0.48046875,-4.32421875,3.203125
0.383,1.6416015625,-4.4443359375,2.162109375
0.3835,2.2021484375,-4.64453125,1.76171875
0.384,2.8828125,-4.5244140625,0.9208984375
0.3845,3.2431640625,-4.244140625,0.3203125
0.385,3.5634765625,-3.8837890625,-0.3203125
0.3855,3.763671875,-3.36328125,-0.9609375
0.386,3.9638671875,-2.7626953125,-1.76171875
0.3865,3.84375,-2.1220703125,-2.2822265625
0.387,3.84375,-1.3212890625,-3.0830078125
0.3875,3.1630859375,-0.3603515625,-3.3232421875
0.388,3.0830078125,0.2802734375,-3.84375
0.3885,2.2021484375,1.28125,-3.8837890625
0.389,1.921875,1.921875,-4.2041015625
0.3895,1.0009765625,2.5224609375,-3.8837890625
0.39,0.3603515625,3.123046875,-3.84375
0.3905,-0.4404296875,3.3232421875,-3.283203125
0.391,-1.201171875,3.8037109375,-2.962890625
0.3915,-2.2822265625,3.923828125,-2.08203125
0.392,-2.7626953125,3.923828125,-1.6416015625
0.3925,-3.4833984375,3.8037109375,-0.8408203125
0.393,-3.7236328125,3.443359375,-0.16015625
0.3935,-4.083984375,3.203125,0.4404296875
0.394,-4.1640625,2.5224609375,1.201171875
0.3945,-4.4443359375,2.0419921875,1.921875
0.395,-4.1640625,1.2412109375,2.4423828125
0.3955,-4.1640625,0.48046875,3.1630859375
0.396,-3.4833984375,-0.48046875,3.36328125
0.3965,-3.36328125,-1.0009765625,3.84375
0.397,-2.4423828125,-2.08203125,3.8837890625
0.3975,-2.08203125,-2.5625,4.00390625
0.398,-1.1611328125,-3.203125,3.7236328125
0.3985,-0.5205078125,-3.68359375,3.5234375
0.399,0.2001953125,-3.9638671875,3.123046875
0.3995,1.0810546875,-4.32421875,2.5224609375
0.4,2.0419921875,-4.564453125,1.841796875
0.4005,2.482421875,-4.3642578125,1.2412109375
0.401,3.123046875,-4.32421875,0.6005859375
0.4015,3.283203125,-3.84375,0.0
0.402,3.68359375,-3.68359375,-0.560546875
0.4025,3.763671875,-2.8427734375,-1.4814453125
0.403,3.9638671875,-2.4423828125,-2.08203125
0.4035,3.6435546875,-1.4814453125,-2.642578125
0.404,3.5634765625,-0.80078125,-3.2431640625
0.4045,2.8828125,0.16015625,-3.5234375
0.405,2.72265625,0.7607421875,-3.8837890625
0.4055,1.921875,1.8017578125,-4.1240234375
0.406,1.4013671875,2.2421875,-4.00390625
0.4065,0.560546875,2.962890625,-3.8837890625
0.407,-0.16015625,3.2431640625,-3.5234375
0.4075,-0.9208984375,3.6435546875,-3.203125
0.408,-1.921875,3.84375,-2.40234375
0.4085,-2.7626953125,4.083984375,-1.8017578125
0.409,-3.203125,3.7236328125,-1.0009765625
0.4095,-3.8037109375,3.8037109375,-0.4404296875
0.41,-3.8837890625,3.123046875,0.3603515625
0.4105,-4.244140625,2.9228515625,0.880859375
0.411,-4.404296875,2.0419921875,1.8818359375
0.4115,-4.4443359375,1.5615234375,2.40234375
0.412,-4.1240234375,0.560546875,3.04296875
0.4125,-3.8837890625,-0.2001953125,3.5234375
0.413,-3.283203125,-1.041015625,3.763671875
0.4135,-2.8427734375,-1.8017578125,4.00390625
0.414,-2.08203125,-2.802734375,4.2041015625
0.4145,-1.3212890625,-3.203125,3.84375
0.415,-0.640625,-3.8837890625,3.84375
0.4155,0.2001953125,-4.1240234375,3.2431640625
0.416,0.9208984375,-4.484375,2.8828125
0.4165,2.0419921875,-4.6845703125,1.921875
0.417,2.802734375,-4.6845703125,1.28125
0.4175,3.1630859375,-4.2041015625,0.48046875
0.418,3.6435546875,-4.1640625,0.0
0.4185,3.7236328125,-3.5634765625,-0.80078125
0.419,3.8837890625,-3.123046875,-1.361328125
0.4195,4.1240234375,-2.2822265625,-2.3623046875
0.42,3.84375,-1.6015625,-2.72265625
0.4205,3.6435546875,-0.6806640625,-3.4033203125
0.421,3.0830078125,0.16015625,-3.68359375
0.4215,2.6025390625,0.9208984375,-3.9638671875
0.422,1.9619140625,1.7216796875,-4.1240234375
0.4225,1.3212890625,2.5625,-4.32421875
0.423,0.48046875,2.8828125,-3.7236328125
0.4235,-0.1201171875,3.5234375,-3.8037109375
0.424,-1.0009765625,3.6435546875,-3.0830078125
0.4245,-1.681640625,3.9638671875,-2.7626953125
0.425,-2.8828125,4.1640625,-1.76171875
0.4255,-3.4033203125,4.083984375,-1.12109375
0.426,-3.84375,3.68359375,-0.3203125
0.4265,-4.2041015625,3.5234375,0.240234375
0.427,-4.3642578125,2.8427734375,1.0009765625
0.4275,-4.484375,2.3623046875,1.6416015625
0.428,-4.724609375,1.5615234375,2.642578125
0.4285,-4.2041015625,0.6806640625,3.0029296875
0.429,-4.2041015625,-0.1201171875,3.7236328125
0.4295,-3.4833984375,-1.041015625,3.8837890625
0.43,-3.0830078125,-1.76171875,4.2041015625
0.4305,-2.2421875,-2.72265625,4.32421875
0.431,-1.5615234375,-3.5234375,4.3642578125
0.4315,-0.560546875,-3.8837890625,3.763671875
0.432,0.0,-4.5244140625,3.8037109375
0.4325,1.12109375,-4.64453125,2.8427734375
0.433,1.841796875,-4.884765625,2.40234375
0.4335,3.04296875,-5.0849609375,1.361328125
0.434,3.4833984375,-4.64453125,0.6005859375
0.4345,3.923828125,-4.3642578125,-0.16015625
0.435,4.2041015625,-3.9638671875,-0.80078125
0.4355,4.2841796875,-3.2431640625,-1.6015625
0.436,4.32421875,-2.5224609375,-2.3623046875
0.4365,4.484375,-1.681640625,-3.283203125
0.437,3.68359375,-0.640625,-3.5634765625
0.4375,3.6435546875,0.1201171875,-4.1640625
0.438,2.6025390625,1.1611328125,-4.2041015625
0.4385,2.2021484375,1.841796875,-4.4443359375
0.439,1.28125,2.802734375,-4.484375
0.4395,0.48046875,3.36328125,-4.244140625
0.44,-0.400390625,3.68359375,-3.7236328125
0.4405,-1.041015625,4.083984375,-3.5634765625
0.441,-2.1220703125,4.2041015625,-2.5224609375
0.4415,-2.72265625,4.3642578125,-2.001953125
0.442,-3.84375,4.484375,-1.041015625
0.4425,-4.0439453125,3.84375,-0.240234375
0.443,-4.5244140625,3.7236328125,0.3603515625
0.4435,-4.6044921875,3.04296875,1.12109375
0.444,-4.7646484375,2.4423828125,1.841796875
0.4445,-4.7646484375,1.6416015625,2.5625
0.445,-4.8447265625,0.9609375,3.36328125
0.4455,-4.00390625,-0.2001953125,3.68359375
0.446,-4.0439453125,-0.80078125,4.2841796875
0.4465,-3.0029296875,-1.8818359375,4.2841796875
0.447,-2.642578125,-2.5224609375,4.5244140625
0.4475,-1.6416015625,-3.603515625,4.5244140625
0.448,-0.7607421875,-4.1640625,4.1240234375
0.4485,0.0400390625,-4.564453125,3.763671875
0.449,0.880859375,-4.9248046875,3.4033203125
0.4495,2.0419921875,-5.0849609375,2.40234375
0.45,2.72265625,-5.1650390625,1.841796875
0.4505,3.763671875,-5.205078125,0.880859375
0.451,4.00390625,-4.5244140625,0.0
0.4515,4.484375,-4.404296875,-0.640625
0.452,4.5244140625,-3.4833984375,-1.6416015625
0.4525,4.64453125,-2.8828125,-2.3623046875
0.453,4.5244140625,-1.921875,-3.1630859375
0.4535,4.4443359375,-1.0009765625,-3.8837890625
0.454,3.5234375,0.16015625,-4.1640625
0.4545,3.3232421875,0.8408203125,-4.6044921875
0.455,2.08203125,2.08203125,-4.6044921875
0.4555,1.681640625,2.5625,-4.724609375
0.456,0.640625,3.4833984375,-4.564453125
0.4565,-0.3203125,3.8837890625,-4.00390625
0.457,-1.041015625,4.244140625,-3.603515625
0.4575,-2.0419921875,4.5244140625,-2.8828125
0.458,-3.04296875,4.5244140625,-1.9619140625
0.4585,-3.5634765625,4.4443359375,-1.28125
0.459,-4.3642578125,4.32421875,-0.400390625
0.4595,-4.4443359375,3.5634765625,0.48046875
0.46,-4.8447265625,3.4833984375,0.880859375
0.4605,-4.8046875,2.3623046875,1.9619140625
0.461,-4.8447265625,1.921875,2.4423828125
0.4615,-4.724609375,0.9609375,3.2431640625
0.462,-4.484375,0.16015625,3.8037109375
0.4625,-3.8037109375,-0.8408203125,4.083984375
0.463,-3.5634765625,-1.521484375,4.4443359375
0.4635,-2.482421875,-2.6826171875,4.484375
0.464,-2.0419921875,-3.203125,4.484375
0.4645,-1.041015625,-4.1240234375,4.3642578125
0.465,-0.16015625,-4.3642578125,3.8037109375
0.4655,0.5205078125,-4.8046875,3.6435546875
0.466,1.681640625,-5.0048828125,2.6826171875
0.4665,2.5224609375,-5.1650390625,2.001953125
0.467,3.203125,-5.0048828125,1.1611328125
0.4675,3.923828125,-4.9248046875,0.400390625
0.468,4.083984375,-4.2041015625,-0.48046875
0.4685,4.484375,-4.1240234375,-0.9609375
0.469,4.5244140625,-2.9228515625,-2.1220703125
0.4695,4.564453125,-2.482421875,-2.6025390625
0.47,4.404296875,-1.4013671875,-3.5234375
0.4705,3.9638671875,-0.48046875,-4.00390625
0.471,3.3232421875,0.5205078125,-4.2841796875
0.4715,2.802734375,1.28125,-4.6044921875
0.472,1.8818359375,2.40234375,-4.6845703125
0.4725,1.28125,2.8427734375,-4.564453125
0.473,0.2802734375,3.8037109375,-4.404296875
0.4735,-0.640625,4.00390625,-3.7236328125
0.474,-1.3212890625,4.404296875,-3.443359375
0.4745,-2.6025390625,4.484375,-2.322265625
0.475,-3.283203125,4.6044921875,-1.681640625
0.4755,-3.8837890625,4.2841796875,-0.80078125
0.476,-4.484375,4.083984375,0.0
0.4765,-4.5244140625,3.3232421875,0.7607421875
0.477,-4.8046875,3.04296875,1.28125
0.4775,-4.8447265625,1.9619140625,2.40234375
0.478,-4.724609375,1.44140625,2.72265625
0.4785,-4.5244140625,0.48046875,3.5234375
0.479,-3.9638671875,-0.48046875,3.84375
0.4795,-3.5634765625,-1.28125,4.1640625
0.48,-2.8427734375,-2.162109375,4.2841796875
0.4805,-2.162109375,-3.04296875,4.4443359375
0.481,-1.4013671875,-3.4033203125,4.1240234375
0.4815,-0.6005859375,-4.1640625,4.083984375
0.482,0.2802734375,-4.32421875,3.36328125
0.4825,0.9208984375,-4.7646484375,3.203125
0.483,2.2021484375,-4.8447265625,2.0419921875
0.4835,2.72265625,-4.96484375,1.6015625
0.484,3.36328125,-4.6845703125,0.6806640625
0.4845,3.84375,-4.4443359375,0.0400390625
0.485,4.0439453125,-3.923828125,-0.6806640625
0.4855,4.2041015625,-3.4833984375,-1.3212890625
0.486,4.4443359375,-2.6826171875,-2.322265625
0.4865,4.2041015625,-2.001953125,-2.72265625
0.487,4.1240234375,-1.041015625,-3.603515625
0.4875,3.4033203125,-0.080078125,-3.84375
0.488,3.1630859375,0.6806640625,-4.32421875
0.4885,2.2421875,1.681640625,-4.404296875
0.489,1.76171875,2.5224609375,-4.64453125
0.4895,0.7607421875,3.04296875,-4.2041015625
0.49,0.0,3.7236328125,-4.1240234375
0.4905,-0.9208984375,3.8837890625,-3.36328125
0.491,-1.6015625,4.2841796875,-3.0830078125
0.4915,-2.8828125,4.404296875,-1.9619140625
0.492,-3.36328125,4.32421875,-1.361328125
0.4925,-4.00390625,4.00390625,-0.48046875
0.493,-4.244140625,3.603515625,0.2001953125
0.4935,-4.484375,3.1630859375,0.880859375
0.494,-4.5244140625,2.482421875,1.6015625
0.4945,-4.7646484375,1.76171875,2.482421875
0.495,-4.3642578125,0.9609375,2.8427734375
0.4955,-4.32421875,0.1201171875,3.5634765625
0.496,-3.5234375,-0.880859375,3.763671875
0.4965,-3.3232421875,-1.44140625,4.1240234375
0.497,-2.322265625,-2.482421875,4.1640625
0.4975,-1.8818359375,-3.04296875,4.244140625
0.498,-0.9208984375,-3.5634765625,3.84375
0.4985,-0.3203125,-4.0439453125,3.7236328125
0.499,0.560546875,-4.244140625,3.123046875
0.4995,1.3212890625,-4.564453125,2.6025390625
0.5,2.40234375,-4.8046875,1.76171875
0.5005,2.7626953125,-4.5244140625,1.1611328125
0.501,3.443359375,-4.484375,0.4404296875
0.5015,3.6435546875,-3.9638671875,-0.2802734375
0.502,3.9638671875,-3.7236328125,-0.80078125
0.5025,4.00390625,-2.8828125,-1.681640625
0.503,4.2041015625,-2.40234375,-2.322265625
0.5035,3.8037109375,-1.4814453125,-2.8828125
0.504,3.763671875,-0.80078125,-3.5634765625
0.5045,2.9228515625,0.2802734375,-3.763671875
0.505,2.802734375,0.880859375,-4.1640625
0.5055,1.8818359375,2.0419921875,-4.2841796875
0.506,1.4013671875,2.4423828125,-4.244140625
0.5065,0.4404296875,3.1630859375,-3.9638671875
0.507,-0.3203125,3.5634765625,-3.68359375
0.5075,-1.0810546875,3.84375,-3.203125
0.508,-1.9619140625,4.1240234375,-2.5224609375
0.5085,-3.0029296875,4.32421875,-1.76171875
0.509,-3.36328125,3.923828125,-1.0009765625
0.5095,-4.00390625,3.923828125,-0.3603515625
0.51,-4.1240234375,3.203125,0.4404296875
0.5105,-4.4443359375,2.962890625,1.0009765625
0.511,-4.484375,2.0419921875,1.9619140625
0.5115,-4.564453125,1.521484375,2.5224609375
0.512,-4.1240234375,0.48046875,3.04296875
0.5125,-3.923828125,-0.240234375,3.5634765625
0.513,-3.203125,-1.12109375,3.763671875
0.5135,-2.8828125,-1.76171875,4.0439453125
0.514,-2.08203125,-2.7626953125,4.2041015625
0.5145,-1.4013671875,-3.1630859375,3.8837890625
0.515,-0.640625,-3.8037109375,3.8037109375
0.5155,0.1201171875,-4.0439453125,3.283203125
0.516,0.880859375,-4.3642578125,2.8828125
0.5165,1.8818359375,-4.5244140625,2.0419921875
0.517,2.6826171875,-4.6845703125,1.4013671875
0.5175,3.0029296875,-4.2041015625,0.6005859375
0.518,3.5234375,-4.244140625,0.16015625
0.5185,3.603515625,-3.5634765625,-0.6005859375
0.519,3.84375,-3.283203125,-1.1611328125
0.5195,4.00390625,-2.5224609375,-2.1220703125
0.52,3.84375,-1.921875,-2.5625
0.5205,3.603515625,-1.0009765625,-3.203125
0.521,3.203125,-0.16015625,-3.5634765625
0.5215,2.72265625,0.640625,-3.84375
0.522,2.2021484375,1.4013671875,-4.00390625
0.5225,1.5615234375,2.2421875,-4.2841796875
0.523,0.7607421875,2.6025390625,-3.8037109375
0.5235,0.2001953125,3.3232421875,-3.8837890625
0.524,-0.6806640625,3.4833984375,-3.203125
0.5245,-1.4013671875,3.8837890625,-2.8828125
0.525,-2.482421875,4.00390625,-1.9619140625
0.5255,-3.0830078125,4.0439453125,-1.4013671875
0.526,-3.5234375,3.6435546875,-0.560546875
0.5265,-3.9638671875,3.5634765625,-0.080078125
0.527,-4.083984375,2.9228515625,0.6806640625
0.5275,-4.2841796875,2.5224609375,1.28125
0.528,-4.5244140625,1.76171875,2.2421875
0.5285,-4.1640625,1.0009765625,2.5625
0.529,-4.1240234375,0.240234375,3.3232421875
0.5295,-3.4833984375,-0.640625,3.5634765625
0.53,-3.1630859375,-1.3212890625,3.8837890625
0.5305,-2.4423828125,-2.2021484375,4.00390625
0.531,-1.8017578125,-2.962890625,4.1240234375
0.5315,-0.9609375,-3.3232421875,3.603515625
0.532,-0.4404296875,-3.923828125,3.68359375
0.5325,0.560546875,-4.0439453125,2.8828125
0.533,1.2412109375,-4.404296875,2.5625
0.5335,2.322265625,-4.564453125,1.6416015625
0.534,2.7626953125,-4.404296875,1.0009765625
0.5345,3.2431640625,-4.1640625,0.3203125
0.535,3.5234375,-3.84375,-0.240234375
0.5355,3.68359375,-3.36328125,-0.9609375
0.536,3.8037109375,-2.802734375,-1.6015625
0.5365,4.00390625,-2.2021484375,-2.4423828125
0.537,3.4833984375,-1.201171875,-2.7626953125
0.5375,3.5234375,-0.560546875,-3.4833984375
0.538,2.72265625,0.3603515625,-3.5634765625
0.5385,2.5224609375,1.0009765625,-3.923828125
0.539,1.76171875,1.921875,-4.0439453125
0.5395,1.12109375,2.482421875,-4.00390625
0.54,0.2802734375,2.9228515625,-3.603515625
0.5405,-0.2802734375,3.443359375,-3.5634765625
0.541,-1.2412109375,3.6435546875,-2.802734375
0.5415,-1.9619140625,3.923828125,-2.40234375
0.542,-2.962890625,4.083984375,-1.5615234375
0.5425,-3.283203125,3.68359375,-0.8408203125
0.543,-3.84375,3.68359375,-0.2802734375
0.5435,-4.00390625,3.0830078125,0.3603515625
0.544,-4.244140625,2.6826171875,1.0810546875
0.5445,-4.3642578125,1.921875,1.841796875
0.545,-4.484375,1.4013671875,2.5625
0.5455,-3.8837890625,0.3603515625,3.0029296875
0.546,-3.9638671875,-0.240234375,3.6435546875
0.5465,-3.0830078125,-1.201171875,3.68359375
0.547,-2.8427734375,-1.841796875,4.00390625
0.5475,-1.9619140625,-2.8427734375,4.1240234375
0.548,-1.2412109375,-3.3232421875,3.84375
0.5485,-0.5205078125,-3.8037109375,3.68359375
0.549,0.2802734375,-4.2041015625,3.283203125
0.5495,1.2412109375,-4.404296875,2.5625
0.55,2.001953125,-4.64453125,2.001953125
0.5505,2.8828125,-4.7646484375,1.2412109375
0.551,3.203125,-4.2041015625,0.400390625
0.5515,3.68359375,-4.2841796875,-0.080078125
0.552,3.8037109375,-3.4833984375,-0.9609375
0.5525,4.00390625,-3.0830078125,-1.5615234375
0.553,4.0439453125,-2.2021484375,-2.3623046875
0.5535,3.9638671875,-1.4814453125,-3.0029296875
0.554,3.3232421875,-0.48046875,-3.4033203125
0.5545,3.1630859375,0.2001953125,-3.84375
0.555,2.2822265625,1.201171875,-3.923828125
0.5555,1.9619140625,1.76171875,-4.1640625
0.556,1.12109375,2.6826171875,-4.2041015625
0.5565,0.2802734375,3.0830078125,-3.7236328125
0.557,-0.3203125,3.5634765625,-3.603515625
0.5575,-1.28125,3.8037109375,-2.9228515625
0.558,-2.08203125,3.9638671875,-2.322265625
0.5585,-2.8427734375,4.0439453125,-1.6416015625
0.559,-3.5634765625,4.083984375,-0.9208984375
0.5595,-3.8037109375,3.443359375,-0.16015625
0.56,-4.244140625,3.4833984375,0.2802734375
0.5605,-4.244140625,2.5224609375,1.2412109375
0.561,-4.484375,2.2421875,1.76171875
0.5615,-4.5244140625,1.3212890625,2.642578125
0.562,-4.2041015625,0.560546875,3.1630859375
0.5625,-3.84375,-0.3603515625,3.6435546875
0.563,-3.4833984375,-1.041015625,3.9638671875
0.5635,-2.6826171875,-2.001953125,4.083984375
0.564,-2.2421875,-2.6025390625,4.2041015625
0.5645,-1.3212890625,-3.5234375,4.2041015625
0.565,-0.5205078125,-3.84375,3.6435546875
0.5655,0.1201171875,-4.3642578125,3.603515625
0.566,1.28125,-4.564453125,2.642578125
0.5665,2.0419921875,-4.7646484375,2.1220703125
0.567,2.8427734375,-4.7646484375,1.28125
0.5675,3.4833984375,-4.6845703125,0.6005859375
0.568,3.68359375,-4.1240234375,-0.2001953125
0.5685,4.083984375,-4.00390625,-0.720703125
0.569,4.1640625,-2.962890625,-1.8017578125
0.5695,4.244140625,-2.5224609375,-2.2822265625
0.57,4.244140625,-1.5615234375,-3.203125
0.5705,3.7236328125,-0.6005859375,-3.6435546875
0.571,3.3232421875,0.2802734375,-4.0439453125
0.5715,2.6826171875,1.201171875,-4.32421875
0.572,1.921875,2.162109375,-4.484375
0.5725,1.28125,2.72265625,-4.3642578125
0.573,0.3603515625,3.5234375,-4.244140625
0.5735,-0.5205078125,3.763671875,-3.5634765625
0.574,-1.1611328125,4.2041015625,-3.4033203125
0.5745,-2.482421875,4.32421875,-2.2421875
0.575,-3.0830078125,4.404296875,-1.7216796875
0.5755,-3.84375,4.1240234375,-0.80078125
0.576,-4.32421875,3.84375,-0.080078125
0.5765,-4.4443359375,3.2431640625,0.640625
0.577,-4.64453125,2.9228515625,1.28125
0.5775,-4.724609375,1.921875,2.2822265625
0.578,-4.564453125,1.4013671875,2.6826171875
0.5785,-4.564453125,0.48046875,3.5234375
0.579,-3.8837890625,-0.5205078125,3.763671875
0.5795,-3.603515625,-1.1611328125,4.1640625
0.58,-2.72265625,-2.162109375,4.2841796875
0.5805,-2.1220703125,-2.9228515625,4.4443359375
0.581,-1.3212890625,-3.5234375,4.1640625
0.5815,-0.5205078125,-4.2041015625,4.0439453125
0.582,0.3203125,-4.3642578125,3.4033203125
0.5825,0.9609375,-4.8447265625,3.1630859375
0.583,2.2822265625,-4.9248046875,2.001953125
0.5835,2.8427734375,-5.044921875,1.521484375
0.584,3.6435546875,-4.8447265625,0.560546875
0.5845,4.00390625,-4.5244140625,-0.2001953125
0.585,4.244140625,-4.00390625,-0.80078125
0.5855,4.4443359375,-3.36328125,-1.6015625
0.586,4.6044921875,-2.5625,-2.5625
0.5865,4.32421875,-1.8017578125,-3.04296875
0.587,4.2841796875,-0.880859375,-3.923828125
0.5875,3.443359375,0.2802734375,-4.1640625
0.588,3.1630859375,1.0009765625,-4.564453125
0.5885,2.08203125,2.2021484375,-4.64453125
0.589,1.521484375,2.9228515625,-4.8046875
0.5895,0.48046875,3.4833984375,-4.32421875
0.59,-0.3603515625,4.2041015625,-4.1640625
0.5905,-1.28125,4.244140625,-3.36328125
0.591,-2.0419921875,4.6044921875,-2.962890625
0.5915,-3.4033203125,4.6845703125,-1.76171875
0.592,-3.8837890625,4.484375,-1.041015625
0.5925,-4.5244140625,4.1640625,-0.080078125
0.593,-4.8046875,3.68359375,0.640625
0.5935,-4.884765625,3.0830078125,1.3212890625
0.594,-4.96484375,2.2421875,2.2021484375
0.5945,-5.0849609375,1.44140625,3.123046875
0.595,-4.5244140625,0.560546875,3.443359375
0.5955,-4.4443359375,-0.3203125,4.1240234375
0.596,-3.5234375,-1.28125,4.2041015625
0.5965,-3.2431640625,-1.8818359375,4.484375
0.597,-2.08203125,-3.0830078125,4.484375
0.5975,-1.521484375,-3.603515625,4.484375
0.598,-0.5205078125,-4.1640625,3.9638671875
0.5985,0.2001953125,-4.64453125,3.763671875
0.599,1.0009765625,-4.724609375,3.0830078125
0.5995,1.841796875,-5.044921875,2.5224609375
0.6,3.04296875,-5.205078125,1.521484375
0.6005,3.443359375,-4.8046875,0.80078125
0.601,4.083984375,-4.6845703125,0.0
0.6015,4.2041015625,-4.0439453125,-0.720703125
0.602,4.4443359375,-3.7236328125,-1.28125
0.6025,4.484375,-2.7626953125,-2.2822265625
0.603,4.6044921875,-2.1220703125,-3.04296875
0.6035,4.083984375,-1.0810546875,-3.4833984375
0.604,3.9638671875,-0.3203125,-4.1640625
0.6045,3.04296875,0.80078125,-4.244140625
0.605,2.802734375,1.4013671875,-4.6044921875
0.6055,1.681640625,2.642578125,-4.6845703125
0.606,1.0810546875,3.123046875,-4.5244140625
0.6065,0.0,3.8037109375,-4.1640625
0.607,-0.7607421875,4.2041015625,-3.84375
0.6075,-1.6015625,4.32421875,-3.203125
0.608,-2.5625,4.5244140625,-2.4423828125
0.6085,-3.7236328125,4.7646484375,-1.44140625
0.609,-4.0439453125,4.1640625,-0.6005859375
0.6095,-4.64453125,4.1240234375,0.1201171875
0.61,-4.724609375,3.3232421875,0.9609375
0.6105,-4.9248046875,2.9228515625,1.521484375
0.611,-4.96484375,1.921875,2.5625
0.6115,-4.96484375,1.201171875,3.2431640625
0.612,-4.32421875,0.080078125,3.68359375
0.6125,-4.1640625,-0.640625,4.244140625
0.613,-3.203125,-1.6015625,4.244140625
0.6135,-2.8427734375,-2.2822265625,4.484375
0.614,-1.8017578125,-3.4033203125,4.5244140625
0.6145,-1.0009765625,-3.8037109375,4.1240234375
0.615,-0.2001953125,-4.3642578125,3.8837890625
0.6155,0.6005859375,-4.64453125,3.36328125
0.616,1.3212890625,-4.8447265625,2.802734375
0.6165,2.40234375,-4.884765625,1.921875
0.617,3.3232421875,-5.0048828125,1.12109375
0.6175,3.5234375,-4.3642578125,0.2802734375
0.618,4.083984375,-4.404296875,-0.2802734375
0.6185,4.083984375,-3.603515625,-1.041015625
0.619,4.2841796875,-3.2431640625,-1.5615234375
0.6195,4.3642578125,-2.2822265625,-2.6025390625
0.62,4.1640625,-1.6416015625,-3.0830078125
0.6205,3.763671875,-0.640625,-3.68359375
0.621,3.443359375,0.16015625,-4.00390625
0.6215,2.6826171875,1.0810546875,-4.1640625
0.622,2.2021484375,1.76171875,-4.404296875
0.6225,1.4013671875,2.802734375,-4.564453125
0.623,0.560546875,3.123046875,-4.00390625
0.6235,-0.16015625,3.8037109375,-4.0439453125
0.624,-1.0810546875,3.8837890625,-3.283203125
0.6245,-1.8017578125,4.2841796875,-2.8828125
0.625,-2.8828125,4.404296875,-1.9619140625
0.6255,-3.68359375,4.484375,-1.2412109375
0.626,-4.00390625,3.84375,-0.2802734375
0.6265,-4.5244140625,3.84375,0.2802734375
0.627,-4.564453125,3.0029296875,1.12109375
0.6275,-4.724609375,2.5625,1.7216796875
0.628,-4.884765625,1.6015625,2.7626953125
0.6285,-4.484375,0.7607421875,3.1630859375
0.629,-4.1640625,-0.16015625,3.8037109375
0.6295,-3.6435546875,-1.0009765625,4.0439453125
0.63,-3.04296875,-1.8017578125,4.2041015625
0.6305,-2.40234375,-2.6025390625,4.32421875
0.631,-1.5615234375,-3.5234375,4.404296875
0.6315,-0.640625,-3.84375,3.7236328125
0.632,-0.080078125,-4.4443359375,3.8037109375
0.6325,0.9609375,-4.4443359375,2.8427734375
0.633,1.6015625,-4.724609375,2.4423828125
0.6335,2.6826171875,-4.8046875,1.4814453125
0.634,3.203125,-4.6044921875,0.80078125
0.6345,3.5634765625,-4.2041015625,0.0400390625
0.635,3.84375,-4.00390625,-0.48046875
0.6355,3.9638671875,-3.283203125,-1.2412109375
0.636,4.0439453125,-2.7626953125,-1.8017578125
0.6365,4.2041015625,-2.001953125,-2.7626953125
0.637,3.6435546875,-1.0810546875,-3.0830078125
0.6375,3.6435546875,-0.3603515625,-3.763671875
0.638,2.8427734375,0.560546875,-3.84375
0.6385,2.5224609375,1.2412109375,-4.1640625
0.639,1.6416015625,1.9619140625,-4.2841796875
0.6395,1.0810546875,2.7626953125,-4.2841796875
0.64,0.16015625,3.123046875,-3.7236328125
0.6405,-0.3603515625,3.763671875,-3.7236328125
0.641,-1.44140625,3.84375,-2.8427734375
0.6415,-2.08203125,4.1240234375,-2.482421875
0.642,-3.203125,4.2841796875,-1.5615234375
0.6425,-3.5634765625,3.8837890625,-0.80078125
0.643,-4.0439453125,3.763671875,-0.1201171875
0.6435,-4.244140625,3.3232421875,0.5205078125
0.644,-4.484375,2.72265625,1.28125
0.6445,-4.5244140625,2.0419921875,1.9619140625
0.645,-4.6845703125,1.361328125,2.8427734375
0.6455,-4.00390625,0.3203125,3.203125
0.646,-4.083984375,-0.3603515625,3.8837890625
0.6465,-3.1630859375,-1.3212890625,3.84375
0.647,-2.72265625,-2.001953125,4.1240234375
0.6475,-1.9619140625,-2.962890625,4.244140625
0.648,-1.1611328125,-3.5634765625,4.00390625
0.6485,-0.400390625,-3.8837890625,3.6435546875
0.649,0.2802734375,-4.32421875,3.4033203125
0.6495,1.3212890625,-4.484375,2.482421875
0.65,2.001953125,-4.64453125,2.0419921875
0.6505,2.9228515625,-4.7646484375,1.201171875
0.651,3.203125,-4.2041015625,0.400390625
0.6515,3.68359375,-4.1640625,-0.080078125
0.652,3.8037109375,-3.5234375,-0.880859375
0.6525,3.9638671875,-3.04296875,-1.4814453125
0.653,3.9638671875,-2.2822265625,-2.2822265625
0.6535,3.9638671875,-1.6015625,-2.9228515625
0.654,3.3232421875,-0.560546875,-3.2431640625
0.6545,3.283203125,0.0400390625,-3.8037109375
0.655,2.40234375,1.0810546875,-3.8037109375
0.6555,2.1220703125,1.5615234375,-4.1640625
0.656,1.361328125,2.5625,-4.1640625
0.6565,0.48046875,2.8828125,-3.8037109375
0.657,-0.16015625,3.4033203125,-3.603515625
0.6575,-1.0009765625,3.68359375,-3.123046875
0.658,-1.841796875,3.8837890625,-2.482421875
0.6585,-2.5625,4.00390625,-1.8818359375
0.659,-3.36328125,4.083984375,-1.1611328125
0.6595,-3.603515625,3.5234375,-0.3603515625
0.66,-4.1240234375,3.5634765625,0.080078125
0.6605,-4.1640625,2.72265625,0.9609375
0.661,-4.4443359375,2.4423828125,1.521484375
0.6615,-4.404296875,1.5615234375,2.3623046875
0.662,-4.244140625,0.880859375,2.8828125
0.6625,-3.8037109375,-0.080078125,3.3232421875
0.663,-3.68359375,-0.80078125,3.7236328125
0.6635,-2.802734375,-1.7216796875,3.84375
0.664,-2.5224609375,-2.2822265625,4.1640625
0.6645,-1.5615234375,-3.1630859375,4.083984375
0.665,-0.80078125,-3.5234375,3.6435546875
0.6655,-0.2001953125,-4.0439453125,3.5634765625
0.666,0.8408203125,-4.244140625,2.802734375
0.6665,1.6015625,-4.5244140625,2.2822265625
0.667,2.3623046875,-4.5244140625,1.5615234375
0.6675,3.0029296875,-4.5244140625,0.9208984375
0.668,3.2431640625,-4.00390625,0.2001953125
0.6685,3.68359375,-3.9638671875,-0.2802734375
0.669,3.763671875,-3.0830078125,-1.2412109375
0.6695,3.8837890625,-2.72265625,-1.7216796875
0.67,3.8837890625,-1.8818359375,-2.5625
0.6705,3.5634765625,-1.041015625,-3.04296875
0.671,3.2431640625,-0.3203125,-3.5634765625
0.6715,2.7626953125,0.48046875,-3.763671875
0.672,2.08203125,1.28125,-4.00390625
0.6725,1.6416015625,1.9619140625,-4.00390625
0.673,0.880859375,2.72265625,-4.00390625
0.6735,0.080078125,3.04296875,-3.4833984375
0.674,-0.48046875,3.5234375,-3.4833984375
0.6745,-1.6015625,3.68359375,-2.482421875
0.675,-2.2021484375,3.9638671875,-2.162109375
0.6755,-2.962890625,3.84375,-1.3212890625
0.676,-3.4033203125,3.7236328125,-0.720703125
0.6765,-3.7236328125,3.3232421875,0.0
0.677,-4.0439453125,3.1630859375,0.48046875
0.6775,-4.2041015625,2.40234375,1.361328125
0.678,-4.32421875,1.921875,1.921875
0.6785,-4.3642578125,1.12109375,2.72265625
0.679,-3.84375,0.2001953125,3.0830078125
0.6795,-3.763671875,-0.5205078125,3.6435546875
0.68,-2.962890625,-1.4013671875,3.7236328125
0.6805,-2.6025390625,-2.1220703125,4.083984375
0.681,-1.841796875,-2.72265625,3.9638671875
0.6815,-1.12109375,-3.443359375,3.8837890625
0.682,-0.3203125,-3.7236328125,3.443359375
0.6825,0.3203125,-4.244140625,3.283203125
0.683,1.5615234375,-4.404296875,2.2421875
0.6835,2.1220703125,-4.564453125,1.8818359375
0.684,2.8828125,-4.5244140625,1.041015625
0.6845,3.2431640625,-4.2041015625,0.3603515625
0.685,3.5634765625,-3.923828125,-0.2802734375
0.6855,3.8037109375,-3.4033203125,-0.9609375
0.686,4.00390625,-2.7626953125,-1.8017578125
0.6865,3.8837890625,-2.08203125,-2.322265625
0.687,3.923828125,-1.361328125,-3.1630859375
0.6875,3.203125,-0.3603515625,-3.443359375
0.688,3.123046875,0.2802734375,-3.8837890625
0.6885,2.162109375,1.4013671875,-4.00390625
0.689,1.841796875,2.0419921875,-4.244140625
0.6895,0.9208984375,2.6826171875,-4.00390625
0.69,0.2001953125,3.2431640625,-3.84375
0.6905,-0.6005859375,3.4833984375,-3.283203125
0.691,-1.361328125,3.8837890625,-2.9228515625
0.6915,-2.5224609375,4.083984375,-1.9619140625
0.692,-3.0029296875,4.00390625,-1.44140625
0.6925,-3.68359375,3.8837890625,-0.640625
0.693,-3.923828125,3.443359375,0.0400390625
0.6935,-4.244140625,3.1630859375,0.6005859375
0.694,-4.32421875,2.40234375,1.44140625
0.6945,-4.5244140625,1.8818359375,2.2021484375
0.695,-4.244140625,1.041015625,2.6826171875
0.6955,-4.2041015625,0.2802734375,3.36328125
0.696,-3.5234375,-0.6806640625,3.5234375
0.6965,-3.36328125,-1.2412109375,4.00390625
0.697,-2.322265625,-2.322265625,4.083984375
0.6975,-1.9619140625,-2.8427734375,4.1640625
0.698,-1.0009765625,-3.5634765625,3.84375
0.6985,-0.3203125,-4.00390625,3.6435546875
0.699,0.4404296875,-4.2841796875,3.203125
0.6995,1.3212890625,-4.564453125,2.6025390625
0.7,2.40234375,-4.8046875,1.76171875
0.7005,2.8427734375,-4.5244140625,1.12109375
0.701,3.5234375,-4.5244140625,0.3603515625
0.7015,3.68359375,-3.923828125,-0.3603515625
0.702,4.0439453125,-3.763671875,-0.880859375
0.7025,4.1240234375,-2.7626953125,-1.8818359375
0.703,4.2841796875,-2.322265625,-2.5224609375
0.7035,3.84375,-1.3212890625,-3.123046875
0.704,3.763671875,-0.6005859375,-3.7236328125
0.7045,2.962890625,0.5205078125,-3.8837890625
0.705,2.6826171875,1.12109375,-4.2841796875
0.7055,1.7216796875,2.2822265625,-4.4443359375
0.706,1.201171875,2.72265625,-4.2841796875
0.7065,0.2001953125,3.4833984375,-4.00390625
0.707,-0.560546875,3.84375,-3.6435546875
0.7075,-1.3212890625,4.1240234375,-3.1630859375
0.708,-2.40234375,4.32421875,-2.322265625
0.7085,-3.443359375,4.5244140625,-1.4814453125
0.709,-3.84375,4.00390625,-0.640625
0.7095,-4.484375,3.9638671875,0.0
0.71,-4.5244140625,3.203125,0.8408203125
0.7105,-4.7646484375,2.8828125,1.4013671875
0.711,-4.8447265625,1.8017578125,2.5224609375
0.7115,-4.7646484375,1.201171875,3.04296875
0.712,-4.2841796875,0.1201171875,3.5634765625
0.7125,-4.00390625,-0.640625,4.083984375
0.713,-3.203125,-1.5615234375,4.1240234375
0.7135,-2.72265625,-2.2822265625,4.3642578125
0.714,-1.76171875,-3.4033203125,4.484375
0.7145,-1.0009765625,-3.7236328125,4.0439453125
0.715,-0.2001953125,-4.3642578125,3.8837890625
0.7155,0.6005859375,-4.5244140625,3.283203125
0.716,1.3212890625,-4.8046875,2.802734375
0.7165,2.482421875,-4.9248046875,1.841796875
0.717,3.3232421875,-5.0048828125,1.0810546875
0.7175,3.6435546875,-4.404296875,0.2001953125
0.718,4.1240234375,-4.404296875,-0.3603515625
0.7185,4.1640625,-3.603515625,-1.12109375
0.719,4.32421875,-3.203125,-1.7216796875
0.7195,4.484375,-2.2822265625,-2.802734375
0.72,4.1640625,-1.5615234375,-3.2431640625
0.7205,3.84375,-0.48046875,-3.8837890625
0.721,3.36328125,0.3603515625,-4.2041015625
0.7215,2.72265625,1.201171875,-4.3642578125
0.722,2.08203125,2.0419921875,-4.5244140625
0.7225,1.28125,3.0830078125,-4.724609375
0.723,0.2802734375,3.443359375,-4.083984375
0.7235,-0.3603515625,4.1240234375,-4.1240234375
0.724,-1.3212890625,4.2041015625,-3.283203125
0.7245,-2.08203125,4.484375,-2.8427734375
0.725,-3.283203125,4.6044921875,-1.76171875
0.7255,-4.0439453125,4.6044921875,-0.9609375
0.726,-4.4443359375,3.9638671875,0.0
0.7265,-4.884765625,3.84375,0.6005859375
0.727,-4.884765625,2.9228515625,1.4814453125
0.7275,-5.0048828125,2.3623046875,2.08203125
0.728,-5.1650390625,1.3212890625,3.2431640625
0.7285,-4.64453125,0.48046875,3.68359375
0.729,-4.32421875,-0.5205078125,4.244140625
0.7295,-3.68359375,-1.44140625,4.484375
0.73,-2.9228515625,-2.2822265625,4.564453125
0.7305,-2.162109375,-3.1630859375,4.6044921875
0.731,-1.2412109375,-4.1240234375,4.64453125
0.7315,-0.2001953125,-4.3642578125,3.84375
0.732,0.3603515625,-4.9248046875,3.8837890625
0.7325,1.521484375,-4.96484375,2.802734375
0.733,2.2021484375,-5.125,2.2421875
0.7335,3.3232421875,-5.1650390625,1.201171875
0.734,3.84375,-4.8447265625,0.4404296875
0.7345,4.1240234375,-4.32421875,-0.3603515625
0.735,4.404296875,-4.083984375,-1.0009765625
0.7355,4.404296875,-3.203125,-1.8017578125
0.736,4.404296875,-2.642578125,-2.40234375
0.7365,4.564453125,-1.7216796875,-3.4033203125
0.737,3.84375,-0.640625,-3.68359375
0.7375,3.7236328125,0.1201171875,-4.32421875
0.738,2.8427734375,1.0810546875,-4.32421875
0.7385,2.3623046875,1.8017578125,-4.564453125
0.739,1.521484375,2.6826171875,-4.6044921875
0.7395,0.6806640625,3.4833984375,-4.5244140625
0.74,-0.2802734375,3.763671875,-3.84375
0.7405,-0.8408203125,4.32421875,-3.84375
0.741,-1.9619140625,4.3642578125,-2.7626953125
0.7415,-2.6025390625,4.564453125,-2.322265625
0.742,-3.8037109375,4.64453125,-1.28125
0.7425,-4.2041015625,4.2041015625,-0.4404296875
0.743,-4.64453125,3.84375,0.2802734375
0.7435,-4.8447265625,3.36328125,0.9609375
0.744,-4.96484375,2.5625,1.8017578125
0.7445,-4.96484375,1.921875,2.5224609375
0.745,-5.0849609375,1.041015625,3.4833984375
0.7455,-4.244140625,-0.1201171875,3.8037109375
0.746,-4.244140625,-0.80078125,4.4443359375
0.7465,-3.203125,-1.8818359375,4.404296875
0.747,-2.72265625,-2.5625,4.6044921875
0.7475,-1.7216796875,-3.5634765625,4.6044921875
0.748,-0.80078125,-4.1640625,4.32421875
0.7485,0.080078125,-4.484375,3.763671875
0.749,0.7607421875,-4.9248046875,3.5234375
0.7495,2.001953125,-5.0048828125,2.3623046875
0.75,2.5625,-5.0849609375,1.841796875
0.7505,3.6435546875,-5.125,0.880859375
0.751,3.8837890625,-4.5244140625,0.0
0.7515,4.244140625,-4.32421875,-0.6005859375
0.752,4.3642578125,-3.5634765625,-1.44140625
0.7525,4.4443359375,-2.8828125,-2.1220703125
0.753,4.32421875,-2.0419921875,-2.802734375
0.7535,4.32421875,-1.28125,-3.5634765625
0.754,3.443359375,-0.16015625,-3.8037109375
0.7545,3.36328125,0.48046875,-4.2841796875
0.755,2.2822265625,1.5615234375,-4.244140625
0.7555,1.9619140625,2.1220703125,-4.5244140625
0.756,1.0009765625,3.04296875,-4.3642578125
0.7565,0.1201171875,3.4833984375,-4.00390625
0.757,-0.6005859375,3.84375,-3.68359375
0.7575,-1.4013671875,4.1240234375,-3.203125
0.758,-2.40234375,4.2841796875,-2.2822265625
0.7585,-3.0029296875,4.32421875,-1.76171875
0.759,-3.8837890625,4.32421875,-0.9208984375
0.7595,-4.1240234375,3.68359375,0.0
0.76,-4.5244140625,3.6435546875,0.400390625
0.7605,-4.564453125,2.72265625,1.361328125
0.761,-4.8046875,2.3623046875,1.9619140625
0.7615,-4.6845703125,1.4013671875,2.7626953125
0.762,-4.64453125,0.6806640625,3.443359375
0.7625,-3.923828125,-0.400390625,3.8037109375
0.763,-3.84375,-1.0009765625,4.244140625
0.7635,-2.72265625,-2.162109375,4.32421875
0.764,-2.40234375,-2.72265625,4.484375
0.7645,-1.361328125,-3.6435546875,4.3642578125
0.765,-0.5205078125,-4.083984375,3.8837890625
0.7655,0.240234375,-4.5244140625,3.6435546875
0.766,1.2412109375,-4.7646484375,2.8427734375
0.7665,2.2021484375,-4.9248046875,2.1220703125
0.767,2.802734375,-4.884765625,1.361328125
0.7675,3.5234375,-4.8447265625,0.6005859375
0.768,3.7236328125,-4.1640625,-0.240234375
0.7685,4.1240234375,-4.0439453125,-0.640625
0.769,4.1240234375,-2.962890625,-1.681640625
0.7695,4.244140625,-2.6025390625,-2.2021484375
0.77,4.083984375,-1.6416015625,-3.0029296875
0.7705,3.8037109375,-0.80078125,-3.4833984375
0.771,3.1630859375,0.1201171875,-3.8037109375
0.7715,2.8427734375,0.80078125,-4.1240234375
0.772,1.9619140625,1.841796875,-4.2041015625
0.7725,1.5615234375,2.2822265625,-4.2041015625
0.773,0.640625,3.0830078125,-4.1240234375
0.7735,-0.16015625,3.36328125,-3.5634765625
0.774,-0.720703125,3.84375,-3.4833984375
0.7745,-1.8818359375,3.9638671875,-2.5224609375
0.775,-2.5224609375,4.1240234375,-2.08203125
0.7755,-3.203125,3.9638671875,-1.2412109375
0.776,-3.763671875,3.8837890625,-0.640625
0.7765,-4.00390625,3.36328125,0.1201171875
0.777,-4.32421875,3.2431640625,0.6005859375
0.7775,-4.4443359375,2.3623046875,1.6015625
0.778,-4.5244140625,1.9619140625,2.0419921875
0.7785,-4.5244140625,1.0810546875,2.9228515625
0.779,-4.00390625,0.2001953125,3.283203125
0.7795,-3.763671875,-0.640625,3.8037109375
0.78,-3.1630859375,-1.44140625,3.9638671875
0.7805,-2.6025390625,-2.322265625,4.2841796875
0.781,-1.921875,-2.8828125,4.1240234375
0.7815,-1.0810546875,-3.6435546875,4.083984375
0.782,-0.2001953125,-3.923828125,3.5234375
0.7825,0.4404296875,-4.484375,3.4033203125
0.783,1.6416015625,-4.64453125,2.2822265625
0.7835,2.2421875,-4.884765625,1.921875
0.784,3.0029296875,-4.64453125,0.9609375
0.7845,3.4833984375,-4.404296875,0.3603515625
0.785,3.7236328125,-3.923828125,-0.3203125
0.7855,3.9638671875,-3.5634765625,-0.9609375
0.786,4.1240234375,-2.7626953125,-1.921875
0.7865,4.00390625,-2.162109375,-2.3623046875
0.787,3.9638671875,-1.28125,-3.203125
0.7875,3.2431640625,-0.3203125,-3.4033203125
0.788,3.0830078125,0.3603515625,-3.8837890625
0.7885,2.2421875,1.3212890625,-4.00390625
0.789,1.841796875,2.0419921875,-4.244140625
0.7895,1.0009765625,2.5625,-3.923828125
0.79,0.2802734375,3.203125,-3.8837890625
0.7905,-0.5205078125,3.4033203125,-3.283203125
0.791,-1.201171875,3.8037109375,-3.0830078125
0.7915,-2.322265625,3.923828125,-2.08203125
0.792,-2.802734375,3.9638671875,-1.6416015625
0.7925,-3.4833984375,3.84375,-0.80078125
0.793,-3.763671875,3.4833984375,-0.16015625
0.7935,-4.0439453125,3.1630859375,0.4404296875
0.794,-4.1640625,2.5625,1.12109375
0.7945,-4.4443359375,2.0419921875,1.921875
0.795,-4.2041015625,1.3212890625,2.3623046875
0.7955,-4.244140625,0.6005859375,3.123046875
0.796,-3.5634765625,-0.400390625,3.36328125
0.7965,-3.5234375,-0.9208984375,3.84375
0.797,-2.5625,-1.9619140625,3.8837890625
0.7975,-2.2421875,-2.5625,4.1240234375
0.798,-1.28125,-3.203125,3.84375
0.7985,-0.640625,-3.7236328125,3.7236328125
0.799,0.1201171875,-4.083984375,3.203125
0.7995,0.9609375,-4.4443359375,2.802734375
0.8,2.0419921875,-4.6845703125,1.9619140625
0.8005,2.482421875,-4.5244140625,1.4013671875
0.801,3.1630859375,-4.4443359375,0.6806640625
0.8015,3.36328125,-3.9638671875,0.0
0.802,3.763671875,-3.8037109375,-0.5205078125
0.8025,3.84375,-2.962890625,-1.4013671875
0.803,4.083984375,-2.5224609375,-2.08203125
0.8035,3.68359375,-1.6015625,-2.642578125
0.804,3.68359375,-0.9208984375,-3.283203125
0.8045,2.9228515625,0.080078125,-3.4833984375
0.805,2.8427734375,0.640625,-3.923828125
0.8055,1.921875,1.76171875,-4.0439453125
0.806,1.521484375,2.2021484375,-4.083984375
0.8065,0.560546875,2.8828125,-3.84375
0.807,-0.080078125,3.203125,-3.5634765625
0.8075,-0.80078125,3.5234375,-3.203125
0.808,-1.76171875,3.763671875,-2.5224609375
0.8085,-2.6826171875,4.083984375,-1.8017578125
0.809,-3.0830078125,3.763671875,-1.12109375
0.8095,-3.68359375,3.763671875,-0.5205078125
0.81,-3.84375,3.1630859375,0.240234375
0.8105,-4.1240234375,3.0029296875,0.720703125
0.811,-4.2041015625,2.08203125,1.6416015625
0.8115,-4.3642578125,1.7216796875,2.162109375
0.812,-4.00390625,0.7607421875,2.7626953125
0.8125,-3.8837890625,0.1201171875,3.2431640625
0.813,-3.283203125,-0.80078125,3.5234375
0.8135,-2.962890625,-1.44140625,3.84375
0.814,-2.2421875,-2.4423828125,4.0439453125
0.8145,-1.6416015625,-2.8427734375,3.84375
0.815,-0.9208984375,-3.603515625,3.8037109375
0.8155,-0.16015625,-3.84375,3.3232421875
0.816,0.560546875,-4.32421875,3.04296875
0.8165,1.6015625,-4.4443359375,2.2021484375
0.817,2.40234375,-4.64453125,1.6015625
0.8175,2.8427734375,-4.244140625,0.8408203125
0.818,3.36328125,-4.32421875,0.3203125
0.8185,3.5234375,-3.68359375,-0.4404296875
0.819,3.8037109375,-3.4033203125,-1.0009765625
0.8195,3.9638671875,-2.6025390625,-1.9619140625
0.82,3.8837890625,-2.001953125,-2.4423828125
0.8205,3.68359375,-1.041015625,-3.1630859375
0.821,3.2431640625,-0.2802734375,-3.4833984375
0.8215,2.802734375,0.560546875,-3.8037109375
0.822,2.2421875,1.3212890625,-4.00390625
0.8225,1.6015625,2.2421875,-4.244140625
0.823,0.80078125,2.5625,-3.84375
0.8235,0.16015625,3.283203125,-3.8837890625
0.824,-0.6806640625,3.4833984375,-3.203125
0.8245,-1.4013671875,3.8837890625,-2.8828125
0.825,-2.5625,4.083984375,-1.9619140625
0.8255,-3.203125,4.083984375,-1.3212890625
0.826,-3.6435546875,3.68359375,-0.48046875
0.8265,-4.0439453125,3.5634765625,0.0400390625
0.827,-4.1640625,2.9228515625,0.80078125
0.8275,-4.3642578125,2.482421875,1.4013671875
0.828,-4.6044921875,1.7216796875,2.40234375
0.8285,-4.2041015625,0.9208984375,2.7626953125
0.829,-4.1240234375,0.1201171875,3.4833984375
0.8295,-3.4833984375,-0.80078125,3.68359375
0.83,-3.123046875,-1.44140625,3.9638671875
0.8305,-2.322265625,-2.3623046875,4.083984375
0.831,-1.681640625,-3.203125,4.1640625
0.8315,-0.7607421875,-3.5634765625,3.603515625
0.832,-0.2802734375,-4.1640625,3.68359375
0.8325,0.6806640625,-4.2041015625,2.8828125
0.833,1.4013671875,-4.5244140625,2.5224609375
0.8335,2.5625,-4.7646484375,1.5615234375
0.834,3.04296875,-4.5244140625,0.880859375
0.8345,3.5234375,-4.244140625,0.16015625
0.835,3.763671875,-3.923828125,-0.400390625
0.8355,3.923828125,-3.4033203125,-1.12109375
0.836,4.00390625,-2.7626953125,-1.8017578125
0.8365,4.2841796875,-2.08203125,-2.72265625
0.837,3.6435546875,-1.0810546875,-3.0830078125
0.8375,3.68359375,-0.3603515625,-3.763671875
0.838,2.802734375,0.6005859375,-3.84375
0.8385,2.5224609375,1.2412109375,-4.2041015625
0.839,1.6416015625,2.2021484375,-4.32421875
0.8395,0.9609375,2.8427734375,-4.244140625
0.84,0.080078125,3.2431640625,-3.8037109375
0.8405,-0.5205078125,3.84375,-3.68359375
0.841,-1.521484375,3.923828125,-2.802734375
0.8415,-2.2421875,4.2041015625,-2.3623046875
0.842,-3.4033203125,4.3642578125,-1.4013671875
0.8425,-3.8037109375,3.923828125,-0.6005859375
0.843,-4.2841796875,3.8037109375,0.0400390625
0.8435,-4.484375,3.2431640625,0.7607421875
0.844,-4.64453125,2.6826171875,1.4814453125
0.8445,-4.6845703125,1.921875,2.2822265625
0.845,-4.8447265625,1.1611328125,3.1630859375
0.8455,-4.1240234375,0.0400390625,3.5234375
0.846,-4.1640625,-0.6005859375,4.1640625
0.8465,-3.123046875,-1.6416015625,4.1240234375
0.847,-2.72265625,-2.3623046875,4.404296875
0.8475,-1.7216796875,-3.4833984375,4.484375
0.848,-0.880859375,-4.00390625,4.1240234375
0.8485,-0.080078125,-4.3642578125,3.763671875
0.849,0.720703125,-4.7646484375,3.4033203125
0.8495,1.841796875,-4.8447265625,2.40234375
0.85,2.482421875,-4.96484375,1.841796875
0.8505,3.5234375,-5.044921875,0.9208984375
0.851,3.763671875,-4.3642578125,0.0400390625
0.8515,4.2041015625,-4.2841796875,-0.5205078125
0.852,4.244140625,-3.4033203125,-1.361328125
0.8525,4.32421875,-2.8828125,-2.001953125
0.853,4.32421875,-2.001953125,-2.8427734375
0.8535,4.2041015625,-1.2412109375,-3.5634765625
0.854,3.443359375,-0.1201171875,-3.84375
0.8545,3.3232421875,0.560546875,-4.32421875
0.855,2.2421875,1.5615234375,-4.32421875
0.8555,1.921875,2.162109375,-4.484375
0.856,0.9609375,3.123046875,-4.5244140625
0.8565,0.0400390625,3.5234375,-3.9638671875
0.857,-0.640625,3.9638671875,-3.7236328125
0.8575,-1.521484375,4.2041015625,-3.0830078125
0.858,-2.482421875,4.3642578125,-2.322265625
0.8585,-3.203125,4.404296875,-1.6416015625
0.859,-4.0439453125,4.484375,-0.80078125
0.8595,-4.2841796875,3.7236328125,0.080078125
0.86,-4.7646484375,3.763671875,0.6005859375
0.8605,-4.8046875,2.72265625,1.5615234375
0.861,-4.96484375,2.2822265625,2.2021484375
0.8615,-4.884765625,1.28125,3.123046875
0.862,-4.6845703125,0.48046875,3.763671875
0.8625,-4.0439453125,-0.640625,4.083984375
0.863,-3.8037109375,-1.4013671875,4.484375
0.8635,-2.6826171875,-2.6025390625,4.6044921875
0.864,-2.2421875,-3.203125,4.64453125
0.8645,-1.1611328125,-4.1240234375,4.5244140625
0.865,-0.16015625,-4.484375,3.9638671875
0.8655,0.560546875,-4.884765625,3.68359375
0.866,1.76171875,-5.1650390625,2.7626953125
0.8665,2.6826171875,-5.205078125,1.921875
0.867,3.36328125,-5.0849609375,1.12109375
0.8675,4.1240234375,-4.96484375,0.2802734375
0.868,4.1640625,-4.1640625,-0.640625
0.8685,4.5244140625,-4.00390625,-1.12109375
0.869,4.5244140625,-2.802734375,-2.2822265625
0.8695,4.484375,-2.2822265625,-2.72265625
0.87,4.32421875,-1.28125,-3.5634765625
0.8705,3.8837890625,-0.3603515625,-4.00390625
0.871,3.203125,0.560546875,-4.2841796875
0.8715,2.72265625,1.3212890625,-4.5244140625
0.872,1.76171875,2.40234375,-4.564453125
0.8725,1.2412109375,2.8427734375,-4.484375
0.873,0.2802734375,3.68359375,-4.32421875
0.8735,-0.640625,3.8837890625,-3.603515625
0.874,-1.2412109375,4.32421875,-3.4833984375
0.8745,-2.4423828125,4.404296875,-2.3623046875
0.875,-3.0830078125,4.484375,-1.841796875
0.8755,-3.8037109375,4.2841796875,-0.9609375
0.876,-4.3642578125,4.1240234375,-0.2001953125
0.8765,-4.5244140625,3.4833984375,0.6005859375
0.877,-4.8447265625,3.283203125,1.0810546875
0.8775,-4.8447265625,2.2421875,2.2021484375
0.878,-4.8447265625,1.76171875,2.6025390625
0.8785,-4.7646484375,0.7607421875,3.5234375
0.879,-4.2041015625,-0.2802734375,3.84375
0.8795,-3.84375,-1.12109375,4.2841796875
0.88,-3.1630859375,-2.001953125,4.4443359375
0.8805,-2.3623046875,-2.9228515625,4.64453125
0.881,-1.6416015625,-3.443359375,4.4443359375
0.8815,-0.6806640625,-4.2841796875,4.32421875
0.882,0.240234375,-4.5244140625,3.6435546875
0.8825,0.9208984375,-5.0048828125,3.4833984375
0.883,2.2421875,-5.0849609375,2.2421875
0.8835,2.9228515625,-5.205078125,1.6416015625
0.884,3.6435546875,-4.884765625,0.6806640625
0.8845,4.1240234375,-4.64453125,0.0
0.885,4.2841796875,-4.00390625,-0.80078125
0.8855,4.484375,-3.5634765625,-1.4814453125
0.886,4.6044921875,-2.5625,-2.5625
0.8865,4.32421875,-1.921875,-2.962890625
0.887,4.244140625,-1.0009765625,-3.84375
0.8875,3.4833984375,0.080078125,-4.0439453125
0.888,3.123046875,0.80078125,-4.4443359375
0.8885,2.162109375,1.8818359375,-4.484375
0.889,1.521484375,2.6826171875,-4.64453125
0.8895,0.6806640625,3.1630859375,-4.1640625
0.89,-0.16015625,3.84375,-4.0439453125
0.8905,-1.0009765625,3.923828125,-3.283203125
0.891,-1.6416015625,4.32421875,-3.04296875
0.8915,-2.9228515625,4.3642578125,-1.8818359375
0.892,-3.36328125,4.32421875,-1.361328125
0.8925,-4.00390625,4.00390625,-0.48046875
0.893,-4.32421875,3.6435546875,0.240234375
0.8935,-4.5244140625,3.1630859375,0.880859375
0.894,-4.564453125,2.5625,1.5615234375
0.8945,-4.8046875,1.8818359375,2.40234375
0.895,-4.484375,1.0810546875,2.802734375
0.8955,-4.484375,0.2802734375,3.5634765625
0.896,-3.68359375,-0.720703125,3.763671875
0.8965,-3.5634765625,-1.28125,4.244140625
0.897,-2.5224609375,-2.3623046875,4.2841796875
0.8975,-2.1220703125,-3.0029296875,4.484375
0.898,-1.12109375,-3.603515625,4.0439453125
0.8985,-0.400390625,-4.2041015625,3.9638671875
0.899,0.48046875,-4.4443359375,3.3232421875
0.8995,1.28125,-4.8447265625,2.9228515625
0.9,2.5224609375,-5.0048828125,1.921875
0.9005,2.9228515625,-4.8447265625,1.3212890625
0.901,3.68359375,-4.6845703125,0.4404296875
0.9015,3.923828125,-4.2041015625,-0.3203125
0.902,4.2041015625,-3.8837890625,-0.9208984375
0.9025,4.2841796875,-3.04296875,-1.8017578125
0.903,4.484375,-2.4423828125,-2.642578125
0.9035,3.9638671875,-1.4814453125,-3.0830078125
0.904,3.923828125,-0.640625,-3.84375
0.9045,3.04296875,0.48046875,-3.923828125
0.905,2.8427734375,1.041015625,-4.32421875
0.9055,1.76171875,2.2021484375,-4.3642578125
0.906,1.28125,2.6826171875,-4.3642578125
0.9065,0.2802734375,3.2431640625,-3.8837890625
0.907,-0.400390625,3.68359375,-3.68359375
0.9075,-1.1611328125,3.84375,-3.0830078125
0.908,-2.0419921875,4.1240234375,-2.4423828125
0.9085,-3.0830078125,4.2841796875,-1.6015625
0.909,-3.4033203125,3.8837890625,-0.9208984375
0.9095,-4.00390625,3.84375,-0.2802734375
0.91,-4.1240234375,3.1630859375,0.48046875
0.9105,-4.3642578125,2.962890625,0.9609375
0.911,-4.4443359375,2.001953125,1.841796875
0.9115,-4.564453125,1.5615234375,2.40234375
0.912,-4.1240234375,0.6005859375,2.9228515625
0.9125,-4.0439453125,0.0,3.5234375
0.913,-3.3232421875,-1.0009765625,3.7236328125
0.9135,-3.0830078125,-1.5615234375,4.0439453125
0.914,-2.2021484375,-2.6025390625,4.2041015625
0.9145,-1.681640625,-3.0029296875,4.00390625
0.915,-0.80078125,-3.7236328125,3.8837890625
0.9155,-0.080078125,-4.00390625,3.4833984375
0.916,0.6806640625,-4.404296875,3.0830078125
0.9165,1.6416015625,-4.564453125,2.2822265625
0.917,2.5224609375,-4.8447265625,1.6416015625
0.9175,2.9228515625,-4.404296875,0.880859375
0.918,3.5634765625,-4.484375,0.3203125
0.9185,3.68359375,-3.8037109375,-0.5205078125
0.919,4.00390625,-3.5634765625,-1.041015625
0.9195,4.1240234375,-2.6826171875,-2.08203125
0.92,4.1240234375,-2.1220703125,-2.6025390625
0.9205,3.763671875,-1.041015625,-3.2431640625
0.921,3.4833984375,-0.2802734375,-3.7236328125
0.9215,2.8427734375,0.6005859375,-3.8837890625
0.922,2.40234375,1.3212890625,-4.1640625
0.9225,1.6015625,2.322265625,-4.3642578125
0.923,0.8408203125,2.72265625,-3.8837890625
0.9235,0.1201171875,3.36328125,-3.8837890625
0.924,-0.6806640625,3.5634765625,-3.2431640625
0.9245,-1.4013671875,3.8837890625,-2.8828125
0.925,-2.482421875,4.0439453125,-1.9619140625
0.9255,-3.1630859375,4.1240234375,-1.3212890625
0.926,-3.5234375,3.5634765625,-0.5205078125
0.9265,-4.00390625,3.603515625,0.0
0.927,-4.083984375,2.8427734375,0.720703125
0.9275,-4.244140625,2.5224609375,1.28125
0.928,-4.4443359375,1.76171875,2.2421875
0.9285,-4.1640625,1.12109375,2.5625
0.929,-4.00390625,0.240234375,3.2431640625
0.9295,-3.5634765625,-0.5205078125,3.5234375
0.93,-3.1630859375,-1.28125,3.84375
0.9305,-2.5224609375,-2.0419921875,3.923828125
0.931,-1.921875,-2.8427734375,4.1240234375
0.9315,-1.0810546875,-3.203125,3.603515625
0.932,-0.6005859375,-3.84375,3.763671875
0.9325,0.3603515625,-4.00390625,3.0029296875
0.933,1.0810546875,-4.404296875,2.72265625
0.9335,2.162109375,-4.564453125,1.76171875
0.934,2.642578125,-4.5244140625,1.2412109375
0.9345,3.1630859375,-4.244140625,0.48046875
0.935,3.5234375,-4.1240234375,0.0
0.9355,3.7236328125,-3.5634765625,-0.80078125
0.936,3.84375,-3.0029296875,-1.4013671875
0.9365,4.1240234375,-2.322265625,-2.322265625
0.937,3.6435546875,-1.44140625,-2.6826171875
0.9375,3.68359375,-0.720703125,-3.4033203125
0.938,2.8828125,0.240234375,-3.5634765625
0.9385,2.6826171875,0.880859375,-3.9638671875
0.939,1.921875,1.76171875,-4.083984375
0.9395,1.3212890625,2.40234375,-4.1240234375
0.94,0.4404296875,2.8427734375,-3.68359375
0.9405,-0.1201171875,3.4033203125,-3.68359375
0.941,-1.041015625,3.5234375,-2.8828125
0.9415,-1.76171875,3.8837890625,-2.5224609375
0.942,-2.8427734375,4.083984375,-1.6416015625
0.9425,-3.203125,3.763671875,-1.0009765625
0.943,-3.7236328125,3.603515625,-0.3603515625
0.9435,-3.8837890625,3.1630859375,0.2802734375
0.944,-4.1640625,2.7626953125,0.9208984375
0.9445,-4.244140625,2.08203125,1.6416015625
0.945,-4.4443359375,1.521484375,2.40234375
0.9455,-3.84375,0.560546875,2.802734375
0.946,-4.00390625,0.0,3.4833984375
0.9465,-3.1630859375,-1.0009765625,3.5234375
0.947,-2.9228515625,-1.5615234375,3.8837890625
0.9475,-2.08203125,-2.5224609375,4.00390625
0.948,-1.44140625,-3.0029296875,3.84375
0.9485,-0.6806640625,-3.5234375,3.5634765625
0.949,-0.080078125,-3.923828125,3.36328125
0.9495,0.80078125,-4.1640625,2.6826171875
0.95,1.5615234375,-4.404296875,2.2021484375
0.9505,2.5224609375,-4.564453125,1.44140625
0.951,2.8427734375,-4.1640625,0.6806640625
0.9515,3.36328125,-4.2841796875,0.240234375
0.952,3.5234375,-3.5634765625,-0.5205078125
0.9525,3.8037109375,-3.2431640625,-1.12109375
0.953,3.8837890625,-2.482421875,-1.9619140625
0.9535,3.9638671875,-1.8818359375,-2.5625
0.954,3.4033203125,-0.8408203125,-3.0830078125
0.9545,3.3232421875,-0.240234375,-3.603515625
0.955,2.5625,0.6806640625,-3.7236328125
0.9555,2.2822265625,1.3212890625,-4.0439453125
0.956,1.44140625,2.2822265625,-4.1640625
0.9565,0.6806640625,2.72265625,-3.8037109375
0.957,0.0400390625,3.2431640625,-3.7236328125
0.9575,-0.80078125,3.5634765625,-3.203125
0.958,-1.6015625,3.8037109375,-2.6025390625
0.9585,-2.4423828125,3.9638671875,-1.921875
0.959,-3.2431640625,4.00390625,-1.2412109375
0.9595,-3.5234375,3.4833984375,-0.4404296875
0.96,-4.00390625,3.5634765625,0.0
0.9605,-4.083984375,2.7626953125,0.8408203125
0.961,-4.32421875,2.4423828125,1.4013671875
0.9615,-4.4443359375,1.5615234375,2.322265625
0.962,-4.2041015625,0.880859375,2.8427734375
0.9625,-3.84375,0.0,3.3232421875
0.963,-3.5634765625,-0.720703125,3.763671875
0.9635,-2.8427734375,-1.6416015625,3.8837890625
0.964,-2.40234375,-2.2822265625,4.083984375
0.9645,-1.6015625,-3.203125,4.1240234375
0.965,-0.720703125,-3.5634765625,3.6435546875
0.9655,-0.16015625,-4.1240234375,3.6435546875
0.966,0.880859375,-4.32421875,2.802734375
0.9665,1.7216796875,-4.64453125,2.2021484375
0.967,2.5224609375,-4.64453125,1.44140625
0.9675,3.1630859375,-4.6044921875,0.7607421875
0.968,3.4033203125,-4.00390625,0.080078125
0.9685,3.8037109375,-3.9638671875,-0.400390625
0.969,3.84375,-3.0830078125,-1.361328125
0.9695,4.00390625,-2.642578125,-1.921875
0.97,4.083984375,-1.8017578125,-2.7626953125
0.9705,3.603515625,-0.9609375,-3.203125
0.971,3.3232421875,-0.1201171875,-3.68359375
0.9715,2.72265625,0.6806640625,-3.8837890625
0.972,2.1220703125,1.5615234375,-4.1240234375
0.9725,1.5615234375,2.2021484375,-4.1640625
0.973,0.7607421875,3.0029296875,-4.1240234375
0.9735,-0.080078125,3.2431640625,-3.5634765625
0.974,-0.640625,3.8037109375,-3.5634765625
0.9745,-1.76171875,4.00390625,-2.482421875
0.975,-2.4423828125,4.1240234375,-2.1220703125
0.9755,-3.283203125,4.083984375,-1.2412109375
0.976,-3.763671875,3.8837890625,-0.5205078125
0.9765,-4.0439453125,3.443359375,0.16015625
0.977,-4.3642578125,3.1630859375,0.720703125
0.9775,-4.484375,2.322265625,1.681640625
0.978,-4.5244140625,1.841796875,2.2021484375
0.9785,-4.564453125,1.0009765625,3.0830078125
0.979,-3.9638671875,0.0,3.4033203125
0.9795,-3.84375,-0.6806640625,3.9638671875
0.98,-3.0029296875,-1.6416015625,4.083984375
0.9805,-2.5224609375,-2.482421875,4.32421875
0.981,-1.681640625,-3.1630859375,4.1640625
0.9815,-0.8408203125,-3.8837890625,4.1240234375
0.982,0.0,-4.1640625,3.5234375
0.9825,0.6005859375,-4.8447265625,3.36328125
0.983,2.001953125,-4.8447265625,2.2021484375
0.9835,2.6025390625,-5.0048828125,1.5615234375
0.984,3.443359375,-4.8447265625,0.7607421875
0.9845,3.84375,-4.4443359375,0.0400390625
0.985,4.083984375,-4.0439453125,-0.640625
0.9855,4.32421875,-3.443359375,-1.4013671875
0.986,4.4443359375,-2.6025390625,-2.3623046875
0.9865,4.1640625,-1.921875,-2.8427734375
0.987,4.1640625,-1.0009765625,-3.68359375
0.9875,3.3232421875,0.1201171875,-3.84375
0.988,3.123046875,0.7607421875,-4.2841796875
0.9885,2.0419921875,1.921875,-4.3642578125
0.989,1.5615234375,2.5625,-4.5244140625
0.9895,0.640625,3.1630859375,-4.1640625
0.99,-0.2001953125,3.763671875,-3.9638671875
0.9905,-0.9609375,3.84375,-3.36328125
0.991,-1.7216796875,4.2041015625,-2.962890625
0.9915,-2.962890625,4.1640625,-1.9619140625
0.992,-3.36328125,4.2841796875,-1.28125
0.9925,-4.1240234375,4.1240234375,-0.48046875
0.993,-4.32421875,3.5634765625,0.3203125
0.9935,-4.564453125,3.283203125,0.8408203125
0.994,-4.64453125,2.482421875,1.7216796875
0.9945,-4.8447265625,1.841796875,2.482421875
0.995,-4.5244140625,1.0009765625,3.0029296875
0.9955,-4.484375,0.240234375,3.763671875
0.996,-3.68359375,-0.8408203125,3.923828125
0.9965,-3.5634765625,-1.44140625,4.3642578125
0.997,-2.40234375,-2.642578125,4.404296875
0.9975,-1.9619140625,-3.203125,4.5244140625
0.998,-0.9609375,-3.8837890625,4.1640625
0.9985,-0.16015625,-4.5244140625,3.9638671875
0.999,0.6806640625,-4.7646484375,3.3232421875
0.9995,1.681640625,-5.044921875,2.802734375
