wavelength,x,y,z
0.0,-2.2421875,-1.361328125,3.0830078125
0.0005,-2.642578125,-1.0009765625,3.123046875
0.001,-2.8828125,-0.6806640625,3.0029296875
0.0015,-2.8828125,-0.16015625,2.5224609375
0.002,-2.9228515625,0.560546875,1.921875
0.0025,-3.0830078125,1.28125,1.3212890625
0.003,-3.283203125,2.001953125,0.880859375
0.0035,-3.283203125,2.3623046875,0.48046875
0.004,-3.0029296875,2.5625,0.0
0.0045,-2.5224609375,2.6826171875,-0.640625
0.005,-1.8818359375,2.8828125,-1.44140625
0.0055,-1.28125,3.04296875,-2.2421875
0.006,-0.880859375,3.203125,-2.7626953125
0.0065,-0.5205078125,3.1630859375,-3.0830078125
0.007,0.080078125,2.6826171875,-3.203125
0.0075,0.7607421875,2.162109375,-3.36328125
0.008,1.4814453125,1.521484375,-3.4033203125
0.0085,2.2021484375,1.0009765625,-3.7236328125
0.009,2.482421875,0.6806640625,-3.6435546875
0.0095,2.6826171875,0.3203125,-3.4033203125
0.01,2.6826171875,-0.2802734375,-2.8828125
0.0105,2.7626953125,-1.0009765625,-2.2822265625
0.011,2.9228515625,-1.76171875,-1.681640625
0.0115,3.123046875,-2.40234375,-1.28125
0.012,3.04296875,-2.6826171875,-0.9208984375
0.0125,2.6025390625,-2.802734375,-0.3603515625
0.013,2.08203125,-2.9228515625,0.3203125
0.0135,1.4013671875,-3.123046875,1.201171875
0.014,0.9208984375,-3.283203125,1.841796875
0.0145,0.560546875,-3.36328125,2.2822265625
0.015,0.16015625,-3.203125,2.5224609375
0.0155,-0.5205078125,-2.72265625,2.642578125
0.016,-1.0810546875,-2.162109375,2.72265625
0.0165,-1.9619140625,-1.6015625,2.9228515625
0.017,-2.482421875,-1.2412109375,3.123046875
0.0175,-2.72265625,-0.880859375,3.0029296875
0.018,-2.802734375,-0.3603515625,2.642578125
0.0185,-2.8427734375,0.240234375,2.1220703125
0.019,-2.9228515625,0.9609375,1.521484375
0.0195,-3.1630859375,1.6416015625,1.041015625
0.02,-3.203125,2.162109375,0.640625
0.0205,-3.123046875,2.4423828125,0.2802734375
0.021,-2.642578125,2.5224609375,-0.3203125
0.0215,-2.1220703125,2.72265625,-1.041015625
0.022,-1.521484375,2.8828125,-1.841796875
0.0225,-1.12109375,3.123046875,-2.4423828125
0.023,-0.720703125,3.0830078125,-2.802734375
0.0235,-0.2802734375,2.8828125,-3.0029296875
0.024,0.3203125,2.2421875,-3.203125
0.0245,1.0810546875,1.841796875,-3.36328125
0.025,1.76171875,1.28125,-3.5634765625
0.0255,2.2421875,0.9609375,-3.6435546875
0.026,2.482421875,0.640625,-3.5634765625
0.0265,2.5224609375,0.1201171875,-3.0830078125
0.027,2.642578125,-0.5205078125,-2.6025390625
0.0275,2.8427734375,-1.28125,-2.001953125
0.028,3.0029296875,-1.9619140625,-1.6015625
0.0285,3.04296875,-2.40234375,-1.201171875
0.029,2.8828125,-2.642578125,-0.720703125
0.0295,2.3623046875,-2.7626953125,-0.16015625
0.03,1.8017578125,-2.962890625,0.640625
0.0305,1.2412109375,-3.1630859375,1.4013671875
0.031,0.8408203125,-3.36328125,2.001953125
0.0315,0.48046875,-3.283203125,2.322265625
0.032,-0.1201171875,-2.9228515625,2.5224609375
0.0325,-0.7607421875,-2.482421875,2.642578125
0.033,-1.5615234375,-1.8017578125,2.8828125
0.0335,-2.1220703125,-1.44140625,3.04296875
0.034,-2.5224609375,-1.041015625,3.04296875
0.0345,-2.72265625,-0.6806640625,2.8427734375
0.035,-2.72265625,-0.1201171875,2.322265625
0.0355,-2.8828125,0.6005859375,1.8017578125
0.036,-3.0830078125,1.361328125,1.2412109375
0.0365,-3.2431640625,1.921875,0.880859375
0.037,-3.1630859375,2.2421875,0.4404296875
0.0375,-2.8828125,2.482421875,0.0
0.038,-2.322265625,2.6025390625,-0.720703125
0.0385,-1.76171875,2.802734375,-1.4814453125
0.039,-1.2412109375,3.0029296875,-2.2021484375
0.0395,-0.880859375,3.1630859375,-2.6826171875
0.04,-0.4404296875,2.962890625,-2.9228515625
0.0405,0.1201171875,2.482421875,-3.0830078125
0.041,0.8408203125,1.921875,-3.4033203125
0.0415,1.5615234375,1.44140625,-3.4033203125
0.042,2.1220703125,1.12109375,-3.603515625
0.0425,2.40234375,0.7607421875,-3.5634765625
0.043,2.5224609375,0.2802734375,-3.2431640625
0.0435,2.5625,-0.3203125,-2.72265625
0.044,2.72265625,-1.041015625,-2.2021484375
0.0445,2.962890625,-1.76171875,-1.681640625
0.045,3.0830078125,-2.322265625,-1.28125
0.0455,2.962890625,-2.6025390625,-0.9208984375
0.046,2.5224609375,-2.7626953125,-0.3203125
0.0465,2.001953125,-2.9228515625,0.4404296875
0.047,1.3212890625,-3.123046875,1.2412109375
0.0475,0.9208984375,-3.283203125,1.8818359375
0.048,0.560546875,-3.4033203125,2.2421875
0.0485,0.1201171875,-3.203125,2.5224609375
0.049,-0.640625,-2.6826171875,2.5625
0.0495,-1.3212890625,-2.0419921875,2.8427734375
0.05,-2.08203125,-1.4814453125,3.04296875
0.0505,-2.5625,-1.1611328125,3.1630859375
0.051,-2.72265625,-0.7607421875,2.962890625
0.0515,-2.8427734375,-0.2802734375,2.5224609375
0.052,-2.8828125,0.4404296875,1.9619140625
0.0525,-3.04296875,1.2412109375,1.361328125
0.053,-3.2431640625,1.8818359375,0.9609375
0.0535,-3.283203125,2.3623046875,0.5205078125
0.054,-3.04296875,2.5224609375,0.080078125
0.0545,-2.4423828125,2.6025390625,-0.6005859375
0.055,-1.921875,2.8427734375,-1.361328125
0.0555,-1.28125,3.04296875,-2.2421875
0.056,-0.9208984375,3.123046875,-2.72265625
0.0565,-0.5205078125,3.04296875,-3.04296875
0.057,0.0,2.6826171875,-3.203125
0.0575,0.80078125,2.0419921875,-3.283203125
0.058,1.521484375,1.521484375,-3.443359375
0.0585,2.162109375,1.041015625,-3.603515625
0.059,2.5224609375,0.720703125,-3.6435546875
0.0595,2.6025390625,0.3203125,-3.36328125
0.06,2.642578125,-0.2802734375,-2.8427734375
0.0605,2.802734375,-1.0009765625,-2.2822265625
0.061,2.9228515625,-1.8017578125,-1.6416015625
0.0615,3.0830078125,-2.322265625,-1.28125
0.062,3.0029296875,-2.642578125,-0.880859375
0.0625,2.6826171875,-2.8427734375,-0.400390625
0.063,2.0419921875,-2.8828125,0.3603515625
0.0635,1.4814453125,-3.0830078125,1.12109375
0.064,0.9208984375,-3.283203125,1.8818359375
0.0645,0.560546875,-3.4833984375,2.2822265625
0.065,0.1201171875,-3.203125,2.482421875
0.0655,-0.5205078125,-2.72265625,2.642578125
0.066,-1.2412109375,-2.162109375,2.8427734375
0.0665,-1.9619140625,-1.5615234375,3.0029296875
0.067,-2.482421875,-1.1611328125,3.123046875
0.0675,-2.7626953125,-0.80078125,3.04296875
0.068,-2.8427734375,-0.400390625,2.6826171875
0.0685,-2.8427734375,0.2802734375,2.0419921875
0.069,-3.0029296875,0.9609375,1.5615234375
0.0695,-3.203125,1.76171875,0.9609375
0.07,-3.283203125,2.2421875,0.640625
0.0705,-3.0830078125,2.482421875,0.16015625
0.071,-2.72265625,2.642578125,-0.3603515625
0.0715,-2.0419921875,2.7626953125,-1.1611328125
0.072,-1.4814453125,2.9228515625,-1.9619140625
0.0725,-1.0009765625,3.0830078125,-2.5625
0.073,-0.640625,3.123046875,-3.0029296875
0.0735,-0.16015625,2.8427734375,-3.123046875
0.074,0.5205078125,2.2822265625,-3.203125
0.0745,1.2412109375,1.76171875,-3.4033203125
0.075,2.001953125,1.201171875,-3.603515625
0.0755,2.40234375,0.880859375,-3.68359375
0.076,2.6025390625,0.48046875,-3.5234375
0.0765,2.6826171875,0.0,-3.123046875
0.077,2.6826171875,-0.720703125,-2.4423828125
0.0775,2.8427734375,-1.4814453125,-1.8818359375
0.078,3.04296875,-2.162109375,-1.44140625
0.0785,3.123046875,-2.6025390625,-1.041015625
0.079,2.802734375,-2.72265625,-0.6005859375
0.0795,2.2421875,-2.8828125,0.080078125
0.08,1.681640625,-3.123046875,0.8408203125
0.0805,1.0810546875,-3.283203125,1.6416015625
0.081,0.640625,-3.4033203125,2.162109375
0.0815,0.2802734375,-3.283203125,2.482421875
0.082,-0.2802734375,-2.962890625,2.642578125
0.0825,-1.0009765625,-2.2822265625,2.72265625
0.083,-1.7216796875,-1.8017578125,2.8828125
0.0835,-2.40234375,-1.28125,3.0830078125
0.084,-2.72265625,-0.9609375,3.123046875
0.0845,-2.8427734375,-0.5205078125,2.802734375
0.085,-2.8828125,0.0400390625,2.322265625
0.0855,-2.962890625,0.7607421875,1.7216796875
0.086,-3.1630859375,1.5615234375,1.12109375
0.0865,-3.283203125,2.08203125,0.720703125
0.087,-3.2431640625,2.5224609375,0.3203125
0.0875,-2.8828125,2.642578125,-0.2001953125
0.088,-2.2421875,2.6826171875,-0.9609375
0.0885,-1.6416015625,2.8828125,-1.7216796875
0.089,-1.12109375,3.0830078125,-2.5224609375
0.0895,-0.720703125,3.203125,-2.8828125
0.09,-0.3203125,3.0029296875,-3.123046875
0.0905,0.2802734375,2.5224609375,-3.283203125
0.091,1.12109375,1.921875,-3.4033203125
0.0915,1.841796875,1.28125,-3.5634765625
0.092,2.40234375,0.9208984375,-3.68359375
0.0925,2.6826171875,0.6005859375,-3.68359375
0.093,2.6826171875,0.1201171875,-3.203125
0.0935,2.72265625,-0.6005859375,-2.6025390625
0.094,2.8427734375,-1.3212890625,-2.0419921875
0.0945,3.04296875,-2.08203125,-1.4814453125
0.095,3.1630859375,-2.5625,-1.12109375
0.0955,2.962890625,-2.8427734375,-0.640625
0.096,2.5224609375,-2.962890625,-0.1201171875
0.0965,1.76171875,-3.0830078125,0.720703125
0.097,1.1611328125,-3.2431640625,1.521484375
0.0975,0.720703125,-3.4033203125,2.162109375
0.098,0.3603515625,-3.4033203125,2.5224609375
0.0985,-0.2001953125,-3.04296875,2.642578125
0.099,-0.8408203125,-2.482421875,2.802734375
0.0995,-1.6416015625,-1.8818359375,2.962890625
0.1,-2.322265625,-1.3212890625,3.123046875
0.1005,-2.7626953125,-0.9208984375,3.1630859375
0.101,-2.9228515625,-0.6005859375,3.0029296875
0.1015,-2.962890625,0.0,2.5224609375
0.102,-2.962890625,0.6806640625,1.76171875
0.1025,-3.123046875,1.4013671875,1.2412109375
0.103,-3.3232421875,2.162109375,0.720703125
0.1035,-3.283203125,2.5224609375,0.3603515625
0.104,-2.962890625,2.6025390625,-0.2001953125
0.1045,-2.4423828125,2.7626953125,-0.80078125
0.105,-1.76171875,2.8828125,-1.681640625
0.1055,-1.1611328125,3.123046875,-2.40234375
0.106,-0.720703125,3.203125,-2.9228515625
0.1065,-0.400390625,3.1630859375,-3.203125
0.107,0.240234375,2.6826171875,-3.283203125
0.1075,0.9609375,2.0419921875,-3.4033203125
0.108,1.76171875,1.4013671875,-3.5634765625
0.1085,2.40234375,0.9609375,-3.763671875
0.109,2.6826171875,0.6005859375,-3.68359375
0.1095,2.8427734375,0.16015625,-3.4033203125
0.11,2.8427734375,-0.4404296875,-2.8828125
0.1105,2.8828125,-1.2412109375,-2.1220703125
0.111,3.04296875,-2.001953125,-1.5615234375
0.1115,3.203125,-2.6025390625,-1.12109375
0.112,3.123046875,-2.962890625,-0.80078125
0.1125,2.642578125,-3.04296875,-0.2001953125
0.113,2.001953125,-3.1630859375,0.560546875
0.1135,1.28125,-3.2431640625,1.44140625
0.114,0.7607421875,-3.4033203125,2.162109375
0.1145,0.3603515625,-3.443359375,2.5625
0.115,0.0,-3.2431640625,2.802734375
0.1155,-0.7607421875,-2.6826171875,2.8427734375
0.116,-1.521484375,-2.001953125,2.962890625
0.1165,-2.2822265625,-1.361328125,3.0830078125
0.117,-2.802734375,-1.0009765625,3.203125
0.1175,-3.0029296875,-0.640625,3.0830078125
0.118,-3.0029296875,-0.16015625,2.6025390625
0.1185,-3.04296875,0.5205078125,2.0419921875
0.119,-3.123046875,1.3212890625,1.3212890625
0.1195,-3.2431640625,2.0419921875,0.80078125
0.12,-3.36328125,2.482421875,0.3603515625
0.1205,-3.203125,2.72265625,0.0
0.121,-2.642578125,2.7626953125,-0.640625
0.1215,-1.9619140625,2.9228515625,-1.44140625
0.122,-1.28125,3.0830078125,-2.2421875
0.1225,-0.8408203125,3.2431640625,-2.8427734375
0.123,-0.4404296875,3.1630859375,-3.1630859375
0.1235,0.0400390625,2.8828125,-3.3232421875
0.124,0.720703125,2.2421875,-3.4033203125
0.1245,1.5615234375,1.5615234375,-3.5634765625
0.125,2.2421875,1.0810546875,-3.68359375
0.1255,2.6826171875,0.640625,-3.763671875
0.126,2.8427734375,0.3203125,-3.603515625
0.1265,2.8427734375,-0.240234375,-3.04296875
0.127,2.8427734375,-0.9609375,-2.40234375
0.1275,3.0029296875,-1.76171875,-1.7216796875
0.128,3.1630859375,-2.4423828125,-1.28125
0.1285,3.1630859375,-2.8427734375,-0.880859375
0.129,2.9228515625,-3.0830078125,-0.48046875
0.1295,2.2822265625,-3.0830078125,0.2802734375
0.13,1.5615234375,-3.203125,1.1611328125
0.1305,0.9208984375,-3.36328125,1.921875
0.131,0.5205078125,-3.5634765625,2.5224609375
0.1315,0.1201171875,-3.36328125,2.7626953125
0.132,-0.48046875,-2.9228515625,2.8427734375
0.1325,-1.2412109375,-2.2822265625,2.962890625
0.133,-2.08203125,-1.5615234375,3.123046875
0.1335,-2.6826171875,-1.12109375,3.2431640625
0.134,-3.0029296875,-0.6806640625,3.1630859375
0.1345,-3.123046875,-0.3203125,2.8828125
0.135,-3.0830078125,0.3603515625,2.2421875
0.1355,-3.1630859375,1.0810546875,1.5615234375
0.136,-3.2431640625,1.8818359375,0.9208984375
0.1365,-3.443359375,2.4423828125,0.48046875
0.137,-3.2431640625,2.6826171875,0.0400390625
0.1375,-2.8427734375,2.8427734375,-0.48046875
0.138,-2.162109375,2.9228515625,-1.2412109375
0.1385,-1.44140625,3.0830078125,-2.08203125
0.139,-0.880859375,3.203125,-2.7626953125
0.1395,-0.5205078125,3.283203125,-3.1630859375
0.14,-0.1201171875,3.04296875,-3.36328125
0.1405,0.6005859375,2.40234375,-3.4033203125
0.141,1.3212890625,1.841796875,-3.5634765625
0.1415,2.162109375,1.12109375,-3.68359375
0.142,2.6025390625,0.7607421875,-3.8037109375
0.1425,2.8427734375,0.3603515625,-3.6435546875
0.143,2.8828125,-0.080078125,-3.2431640625
0.1435,2.8427734375,-0.80078125,-2.5625
0.144,2.962890625,-1.6015625,-1.9619140625
0.1445,3.1630859375,-2.3623046875,-1.361328125
0.145,3.2431640625,-2.8828125,-1.0009765625
0.1455,3.04296875,-3.04296875,-0.5205078125
0.146,2.482421875,-3.123046875,0.080078125
0.1465,1.841796875,-3.2431640625,0.9208984375
0.147,1.041015625,-3.36328125,1.8017578125
0.1475,0.6005859375,-3.4833984375,2.40234375
0.148,0.16015625,-3.4833984375,2.7626953125
0.1485,-0.3203125,-3.1630859375,2.9228515625
0.149,-1.041015625,-2.4423828125,2.9228515625
0.1495,-1.8017578125,-1.841796875,3.123046875
0.15,-2.6025390625,-1.1611328125,3.2431640625
0.1505,-3.04296875,-0.8408203125,3.283203125
0.151,-3.1630859375,-0.400390625,3.0029296875
0.1515,-3.1630859375,0.1201171875,2.5224609375
0.152,-3.1630859375,0.880859375,1.76171875
0.1525,-3.2431640625,1.681640625,1.041015625
0.153,-3.443359375,2.2822265625,0.560546875
0.1535,-3.36328125,2.802734375,0.16015625
0.154,-3.0830078125,2.8828125,-0.2802734375
0.1545,-2.3623046875,2.8828125,-1.0009765625
0.155,-1.7216796875,3.123046875,-1.841796875
0.1555,-1.0009765625,3.203125,-2.72265625
0.156,-0.6005859375,3.3232421875,-3.1630859375
0.1565,-0.16015625,3.123046875,-3.4033203125
0.157,0.400390625,2.72265625,-3.5234375
0.1575,1.2412109375,1.921875,-3.5634765625
0.158,1.921875,1.28125,-3.6435546875
0.1585,2.5625,0.7607421875,-3.763671875
0.159,2.9228515625,0.48046875,-3.8037109375
0.1595,2.962890625,0.0,-3.36328125
0.16,2.9228515625,-0.640625,-2.802734375
0.1605,3.0029296875,-1.4013671875,-2.08203125
0.161,3.0830078125,-2.2421875,-1.44140625
0.1615,3.203125,-2.72265625,-1.041015625
0.162,3.123046875,-3.04296875,-0.6005859375
0.1625,2.6826171875,-3.123046875,-0.16015625
0.163,1.921875,-3.123046875,0.6806640625
0.1635,1.28125,-3.283203125,1.4814453125
0.164,0.640625,-3.443359375,2.2421875
0.1645,0.3203125,-3.5234375,2.6826171875
0.165,-0.2001953125,-3.203125,2.8427734375
0.1655,-0.80078125,-2.72265625,2.9228515625
0.166,-1.5615234375,-2.001953125,3.04296875
0.1665,-2.322265625,-1.361328125,3.123046875
0.167,-2.8427734375,-0.9609375,3.203125
0.1675,-3.0830078125,-0.6005859375,3.1630859375
0.168,-3.0830078125,-0.2001953125,2.6826171875
0.1685,-3.04296875,0.5205078125,1.9619140625
0.169,-3.203125,1.2412109375,1.4013671875
0.1695,-3.283203125,2.08203125,0.7607421875
0.17,-3.36328125,2.5224609375,0.4404296875
0.1705,-3.123046875,2.7626953125,0.0
0.171,-2.72265625,2.8427734375,-0.6005859375
0.1715,-1.9619140625,2.9228515625,-1.44140625
0.172,-1.3212890625,3.0830078125,-2.2021484375
0.1725,-0.80078125,3.203125,-2.8427734375
0.173,-0.5205078125,3.2431640625,-3.203125
0.1735,0.0400390625,2.8427734375,-3.283203125
0.174,0.720703125,2.2421875,-3.36328125
0.1745,1.44140625,1.681640625,-3.5634765625
0.175,2.2421875,1.041015625,-3.7236328125
0.1755,2.6025390625,0.720703125,-3.7236328125
0.176,2.802734375,0.2802734375,-3.5634765625
0.1765,2.8427734375,-0.2001953125,-3.1630859375
0.177,2.802734375,-1.0009765625,-2.4423828125
0.1775,2.962890625,-1.6416015625,-1.841796875
0.178,3.123046875,-2.322265625,-1.3212890625
0.1785,3.1630859375,-2.7626953125,-0.9609375
0.179,2.8427734375,-2.9228515625,-0.48046875
0.1795,2.322265625,-3.04296875,0.16015625
0.18,1.6416015625,-3.203125,1.041015625
0.1805,0.9609375,-3.3232421875,1.841796875
0.181,0.560546875,-3.4033203125,2.3623046875
0.1815,0.2001953125,-3.4033203125,2.6826171875
0.182,-0.400390625,-2.962890625,2.802734375
0.1825,-1.1611328125,-2.2822265625,2.8427734375
0.183,-1.8818359375,-1.7216796875,3.04296875
0.1835,-2.5625,-1.1611328125,3.1630859375
0.184,-2.8828125,-0.9208984375,3.1630859375
0.1845,-2.962890625,-0.48046875,2.8427734375
0.185,-3.0029296875,0.080078125,2.2822265625
0.1855,-3.04296875,0.9208984375,1.6416015625
0.186,-3.203125,1.6416015625,1.0810546875
0.1865,-3.283203125,2.2421875,0.640625
0.187,-3.283203125,2.5625,0.240234375
0.1875,-2.8828125,2.6826171875,-0.2802734375
0.188,-2.2421875,2.7626953125,-1.0009765625
0.1885,-1.6416015625,2.962890625,-1.76171875
0.189,-1.041015625,3.123046875,-2.5224609375
0.1895,-0.6806640625,3.1630859375,-2.9228515625
0.19,-0.2802734375,3.0029296875,-3.1630859375
0.1905,0.3203125,2.5625,-3.283203125
0.191,1.0810546875,1.921875,-3.36328125
0.1915,1.76171875,1.3212890625,-3.5234375
0.192,2.3623046875,0.880859375,-3.68359375
0.1925,2.6025390625,0.6005859375,-3.68359375
0.193,2.642578125,0.080078125,-3.2431640625
0.1935,2.6826171875,-0.48046875,-2.72265625
0.194,2.8427734375,-1.201171875,-2.1220703125
0.1945,3.0029296875,-1.9619140625,-1.5615234375
0.195,3.0830078125,-2.40234375,-1.201171875
0.1955,3.0029296875,-2.7626953125,-0.7607421875
0.196,2.6025390625,-2.8828125,-0.2802734375
0.1965,1.921875,-2.962890625,0.560546875
0.197,1.361328125,-3.1630859375,1.28125
0.1975,0.880859375,-3.36328125,1.9619140625
0.198,0.48046875,-3.4033203125,2.40234375
0.1985,0.0400390625,-3.123046875,2.5625
0.199,-0.640625,-2.642578125,2.6826171875
0.1995,-1.361328125,-2.001953125,2.8828125
0.2,-2.08203125,-1.5615234375,3.0029296875
0.2005,-2.5625,-1.1611328125,3.123046875
0.201,-2.8427734375,-0.80078125,3.0029296875
0.2015,-2.8828125,-0.2802734375,2.6025390625
0.202,-2.8828125,0.4404296875,1.9619140625
0.2025,-3.0830078125,1.1611328125,1.44140625
0.203,-3.2431640625,1.921875,0.9208984375
0.2035,-3.283203125,2.2822265625,0.560546875
0.204,-3.04296875,2.5224609375,0.080078125
0.2045,-2.6025390625,2.6826171875,-0.5205078125
0.205,-1.921875,2.8427734375,-1.361328125
0.2055,-1.3212890625,3.0029296875,-2.1220703125
0.206,-0.9609375,3.1630859375,-2.642578125
0.2065,-0.6005859375,3.1630859375,-3.0029296875
0.207,0.0,2.72265625,-3.1630859375
0.2075,0.6806640625,2.2021484375,-3.2431640625
0.208,1.4013671875,1.5615234375,-3.443359375
0.2085,2.0419921875,1.0810546875,-3.603515625
0.209,2.40234375,0.720703125,-3.603515625
0.2095,2.6025390625,0.400390625,-3.4033203125
0.21,2.6025390625,-0.16015625,-2.9228515625
0.2105,2.6826171875,-0.8408203125,-2.322265625
0.211,2.8427734375,-1.5615234375,-1.8017578125
0.2115,3.04296875,-2.2021484375,-1.361328125
0.212,3.04296875,-2.5625,-1.0009765625
0.2125,2.6826171875,-2.6826171875,-0.5205078125
0.213,2.2021484375,-2.8427734375,0.1201171875
0.2135,1.5615234375,-3.0029296875,0.9208984375
0.214,1.0810546875,-3.203125,1.6416015625
0.2145,0.6806640625,-3.283203125,2.08203125
0.215,0.2802734375,-3.203125,2.40234375
0.2155,-0.2802734375,-2.8427734375,2.5625
0.216,-0.9609375,-2.322265625,2.6826171875
0.2165,-1.681640625,-1.8017578125,2.8427734375
0.217,-2.2822265625,-1.361328125,3.04296875
0.2175,-2.5625,-1.0009765625,3.04296875
0.218,-2.72265625,-0.560546875,2.72265625
0.2185,-2.802734375,0.0,2.2822265625
0.219,-2.9228515625,0.720703125,1.7216796875
0.2195,-3.123046875,1.44140625,1.201171875
0.22,-3.2431640625,2.001953125,0.80078125
0.2205,-3.203125,2.3623046875,0.400390625
0.221,-2.802734375,2.5224609375,-0.16015625
0.2215,-2.2822265625,2.6826171875,-0.880859375
0.222,-1.6416015625,2.8828125,-1.681640625
0.2225,-1.2412109375,3.123046875,-2.322265625
0.223,-0.8408203125,3.1630859375,-2.7626953125
0.2235,-0.3603515625,2.9228515625,-2.962890625
0.224,0.2802734375,2.4423828125,-3.1630859375
0.2245,1.0009765625,1.921875,-3.3232421875
0.225,1.7216796875,1.3212890625,-3.5634765625
0.2255,2.2421875,0.9609375,-3.6435546875
0.226,2.482421875,0.640625,-3.5634765625
0.2265,2.5224609375,0.16015625,-3.1630859375
0.227,2.642578125,-0.5205078125,-2.6025390625
0.2275,2.802734375,-1.28125,-2.0419921875
0.228,3.0029296875,-1.921875,-1.6015625
0.2285,3.04296875,-2.3623046875,-1.201171875
0.229,2.8828125,-2.642578125,-0.7607421875
0.2295,2.40234375,-2.7626953125,-0.16015625
0.23,1.8017578125,-2.9228515625,0.6005859375
0.2305,1.201171875,-3.1630859375,1.4013671875
0.231,0.8408203125,-3.3232421875,1.9619140625
0.2315,0.48046875,-3.283203125,2.2822265625
0.232,0.0,-3.0029296875,2.482421875
0.2325,-0.720703125,-2.5224609375,2.6025390625
0.233,-1.4814453125,-1.921875,2.7626953125
0.2335,-2.1220703125,-1.44140625,3.0029296875
0.234,-2.5224609375,-1.041015625,3.04296875
0.2345,-2.72265625,-0.720703125,2.8828125
0.235,-2.7626953125,-0.16015625,2.40234375
0.2355,-2.8828125,0.5205078125,1.8818359375
0.236,-3.0830078125,1.28125,1.28125
0.2365,-3.2431640625,1.921875,0.880859375
0.237,-3.203125,2.2421875,0.48046875
0.2375,-2.9228515625,2.482421875,0.0
0.238,-2.4423828125,2.642578125,-0.640625
0.2385,-1.841796875,2.8427734375,-1.44140625
0.239,-1.28125,3.0029296875,-2.2021484375
0.2395,-0.9208984375,3.1630859375,-2.6826171875
0.24,-0.5205078125,3.04296875,-3.04296875
0.2405,0.080078125,2.5625,-3.123046875
0.241,0.7607421875,2.0419921875,-3.36328125
0.2415,1.6015625,1.4814453125,-3.4833984375
0.242,2.162109375,1.0810546875,-3.68359375
0.2425,2.482421875,0.720703125,-3.603515625
0.243,2.6025390625,0.2802734375,-3.3232421875
0.2435,2.6826171875,-0.3203125,-2.7626953125
0.244,2.802734375,-1.0810546875,-2.2021484375
0.2445,3.0029296875,-1.8017578125,-1.6416015625
0.245,3.123046875,-2.40234375,-1.28125
0.2455,3.0029296875,-2.6826171875,-0.880859375
0.246,2.5625,-2.802734375,-0.2802734375
0.2465,2.001953125,-2.962890625,0.48046875
0.247,1.3212890625,-3.1630859375,1.3212890625
0.2475,0.880859375,-3.36328125,1.9619140625
0.248,0.48046875,-3.4033203125,2.3623046875
0.2485,0.0400390625,-3.203125,2.5625
0.249,-0.6806640625,-2.642578125,2.6826171875
0.2495,-1.4013671875,-2.001953125,2.8828125
0.25,-2.2021484375,-1.4013671875,3.04296875
0.2505,-2.642578125,-1.0810546875,3.1630859375
0.251,-2.8427734375,-0.6806640625,3.0029296875
0.2515,-2.8828125,-0.2001953125,2.5224609375
0.252,-2.9228515625,0.48046875,1.9619140625
0.2525,-3.0830078125,1.28125,1.28125
0.253,-3.2431640625,1.921875,0.880859375
0.2535,-3.2431640625,2.40234375,0.4404296875
0.254,-3.04296875,2.5625,0.0400390625
0.2545,-2.482421875,2.642578125,-0.640625
0.255,-1.921875,2.8427734375,-1.361328125
0.2555,-1.2412109375,3.0029296875,-2.2021484375
0.256,-0.9208984375,3.123046875,-2.72265625
0.2565,-0.48046875,3.04296875,-3.0029296875
0.257,0.0,2.6826171875,-3.203125
0.2575,0.720703125,2.162109375,-3.2431640625
0.258,1.44140625,1.5615234375,-3.4033203125
0.2585,2.08203125,1.0810546875,-3.5634765625
0.259,2.482421875,0.7607421875,-3.603515625
0.2595,2.6025390625,0.400390625,-3.4033203125
0.26,2.6025390625,-0.16015625,-2.9228515625
0.2605,2.72265625,-0.80078125,-2.40234375
0.261,2.8828125,-1.6015625,-1.76171875
0.2615,3.0830078125,-2.2021484375,-1.361328125
0.262,3.04296875,-2.6025390625,-1.0009765625
0.2625,2.7626953125,-2.7626953125,-0.5205078125
0.263,2.2021484375,-2.8828125,0.16015625
0.2635,1.6015625,-3.0830078125,0.9609375
0.264,1.041015625,-3.3232421875,1.6416015625
0.2645,0.6806640625,-3.443359375,2.2021484375
0.265,0.240234375,-3.283203125,2.40234375
0.2655,-0.3203125,-2.8427734375,2.6025390625
0.266,-1.0009765625,-2.322265625,2.802734375
0.2665,-1.8017578125,-1.681640625,2.962890625
0.267,-2.3623046875,-1.28125,3.123046875
0.2675,-2.72265625,-0.9208984375,3.0830078125
0.268,-2.8828125,-0.5205078125,2.802734375
0.2685,-2.8427734375,0.16015625,2.2021484375
0.269,-3.0029296875,0.880859375,1.7216796875
0.2695,-3.203125,1.6416015625,1.0810546875
0.27,-3.36328125,2.2021484375,0.6806640625
0.2705,-3.1630859375,2.482421875,0.2802734375
0.271,-2.802734375,2.6025390625,-0.2802734375
0.2715,-2.162109375,2.7626953125,-1.0810546875
0.272,-1.521484375,2.9228515625,-1.921875
0.2725,-1.041015625,3.123046875,-2.5625
0.273,-0.6806640625,3.1630859375,-3.0029296875
0.2735,-0.2001953125,2.9228515625,-3.1630859375
0.274,0.48046875,2.3623046875,-3.203125
0.2745,1.2412109375,1.841796875,-3.443359375
0.275,1.9619140625,1.201171875,-3.603515625
0.2755,2.4423828125,0.880859375,-3.7236328125
0.276,2.642578125,0.48046875,-3.5234375
0.2765,2.6826171875,0.0,-3.1630859375
0.277,2.72265625,-0.720703125,-2.4423828125
0.2775,2.8427734375,-1.44140625,-1.921875
0.278,3.04296875,-2.162109375,-1.4013671875
0.2785,3.123046875,-2.6025390625,-1.0009765625
0.279,2.8427734375,-2.7626953125,-0.6005859375
0.2795,2.322265625,-2.8828125,0.0400390625
0.28,1.7216796875,-3.0830078125,0.80078125
0.2805,1.041015625,-3.283203125,1.6416015625
0.281,0.6806640625,-3.4033203125,2.162109375
0.2815,0.2802734375,-3.283203125,2.482421875
0.282,-0.240234375,-2.962890625,2.6826171875
0.2825,-0.9609375,-2.322265625,2.72265625
0.283,-1.6416015625,-1.8017578125,2.9228515625
0.2835,-2.3623046875,-1.28125,3.123046875
0.284,-2.72265625,-1.0009765625,3.1630859375
0.2845,-2.8828125,-0.5205078125,2.8427734375
0.285,-2.9228515625,0.0,2.40234375
0.2855,-3.0029296875,0.7607421875,1.76171875
0.286,-3.1630859375,1.521484375,1.1611328125
0.2865,-3.3232421875,2.1220703125,0.7607421875
0.287,-3.283203125,2.5224609375,0.3203125
0.2875,-2.962890625,2.6826171875,-0.16015625
0.288,-2.322265625,2.6826171875,-0.9208984375
0.2885,-1.76171875,2.962890625,-1.681640625
0.289,-1.0810546875,3.1630859375,-2.5625
0.2895,-0.720703125,3.2431640625,-2.9228515625
0.29,-0.3203125,3.04296875,-3.203125
0.2905,0.3203125,2.642578125,-3.36328125
0.291,1.12109375,1.921875,-3.4833984375
0.2915,1.8818359375,1.3212890625,-3.603515625
0.292,2.482421875,0.880859375,-3.7236328125
0.2925,2.7626953125,0.560546875,-3.7236328125
0.293,2.802734375,0.0400390625,-3.283203125
0.2935,2.802734375,-0.640625,-2.642578125
0.294,2.9228515625,-1.361328125,-2.0419921875
0.2945,3.123046875,-2.2021484375,-1.44140625
0.295,3.1630859375,-2.642578125,-1.041015625
0.2955,3.04296875,-2.962890625,-0.6005859375
0.296,2.5625,-3.0830078125,0.0
0.2965,1.76171875,-3.1630859375,0.80078125
0.297,1.12109375,-3.3232421875,1.5615234375
0.2975,0.6005859375,-3.443359375,2.2822265625
0.298,0.2802734375,-3.443359375,2.642578125
0.2985,-0.2802734375,-3.0830078125,2.7626953125
0.299,-0.9609375,-2.5224609375,2.8427734375
0.2995,-1.76171875,-1.841796875,3.0029296875
0.3,-2.4423828125,-1.28125,3.123046875
0.3005,-2.8828125,-0.8408203125,3.1630859375
0.301,-3.0830078125,-0.5205078125,3.04296875
0.3015,-3.04296875,0.0,2.5224609375
0.302,-3.0029296875,0.7607421875,1.76171875
0.3025,-3.1630859375,1.44140625,1.2412109375
0.303,-3.283203125,2.2021484375,0.6806640625
0.3035,-3.283203125,2.5625,0.2802734375
0.304,-3.0029296875,2.72265625,-0.2001953125
0.3045,-2.5224609375,2.802734375,-0.80078125
0.305,-1.8017578125,2.8828125,-1.681640625
0.3055,-1.12109375,3.0830078125,-2.40234375
0.306,-0.720703125,3.203125,-2.9228515625
0.3065,-0.3603515625,3.1630859375,-3.2431640625
0.307,0.240234375,2.72265625,-3.36328125
0.3075,0.9208984375,2.08203125,-3.4033203125
0.308,1.681640625,1.4814453125,-3.5634765625
0.3085,2.40234375,0.9609375,-3.7236328125
0.309,2.6826171875,0.6005859375,-3.7236328125
0.3095,2.8427734375,0.2001953125,-3.4833984375
0.31,2.8427734375,-0.3603515625,-2.962890625
0.3105,2.8828125,-1.1611328125,-2.2421875
0.311,3.04296875,-1.8818359375,-1.6416015625
0.3115,3.203125,-2.5625,-1.1611328125
0.312,3.1630859375,-2.9228515625,-0.8408203125
0.3125,2.72265625,-3.0029296875,-0.3203125
0.313,2.1220703125,-3.1630859375,0.4404296875
0.3135,1.4013671875,-3.2431640625,1.3212890625
0.314,0.80078125,-3.4033203125,2.08203125
0.3145,0.4404296875,-3.4833984375,2.5224609375
0.315,0.0,-3.36328125,2.802734375
0.3155,-0.640625,-2.802734375,2.8828125
0.316,-1.44140625,-2.08203125,3.0029296875
0.3165,-2.2021484375,-1.4814453125,3.123046875
0.317,-2.802734375,-1.0009765625,3.2431640625
0.3175,-3.04296875,-0.6806640625,3.1630859375
0.318,-3.0830078125,-0.2001953125,2.72265625
0.3185,-3.0830078125,0.48046875,2.1220703125
0.319,-3.203125,1.28125,1.4013671875
0.3195,-3.283203125,2.001953125,0.880859375
0.32,-3.36328125,2.5224609375,0.400390625
0.3205,-3.2431640625,2.7626953125,0.0
0.321,-2.72265625,2.802734375,-0.640625
0.3215,-1.9619140625,2.962890625,-1.44140625
0.322,-1.3212890625,3.123046875,-2.2822265625
0.3225,-0.80078125,3.283203125,-2.8828125
0.323,-0.400390625,3.203125,-3.203125
0.3235,0.0400390625,2.9228515625,-3.36328125
0.324,0.7607421875,2.2822265625,-3.4833984375
0.3245,1.5615234375,1.6015625,-3.5634765625
0.325,2.2421875,1.0009765625,-3.68359375
0.3255,2.72265625,0.6005859375,-3.763671875
0.326,2.8828125,0.2802734375,-3.603515625
0.3265,2.8427734375,-0.2802734375,-3.04296875
0.327,2.8828125,-0.9609375,-2.40234375
0.3275,3.0029296875,-1.76171875,-1.76171875
0.328,3.1630859375,-2.4423828125,-1.28125
0.3285,3.123046875,-2.8427734375,-0.8408203125
0.329,2.9228515625,-3.0830078125,-0.48046875
0.3295,2.322265625,-3.0830078125,0.240234375
0.33,1.6015625,-3.203125,1.0810546875
0.3305,0.9609375,-3.3232421875,1.8818359375
0.331,0.560546875,-3.5634765625,2.4423828125
0.3315,0.1201171875,-3.4033203125,2.72265625
0.332,-0.400390625,-3.0029296875,2.8427734375
0.3325,-1.1611328125,-2.40234375,2.962890625
0.333,-1.9619140625,-1.681640625,3.123046875
0.3335,-2.6025390625,-1.1611328125,3.2431640625
0.334,-3.04296875,-0.7607421875,3.203125
0.3345,-3.1630859375,-0.400390625,3.04296875
0.335,-3.123046875,0.240234375,2.40234375
0.3355,-3.203125,1.0009765625,1.7216796875
0.336,-3.283203125,1.8017578125,0.9609375
0.3365,-3.4833984375,2.482421875,0.560546875
0.337,-3.36328125,2.72265625,0.1201171875
0.3375,-2.962890625,2.8828125,-0.400390625
0.338,-2.2822265625,3.0029296875,-1.1611328125
0.3385,-1.521484375,3.123046875,-2.08203125
0.339,-0.9208984375,3.2431640625,-2.802734375
0.3395,-0.5205078125,3.3232421875,-3.2431640625
0.34,-0.080078125,3.123046875,-3.4833984375
0.3405,0.6005859375,2.5224609375,-3.4833984375
0.341,1.361328125,1.841796875,-3.603515625
0.3415,2.2021484375,1.12109375,-3.7236328125
0.342,2.6826171875,0.6806640625,-3.84375
0.3425,2.9228515625,0.3203125,-3.6435546875
0.343,2.962890625,-0.1201171875,-3.283203125
0.3435,2.9228515625,-0.80078125,-2.5625
0.344,2.962890625,-1.6416015625,-1.921875
0.3445,3.123046875,-2.40234375,-1.3212890625
0.345,3.203125,-2.8828125,-0.9609375
0.3455,3.04296875,-3.04296875,-0.5205078125
0.346,2.5224609375,-3.0830078125,0.080078125
0.3465,1.841796875,-3.203125,0.880859375
0.347,1.0810546875,-3.283203125,1.76171875
0.3475,0.6005859375,-3.4033203125,2.3623046875
0.348,0.2001953125,-3.443359375,2.72265625
0.3485,-0.2802734375,-3.203125,2.8427734375
0.349,-0.9609375,-2.5224609375,2.8828125
0.3495,-1.681640625,-1.921875,3.04296875
0.35,-2.482421875,-1.2412109375,3.1630859375
0.3505,-2.9228515625,-0.880859375,3.2431640625
0.351,-3.0830078125,-0.5205078125,3.04296875
0.3515,-3.123046875,0.0,2.6025390625
0.352,-3.0830078125,0.640625,1.921875
0.3525,-3.203125,1.44140625,1.2412109375
0.353,-3.36328125,2.1220703125,0.720703125
0.3535,-3.4033203125,2.6826171875,0.2802734375
0.354,-3.1630859375,2.8427734375,-0.16015625
0.3545,-2.5625,2.8828125,-0.80078125
0.355,-1.921875,3.04296875,-1.6015625
0.3555,-1.1611328125,3.203125,-2.5224609375
0.356,-0.7607421875,3.3232421875,-3.0029296875
0.3565,-0.3203125,3.203125,-3.283203125
0.357,0.2001953125,2.8427734375,-3.443359375
0.3575,0.9609375,2.08203125,-3.5234375
0.358,1.7216796875,1.521484375,-3.6435546875
0.3585,2.4423828125,0.9208984375,-3.763671875
0.359,2.8427734375,0.6005859375,-3.8037109375
0.3595,2.8828125,0.16015625,-3.4833984375
0.36,2.8427734375,-0.48046875,-2.9228515625
0.3605,2.9228515625,-1.2412109375,-2.2822265625
0.361,3.04296875,-2.001953125,-1.6015625
0.3615,3.1630859375,-2.5224609375,-1.1611328125
0.362,3.123046875,-2.9228515625,-0.720703125
0.3625,2.7626953125,-3.0029296875,-0.2802734375
0.363,2.0419921875,-3.04296875,0.48046875
0.3635,1.44140625,-3.203125,1.28125
0.364,0.7607421875,-3.36328125,2.0419921875
0.3645,0.4404296875,-3.4833984375,2.5224609375
0.365,0.0,-3.203125,2.6826171875
0.3655,-0.560546875,-2.802734375,2.802734375
0.366,-1.3212890625,-2.1220703125,2.9228515625
0.3665,-2.08203125,-1.521484375,3.04296875
0.367,-2.6025390625,-1.0810546875,3.1630859375
0.3675,-2.9228515625,-0.720703125,3.123046875
0.368,-3.0029296875,-0.3603515625,2.7626953125
0.3685,-2.9228515625,0.2802734375,2.162109375
0.369,-3.0830078125,0.9208984375,1.5615234375
0.3695,-3.2431640625,1.8818359375,0.9609375
0.37,-3.36328125,2.322265625,0.560546875
0.3705,-3.203125,2.642578125,0.1201171875
0.371,-2.8427734375,2.7626953125,-0.3603515625
0.3715,-2.1220703125,2.8427734375,-1.1611328125
0.372,-1.4814453125,3.04296875,-1.9619140625
0.3725,-0.9609375,3.1630859375,-2.642578125
0.373,-0.640625,3.2431640625,-3.0830078125
0.3735,-0.16015625,2.9228515625,-3.203125
0.374,0.5205078125,2.40234375,-3.3232421875
0.3745,1.2412109375,1.841796875,-3.5634765625
0.375,2.0419921875,1.201171875,-3.6435546875
0.3755,2.482421875,0.8408203125,-3.7236328125
0.376,2.72265625,0.400390625,-3.603515625
0.3765,2.7626953125,0.0,-3.203125
0.377,2.7626953125,-0.7607421875,-2.5625
0.3775,2.9228515625,-1.44140625,-1.9619140625
0.378,3.0830078125,-2.162109375,-1.44140625
0.3785,3.1630859375,-2.642578125,-1.041015625
0.379,2.8828125,-2.8427734375,-0.6005859375
0.3795,2.40234375,-2.962890625,0.0400390625
0.38,1.76171875,-3.123046875,0.8408203125
0.3805,1.0810546875,-3.2431640625,1.6015625
0.381,0.6806640625,-3.36328125,2.2021484375
0.3815,0.2802734375,-3.4033203125,2.5224609375
0.382,-0.240234375,-3.0029296875,2.6826171875
0.3825,-0.9609375,-2.3623046875,2.72265625
0.383,-1.6416015625,-1.841796875,2.9228515625
0.3835,-2.3623046875,-1.28125,3.123046875
0.384,-2.72265625,-1.0009765625,3.123046875
0.3845,-2.8828125,-0.6005859375,2.8427734375
0.385,-2.8828125,-0.1201171875,2.40234375
0.3855,-2.9228515625,0.6806640625,1.841796875
0.386,-3.0830078125,1.4013671875,1.201171875
0.3865,-3.2431640625,2.0419921875,0.7607421875
0.387,-3.2431640625,2.4423828125,0.3603515625
0.3875,-2.9228515625,2.5625,-0.1201171875
0.388,-2.322265625,2.6826171875,-0.80078125
0.3885,-1.841796875,2.8828125,-1.521484375
0.389,-1.201171875,3.0830078125,-2.322265625
0.3895,-0.8408203125,3.1630859375,-2.7626953125
0.39,-0.400390625,3.04296875,-3.0830078125
0.3905,0.1201171875,2.6826171875,-3.203125
0.391,0.880859375,2.0419921875,-3.3232421875
0.3915,1.5615234375,1.521484375,-3.4833984375
0.392,2.2021484375,1.0009765625,-3.68359375
0.3925,2.5224609375,0.6806640625,-3.68359375
0.393,2.6025390625,0.240234375,-3.36328125
0.3935,2.6826171875,-0.3203125,-2.8427734375
0.394,2.802734375,-1.041015625,-2.2822265625
0.3945,3.0029296875,-1.8017578125,-1.681640625
0.395,3.0830078125,-2.2822265625,-1.3212890625
0.3955,3.04296875,-2.6826171875,-0.880859375
0.396,2.642578125,-2.802734375,-0.3603515625
0.3965,2.0419921875,-2.8828125,0.400390625
0.397,1.44140625,-3.123046875,1.12109375
0.3975,0.9208984375,-3.283203125,1.8818359375
0.398,0.6005859375,-3.36328125,2.2421875
0.3985,0.1201171875,-3.123046875,2.482421875
0.399,-0.5205078125,-2.72265625,2.6025390625
0.3995,-1.2412109375,-2.1220703125,2.802734375
0.4,-1.921875,-1.6015625,2.9228515625
0.4005,-2.4423828125,-1.2412109375,3.04296875
0.401,-2.72265625,-0.9208984375,3.0029296875
0.4015,-2.7626953125,-0.400390625,2.6025390625
0.402,-2.802734375,0.2802734375,2.0419921875
0.4025,-3.0029296875,0.9208984375,1.5615234375
0.403,-3.1630859375,1.681640625,1.041015625
0.4035,-3.203125,2.08203125,0.6806640625
0.404,-3.04296875,2.40234375,0.240234375
0.4045,-2.642578125,2.5625,-0.3603515625
0.405,-2.08203125,2.72265625,-1.12109375
0.4055,-1.4814453125,2.8828125,-1.8818359375
0.406,-1.0810546875,3.123046875,-2.4423828125
0.4065,-0.720703125,3.123046875,-2.8427734375
0.407,-0.240234375,2.802734375,-2.962890625
0.4075,0.4404296875,2.2822265625,-3.123046875
0.408,1.1611328125,1.76171875,-3.3232421875
0.4085,1.841796875,1.2412109375,-3.5634765625
0.409,2.2021484375,0.9208984375,-3.603515625
0.4095,2.482421875,0.560546875,-3.4833984375
0.41,2.5625,0.080078125,-3.0830078125
0.4105,2.6025390625,-0.640625,-2.482421875
0.411,2.802734375,-1.28125,-2.001953125
0.4115,3.04296875,-1.9619140625,-1.5615234375
0.412,3.04296875,-2.40234375,-1.1611328125
0.4125,2.7626953125,-2.6025390625,-0.640625
0.413,2.322265625,-2.7626953125,0.0
0.4135,1.76171875,-3.0029296875,0.720703125
0.414,1.201171875,-3.1630859375,1.4814453125
0.4145,0.80078125,-3.283203125,1.9619140625
0.415,0.4404296875,-3.283203125,2.322265625
0.4155,-0.16015625,-2.9228515625,2.5224609375
0.416,-0.8408203125,-2.40234375,2.642578125
0.4165,-1.5615234375,-1.8818359375,2.8427734375
0.417,-2.2021484375,-1.4013671875,3.0830078125
0.4175,-2.5224609375,-1.0810546875,3.04296875
0.418,-2.72265625,-0.640625,2.802734375
0.4185,-2.802734375,0.0,2.3623046875
0.419,-2.9228515625,0.6806640625,1.76171875
0.4195,-3.123046875,1.4013671875,1.2412109375
0.42,-3.2431640625,1.9619140625,0.8408203125
0.4205,-3.203125,2.3623046875,0.400390625
0.421,-2.8427734375,2.5224609375,-0.16015625
0.4215,-2.2421875,2.6826171875,-0.880859375
0.422,-1.681640625,2.8828125,-1.6416015625
0.4225,-1.201171875,3.123046875,-2.322265625
0.423,-0.80078125,3.123046875,-2.7626953125
0.4235,-0.3603515625,2.962890625,-3.0029296875
0.424,0.2802734375,2.482421875,-3.1630859375
0.4245,1.0009765625,1.8818359375,-3.3232421875
0.425,1.7216796875,1.3212890625,-3.4833984375
0.4255,2.2421875,0.9609375,-3.6435546875
0.426,2.5224609375,0.640625,-3.5634765625
0.4265,2.5625,0.1201171875,-3.123046875
0.427,2.642578125,-0.5205078125,-2.6025390625
0.4275,2.802734375,-1.2412109375,-2.08203125
0.428,3.0029296875,-1.921875,-1.6015625
0.4285,3.04296875,-2.3623046875,-1.201171875
0.429,2.8828125,-2.6826171875,-0.7607421875
0.4295,2.4423828125,-2.802734375,-0.2001953125
0.43,1.841796875,-2.9228515625,0.6005859375
0.4305,1.2412109375,-3.1630859375,1.4013671875
0.431,0.8408203125,-3.36328125,1.9619140625
0.4315,0.48046875,-3.283203125,2.322265625
0.432,0.0,-3.0830078125,2.482421875
0.4325,-0.720703125,-2.5625,2.642578125
0.433,-1.4814453125,-1.9619140625,2.8427734375
0.4335,-2.1220703125,-1.44140625,3.04296875
0.434,-2.5625,-1.041015625,3.04296875
0.4345,-2.7626953125,-0.6806640625,2.9228515625
0.435,-2.8427734375,-0.2001953125,2.482421875
0.4355,-2.8828125,0.560546875,1.921875
0.436,-3.0830078125,1.28125,1.3212890625
0.4365,-3.283203125,1.9619140625,0.880859375
0.437,-3.2431640625,2.322265625,0.48046875
0.4375,-2.962890625,2.5224609375,0.0
0.438,-2.4423828125,2.6826171875,-0.640625
0.4385,-1.841796875,2.8427734375,-1.4814453125
0.439,-1.28125,3.04296875,-2.2822265625
0.4395,-0.880859375,3.203125,-2.7626953125
0.44,-0.48046875,3.04296875,-3.0830078125
0.4405,0.1201171875,2.6025390625,-3.203125
0.441,0.880859375,2.08203125,-3.36328125
0.4415,1.6416015625,1.4013671875,-3.5234375
0.442,2.2421875,1.041015625,-3.7236328125
0.4425,2.5224609375,0.640625,-3.603515625
0.443,2.6826171875,0.2802734375,-3.36328125
0.4435,2.6826171875,-0.400390625,-2.7626953125
0.444,2.802734375,-1.1611328125,-2.162109375
0.4445,2.962890625,-1.8818359375,-1.6015625
0.445,3.123046875,-2.4423828125,-1.201171875
0.4455,3.0029296875,-2.72265625,-0.80078125
0.446,2.5625,-2.8427734375,-0.2802734375
0.4465,2.001953125,-2.962890625,0.48046875
0.447,1.28125,-3.123046875,1.3212890625
0.4475,0.8408203125,-3.283203125,1.921875
0.448,0.48046875,-3.36328125,2.3623046875
0.4485,0.0400390625,-3.203125,2.5224609375
0.449,-0.6005859375,-2.5625,2.642578125
0.4495,-1.3212890625,-2.0419921875,2.8427734375
0.45,-2.0419921875,-1.44140625,2.962890625
0.4505,-2.5625,-1.12109375,3.1630859375
0.451,-2.7626953125,-0.7607421875,3.0029296875
0.4515,-2.8427734375,-0.3203125,2.6025390625
0.452,-2.8828125,0.3603515625,2.0419921875
0.4525,-2.962890625,1.0810546875,1.44140625
0.453,-3.203125,1.76171875,0.9609375
0.4535,-3.2431640625,2.2421875,0.560546875
0.454,-3.123046875,2.5224609375,0.16015625
0.4545,-2.6025390625,2.6025390625,-0.48046875
0.455,-2.0419921875,2.802734375,-1.1611328125
0.4555,-1.4013671875,3.0029296875,-2.001953125
0.456,-1.0009765625,3.123046875,-2.6025390625
0.4565,-0.640625,3.0830078125,-2.962890625
0.457,-0.16015625,2.8427734375,-3.1630859375
0.4575,0.560546875,2.2822265625,-3.2431640625
0.458,1.28125,1.76171875,-3.4033203125
0.4585,1.9619140625,1.201171875,-3.603515625
0.459,2.4423828125,0.8408203125,-3.7236328125
0.4595,2.642578125,0.48046875,-3.5634765625
0.46,2.6826171875,-0.1201171875,-3.0830078125
0.4605,2.802734375,-0.7607421875,-2.5224609375
0.461,2.9228515625,-1.6015625,-1.841796875
0.4615,3.1630859375,-2.2021484375,-1.44140625
0.462,3.123046875,-2.6025390625,-1.0009765625
0.4625,2.8427734375,-2.8828125,-0.5205078125
0.463,2.2421875,-2.9228515625,0.16015625
0.4635,1.6015625,-3.1630859375,1.0009765625
0.464,0.9609375,-3.36328125,1.76171875
0.4645,0.6005859375,-3.5234375,2.2822265625
0.465,0.2001953125,-3.283203125,2.5625
0.4655,-0.400390625,-2.8828125,2.72265625
0.466,-1.1611328125,-2.2822265625,2.8427734375
0.4665,-1.9619140625,-1.6015625,3.0029296875
0.467,-2.5224609375,-1.1611328125,3.1630859375
0.4675,-2.8427734375,-0.80078125,3.123046875
0.468,-2.9228515625,-0.400390625,2.802734375
0.4685,-2.8828125,0.2802734375,2.162109375
0.469,-3.04296875,0.9609375,1.6015625
0.4695,-3.203125,1.8017578125,0.9609375
0.47,-3.36328125,2.322265625,0.6005859375
0.4705,-3.1630859375,2.5625,0.16015625
0.471,-2.7626953125,2.6826171875,-0.3603515625
0.4715,-2.1220703125,2.802734375,-1.1611328125
0.472,-1.4814453125,2.9228515625,-1.9619140625
0.4725,-1.0009765625,3.0830078125,-2.6025390625
0.473,-0.640625,3.203125,-3.04296875
0.4735,-0.16015625,2.9228515625,-3.203125
0.474,0.48046875,2.3623046875,-3.2431640625
0.4745,1.201171875,1.841796875,-3.443359375
0.475,2.0419921875,1.201171875,-3.603515625
0.4755,2.482421875,0.8408203125,-3.7236328125
0.476,2.6826171875,0.48046875,-3.5634765625
0.4765,2.7626953125,0.0400390625,-3.203125
0.477,2.72265625,-0.6806640625,-2.5224609375
0.4775,2.8828125,-1.44140625,-1.9619140625
0.478,3.0830078125,-2.1220703125,-1.44140625
0.4785,3.1630859375,-2.642578125,-1.041015625
0.479,2.9228515625,-2.8828125,-0.640625
0.4795,2.4423828125,-2.9228515625,0.0
0.48,1.841796875,-3.203125,0.7607421875
0.4805,1.12109375,-3.36328125,1.6416015625
0.481,0.6806640625,-3.443359375,2.2421875
0.4815,0.2802734375,-3.4033203125,2.6025390625
0.482,-0.240234375,-3.0830078125,2.7626953125
0.4825,-1.0009765625,-2.40234375,2.8427734375
0.483,-1.7216796875,-1.841796875,3.04296875
0.4835,-2.482421875,-1.28125,3.203125
0.484,-2.8828125,-0.9208984375,3.2431640625
0.4845,-3.0029296875,-0.48046875,2.9228515625
0.485,-3.04296875,0.080078125,2.482421875
0.4855,-3.0830078125,0.880859375,1.76171875
0.486,-3.203125,1.6416015625,1.12109375
0.4865,-3.36328125,2.2822265625,0.640625
0.487,-3.36328125,2.6826171875,0.240234375
0.4875,-3.0029296875,2.802734375,-0.2001953125
0.488,-2.2822265625,2.802734375,-1.041015625
0.4885,-1.6416015625,3.04296875,-1.8818359375
0.489,-1.0009765625,3.203125,-2.6826171875
0.4895,-0.640625,3.2431640625,-3.0830078125
0.49,-0.16015625,3.04296875,-3.283203125
0.4905,0.4404296875,2.6025390625,-3.4033203125
0.491,1.2412109375,1.841796875,-3.4833984375
0.4915,1.921875,1.2412109375,-3.603515625
0.492,2.5224609375,0.7607421875,-3.7236328125
0.4925,2.802734375,0.48046875,-3.7236328125
0.493,2.802734375,0.0,-3.2431640625
0.4935,2.802734375,-0.640625,-2.642578125
0.494,2.8828125,-1.3212890625,-2.0419921875
0.4945,3.04296875,-2.1220703125,-1.44140625
0.495,3.1630859375,-2.6025390625,-1.041015625
0.4955,2.9228515625,-2.9228515625,-0.5205078125
0.496,2.6025390625,-3.04296875,-0.16015625
0.4965,1.841796875,-3.0830078125,0.640625
0.497,1.28125,-3.203125,1.4013671875
0.4975,0.720703125,-3.36328125,2.162109375
0.498,0.3603515625,-3.443359375,2.5224609375
0.4985,-0.080078125,-3.1630859375,2.6826171875
0.499,-0.6806640625,-2.642578125,2.8427734375
0.4995,-1.4814453125,-2.0419921875,2.962890625
0.5,-2.2021484375,-1.44140625,3.123046875
0.5005,-2.72265625,-1.041015625,3.1630859375
0.501,-2.962890625,-0.6806640625,3.123046875
0.5015,-3.04296875,-0.2001953125,2.6826171875
0.502,-2.962890625,0.5205078125,2.001953125
0.5025,-3.1630859375,1.2412109375,1.44140625
0.503,-3.36328125,2.0419921875,0.880859375
0.5035,-3.443359375,2.5224609375,0.560546875
0.504,-3.1630859375,2.6826171875,0.0
0.5045,-2.72265625,2.802734375,-0.640625
0.505,-1.9619140625,3.0029296875,-1.4814453125
0.5055,-1.28125,3.1630859375,-2.2822265625
0.506,-0.80078125,3.283203125,-2.9228515625
0.5065,-0.48046875,3.283203125,-3.2431640625
0.507,0.1201171875,2.8427734375,-3.36328125
0.5075,0.880859375,2.2021484375,-3.4833984375
0.508,1.681640625,1.5615234375,-3.6435546875
0.5085,2.40234375,0.9609375,-3.8037109375
0.509,2.7626953125,0.6005859375,-3.763671875
0.5095,2.9228515625,0.16015625,-3.5634765625
0.51,2.9228515625,-0.400390625,-3.0029296875
0.5105,2.9228515625,-1.201171875,-2.2021484375
0.511,3.04296875,-1.9619140625,-1.6015625
0.5115,3.1630859375,-2.6025390625,-1.041015625
0.512,3.1630859375,-3.0029296875,-0.7607421875
0.5125,2.802734375,-3.0029296875,-0.2802734375
0.513,2.08203125,-3.0830078125,0.5205078125
0.5135,1.361328125,-3.203125,1.4013671875
0.514,0.7607421875,-3.36328125,2.1220703125
0.5145,0.3603515625,-3.4033203125,2.5224609375
0.515,0.0,-3.283203125,2.802734375
0.5155,-0.640625,-2.7626953125,2.8427734375
0.516,-1.4013671875,-2.0419921875,2.9228515625
0.5165,-2.1220703125,-1.44140625,3.04296875
0.517,-2.72265625,-1.0009765625,3.203125
0.5175,-2.962890625,-0.6806640625,3.123046875
0.518,-3.04296875,-0.240234375,2.72265625
0.5185,-3.04296875,0.3603515625,2.2021484375
0.519,-3.0830078125,1.12109375,1.521484375
0.5195,-3.2431640625,1.921875,0.9609375
0.52,-3.36328125,2.40234375,0.48046875
0.5205,-3.283203125,2.8427734375,0.2001953125
0.521,-2.8427734375,2.8427734375,-0.48046875
0.5215,-2.1220703125,2.9228515625,-1.2412109375
0.522,-1.4814453125,3.123046875,-2.0419921875
0.5225,-0.9609375,3.283203125,-2.802734375
0.523,-0.6005859375,3.283203125,-3.1630859375
0.5235,-0.080078125,3.04296875,-3.36328125
0.524,0.6005859375,2.5224609375,-3.4833984375
0.5245,1.4013671875,1.8017578125,-3.603515625
0.525,2.162109375,1.201171875,-3.7236328125
0.5255,2.72265625,0.720703125,-3.84375
0.526,2.9228515625,0.400390625,-3.7236328125
0.5265,2.9228515625,-0.16015625,-3.203125
0.527,2.962890625,-0.880859375,-2.5625
0.5275,3.04296875,-1.76171875,-1.8017578125
0.528,3.2431640625,-2.482421875,-1.3212890625
0.5285,3.3232421875,-2.8427734375,-0.880859375
0.529,3.04296875,-3.1630859375,-0.400390625
0.5295,2.40234375,-3.203125,0.240234375
0.53,1.6416015625,-3.283203125,1.12109375
0.5305,0.9208984375,-3.4033203125,1.9619140625
0.531,0.48046875,-3.5634765625,2.5625
0.5315,0.080078125,-3.443359375,2.8427734375
0.532,-0.5205078125,-3.0029296875,2.9228515625
0.5325,-1.2412109375,-2.322265625,3.04296875
0.533,-2.08203125,-1.6015625,3.123046875
0.5335,-2.72265625,-1.041015625,3.203125
0.534,-3.0830078125,-0.640625,3.203125
0.5345,-3.203125,-0.3203125,2.962890625
0.535,-3.123046875,0.2802734375,2.322265625
0.5355,-3.0830078125,1.041015625,1.6015625
0.536,-3.2431640625,1.8017578125,0.9208984375
0.5365,-3.3232421875,2.4423828125,0.4404296875
0.537,-3.283203125,2.72265625,0.1201171875
0.5375,-2.9228515625,2.8427734375,-0.3603515625
0.538,-2.2822265625,2.9228515625,-1.041015625
0.5385,-1.6015625,3.04296875,-1.921875
0.539,-0.9609375,3.1630859375,-2.642578125
0.5395,-0.6005859375,3.2431640625,-3.123046875
0.54,-0.2001953125,3.123046875,-3.36328125
0.5405,0.400390625,2.6025390625,-3.4033203125
0.541,1.12109375,1.9619140625,-3.5234375
0.5415,1.921875,1.28125,-3.603515625
0.542,2.5224609375,0.880859375,-3.8037109375
0.5425,2.802734375,0.48046875,-3.68359375
0.543,2.9228515625,0.080078125,-3.4033203125
0.5435,2.9228515625,-0.6005859375,-2.8427734375
0.544,2.962890625,-1.3212890625,-2.1220703125
0.5445,3.123046875,-2.2021484375,-1.6015625
0.545,3.2431640625,-2.6826171875,-1.12109375
0.5455,3.1630859375,-2.962890625,-0.6806640625
0.546,2.6826171875,-3.0830078125,-0.16015625
0.5465,2.0419921875,-3.203125,0.6005859375
0.547,1.28125,-3.3232421875,1.521484375
0.5475,0.7607421875,-3.4833984375,2.2021484375
0.548,0.3603515625,-3.5634765625,2.642578125
0.5485,-0.080078125,-3.283203125,2.8427734375
0.549,-0.80078125,-2.6826171875,2.8828125
0.5495,-1.5615234375,-2.08203125,3.04296875
0.55,-2.3623046875,-1.3212890625,3.1630859375
0.5505,-2.8828125,-1.0009765625,3.3232421875
0.551,-3.04296875,-0.6005859375,3.0830078125
0.5515,-3.0830078125,-0.16015625,2.6826171875
0.552,-3.0830078125,0.6005859375,1.9619140625
0.5525,-3.203125,1.3212890625,1.28125
0.553,-3.36328125,2.1220703125,0.7607421875
0.5535,-3.4033203125,2.6025390625,0.3603515625
0.554,-3.203125,2.802734375,-0.080078125
0.5545,-2.5625,2.8427734375,-0.6806640625
0.555,-1.9619140625,3.0029296875,-1.521484375
0.5555,-1.201171875,3.1630859375,-2.40234375
0.556,-0.80078125,3.2431640625,-2.9228515625
0.5565,-0.3603515625,3.1630859375,-3.203125
0.557,0.1201171875,2.8427734375,-3.36328125
0.5575,0.8408203125,2.1220703125,-3.4033203125
0.558,1.5615234375,1.5615234375,-3.5634765625
0.5585,2.2822265625,0.9609375,-3.68359375
0.559,2.72265625,0.640625,-3.763671875
0.5595,2.8427734375,0.240234375,-3.4833984375
0.56,2.802734375,-0.3203125,-3.0029296875
0.5605,2.8427734375,-1.041015625,-2.4423828125
0.561,2.962890625,-1.8017578125,-1.681640625
0.5615,3.1630859375,-2.40234375,-1.28125
0.562,3.123046875,-2.802734375,-0.8408203125
0.5625,2.8427734375,-2.9228515625,-0.400390625
0.563,2.2021484375,-2.962890625,0.2802734375
0.5635,1.6015625,-3.1630859375,1.041015625
0.564,0.9609375,-3.283203125,1.8818359375
0.5645,0.6005859375,-3.4833984375,2.3623046875
0.565,0.16015625,-3.283203125,2.6025390625
0.5655,-0.3603515625,-2.9228515625,2.72265625
0.566,-1.12109375,-2.322265625,2.8427734375
0.5665,-1.8818359375,-1.681640625,3.0029296875
0.567,-2.482421875,-1.2412109375,3.1630859375
0.5675,-2.8427734375,-0.9208984375,3.1630859375
0.568,-2.9228515625,-0.5205078125,2.8828125
0.5685,-2.9228515625,0.080078125,2.2421875
0.569,-3.0830078125,0.8408203125,1.76171875
0.5695,-3.203125,1.681640625,1.0810546875
0.57,-3.36328125,2.2421875,0.6806640625
0.5705,-3.203125,2.5625,0.240234375
0.571,-2.9228515625,2.6826171875,-0.240234375
0.5715,-2.2421875,2.802734375,-1.0009765625
0.572,-1.6416015625,3.0029296875,-1.8017578125
0.5725,-1.041015625,3.1630859375,-2.5625
0.573,-0.720703125,3.2431640625,-2.962890625
0.5735,-0.2802734375,2.962890625,-3.1630859375
0.574,0.3603515625,2.482421875,-3.2431640625
0.5745,1.12109375,1.921875,-3.443359375
0.575,1.921875,1.28125,-3.5634765625
0.5755,2.3623046875,0.880859375,-3.68359375
0.576,2.6025390625,0.5205078125,-3.5634765625
0.5765,2.6826171875,0.0400390625,-3.2431640625
0.577,2.6826171875,-0.6005859375,-2.5625
0.5775,2.8427734375,-1.28125,-2.0419921875
0.578,3.04296875,-2.001953125,-1.4814453125
0.5785,3.123046875,-2.482421875,-1.1611328125
0.579,2.8828125,-2.72265625,-0.720703125
0.5795,2.482421875,-2.8427734375,-0.16015625
0.58,1.8818359375,-2.962890625,0.6005859375
0.5805,1.2412109375,-3.1630859375,1.4013671875
0.581,0.7607421875,-3.283203125,2.001953125
0.5815,0.4404296875,-3.36328125,2.40234375
0.582,0.0,-3.0830078125,2.5625
0.5825,-0.6806640625,-2.482421875,2.642578125
0.583,-1.4013671875,-2.001953125,2.8427734375
0.5835,-2.1220703125,-1.44140625,3.04296875
0.584,-2.5625,-1.1611328125,3.123046875
0.5845,-2.7626953125,-0.7607421875,2.8828125
0.585,-2.8427734375,-0.2802734375,2.5625
0.5855,-2.8828125,0.4404296875,1.9619140625
0.586,-3.04296875,1.1611328125,1.4013671875
0.5865,-3.203125,1.841796875,0.9609375
0.587,-3.2431640625,2.2822265625,0.560546875
0.5875,-3.0029296875,2.482421875,0.1201171875
0.588,-2.5224609375,2.6025390625,-0.560546875
0.5885,-2.001953125,2.8427734375,-1.28125
0.589,-1.361328125,3.0029296875,-2.08203125
0.5895,-1.0009765625,3.123046875,-2.5625
0.59,-0.6005859375,3.0830078125,-2.9228515625
0.5905,-0.080078125,2.7626953125,-3.123046875
0.591,0.640625,2.162109375,-3.203125
0.5915,1.361328125,1.6015625,-3.4033203125
0.592,2.001953125,1.12109375,-3.603515625
0.5925,2.40234375,0.80078125,-3.7236328125
0.593,2.5224609375,0.4404296875,-3.36328125
0.5935,2.6025390625,-0.16015625,-2.9228515625
0.594,2.72265625,-0.80078125,-2.40234375
0.5945,2.8828125,-1.6015625,-1.8017578125
0.595,3.04296875,-2.162109375,-1.44140625
0.5955,3.04296875,-2.5625,-1.0009765625
0.596,2.6826171875,-2.72265625,-0.5205078125
0.5965,2.08203125,-2.8427734375,0.240234375
0.597,1.5615234375,-3.04296875,0.9609375
0.5975,1.041015625,-3.2431640625,1.7216796875
0.598,0.6806640625,-3.36328125,2.162109375
0.5985,0.240234375,-3.1630859375,2.40234375
0.599,-0.3203125,-2.7626953125,2.5625
0.5995,-1.0810546875,-2.2822265625,2.6826171875
0.6,-1.76171875,-1.7216796875,2.8828125
0.6005,-2.2822265625,-1.3212890625,3.0029296875
0.601,-2.6025390625,-0.9609375,3.04296875
0.6015,-2.72265625,-0.5205078125,2.6826171875
0.602,-2.72265625,0.1201171875,2.1220703125
0.6025,-2.9228515625,0.80078125,1.6416015625
0.603,-3.123046875,1.5615234375,1.12109375
0.6035,-3.203125,2.001953125,0.7607421875
0.604,-3.0830078125,2.322265625,0.2802734375
0.6045,-2.72265625,2.5224609375,-0.240234375
0.605,-2.1220703125,2.6826171875,-1.0009765625
0.6055,-1.6015625,2.8427734375,-1.681640625
0.606,-1.1611328125,3.04296875,-2.322265625
0.6065,-0.80078125,3.123046875,-2.7626953125
0.607,-0.3203125,2.8427734375,-2.962890625
0.6075,0.3203125,2.322265625,-3.123046875
0.608,1.041015625,1.8818359375,-3.3232421875
0.6085,1.7216796875,1.28125,-3.5634765625
0.609,2.2021484375,1.0009765625,-3.603515625
0.6095,2.4423828125,0.6005859375,-3.4833984375
0.61,2.5625,0.16015625,-3.1630859375
0.6105,2.6025390625,-0.560546875,-2.5625
0.611,2.802734375,-1.2412109375,-2.08203125
0.6115,3.04296875,-1.9619140625,-1.6015625
0.612,3.0830078125,-2.40234375,-1.2412109375
0.6125,2.8427734375,-2.6025390625,-0.720703125
0.613,2.40234375,-2.7626953125,-0.1201171875
0.6135,1.8017578125,-3.0029296875,0.6806640625
0.614,1.2412109375,-3.203125,1.44140625
0.6145,0.80078125,-3.3232421875,2.001953125
0.615,0.4404296875,-3.3232421875,2.3623046875
0.6155,-0.16015625,-3.0029296875,2.5224609375
0.616,-0.8408203125,-2.40234375,2.642578125
0.6165,-1.6015625,-1.921875,2.8427734375
0.617,-2.2822265625,-1.361328125,3.0830078125
0.6175,-2.6025390625,-1.041015625,3.123046875
0.618,-2.72265625,-0.6005859375,2.802734375
0.6185,-2.8427734375,0.0,2.3623046875
0.619,-2.9228515625,0.6806640625,1.76171875
0.6195,-3.123046875,1.44140625,1.201171875
0.62,-3.2431640625,2.0419921875,0.7607421875
0.6205,-3.2431640625,2.40234375,0.400390625
0.621,-2.8427734375,2.5224609375,-0.16015625
0.6215,-2.2421875,2.6826171875,-0.880859375
0.622,-1.681640625,2.8828125,-1.6416015625
0.6225,-1.1611328125,3.0830078125,-2.40234375
0.623,-0.80078125,3.1630859375,-2.7626953125
0.6235,-0.3603515625,2.9228515625,-3.0830078125
0.624,0.2802734375,2.482421875,-3.203125
0.6245,1.0009765625,1.841796875,-3.36328125
0.625,1.7216796875,1.3212890625,-3.4833984375
0.6255,2.2822265625,0.9609375,-3.603515625
0.626,2.5224609375,0.640625,-3.603515625
0.6265,2.6025390625,0.16015625,-3.1630859375
0.627,2.642578125,-0.48046875,-2.642578125
0.6275,2.802734375,-1.2412109375,-2.08203125
0.628,3.0029296875,-1.9619140625,-1.5615234375
0.6285,3.0830078125,-2.4423828125,-1.201171875
0.629,2.962890625,-2.72265625,-0.7607421875
0.6295,2.5224609375,-2.8427734375,-0.2001953125
0.63,1.8818359375,-2.962890625,0.6005859375
0.6305,1.28125,-3.1630859375,1.3212890625
0.631,0.8408203125,-3.36328125,2.0419921875
0.6315,0.48046875,-3.4033203125,2.3623046875
0.632,0.0,-3.0830078125,2.5625
0.6325,-0.6806640625,-2.6025390625,2.6826171875
0.633,-1.4814453125,-1.9619140625,2.8828125
0.6335,-2.162109375,-1.44140625,3.04296875
0.634,-2.6025390625,-1.041015625,3.1630859375
0.6345,-2.8427734375,-0.720703125,3.0029296875
0.635,-2.8828125,-0.16015625,2.5224609375
0.6355,-2.9228515625,0.560546875,1.921875
0.636,-3.0830078125,1.28125,1.3212890625
0.6365,-3.283203125,1.9619140625,0.880859375
0.637,-3.2431640625,2.3623046875,0.48046875
0.6375,-2.962890625,2.5625,0.0
0.638,-2.5224609375,2.6826171875,-0.640625
0.6385,-1.8017578125,2.8427734375,-1.4814453125
0.639,-1.28125,3.04296875,-2.2421875
0.6395,-0.8408203125,3.1630859375,-2.802734375
0.64,-0.5205078125,3.0830078125,-3.0830078125
0.6405,0.1201171875,2.6025390625,-3.203125
0.641,0.80078125,2.08203125,-3.283203125
0.6415,1.5615234375,1.44140625,-3.4833984375
0.642,2.2021484375,1.041015625,-3.68359375
0.6425,2.5224609375,0.6806640625,-3.603515625
0.643,2.642578125,0.2802734375,-3.36328125
0.6435,2.6826171875,-0.3203125,-2.8828125
0.644,2.7626953125,-1.0009765625,-2.2421875
0.6445,2.9228515625,-1.76171875,-1.681640625
0.645,3.123046875,-2.3623046875,-1.28125
0.6455,3.04296875,-2.6826171875,-0.9208984375
0.646,2.6025390625,-2.7626953125,-0.3603515625
0.6465,2.08203125,-2.9228515625,0.3203125
0.647,1.44140625,-3.123046875,1.1611328125
0.6475,0.9609375,-3.3232421875,1.841796875
0.648,0.560546875,-3.4033203125,2.2822265625
0.6485,0.1201171875,-3.283203125,2.5224609375
0.649,-0.5205078125,-2.72265625,2.6826171875
0.6495,-1.2412109375,-2.162109375,2.8427734375
0.65,-1.9619140625,-1.5615234375,3.0029296875
0.6505,-2.5625,-1.1611328125,3.1630859375
0.651,-2.802734375,-0.80078125,3.0830078125
0.6515,-2.8828125,-0.3603515625,2.6826171875
0.652,-2.9228515625,0.2802734375,2.162109375
0.6525,-3.04296875,1.0810546875,1.4814453125
0.653,-3.2431640625,1.841796875,1.0009765625
0.6535,-3.36328125,2.3623046875,0.560546875
0.654,-3.203125,2.6025390625,0.16015625
0.6545,-2.6826171875,2.6826171875,-0.48046875
0.655,-2.08203125,2.8828125,-1.2412109375
0.6555,-1.4013671875,3.04296875,-2.1220703125
0.656,-1.0009765625,3.203125,-2.72265625
0.6565,-0.6005859375,3.1630859375,-3.0830078125
0.657,-0.080078125,2.9228515625,-3.2431640625
0.6575,0.640625,2.2822265625,-3.36328125
0.658,1.4013671875,1.6416015625,-3.5234375
0.6585,2.162109375,1.12109375,-3.68359375
0.659,2.6025390625,0.720703125,-3.7236328125
0.6595,2.7626953125,0.3603515625,-3.5634765625
0.66,2.72265625,-0.2001953125,-3.0029296875
0.6605,2.802734375,-0.880859375,-2.40234375
0.661,2.962890625,-1.681640625,-1.76171875
0.6615,3.123046875,-2.322265625,-1.3212890625
0.662,3.0830078125,-2.72265625,-0.880859375
0.6625,2.8427734375,-2.8828125,-0.48046875
0.663,2.2421875,-2.962890625,0.240234375
0.6635,1.5615234375,-3.1630859375,1.0009765625
0.664,0.9208984375,-3.3232421875,1.841796875
0.6645,0.560546875,-3.5234375,2.322265625
0.665,0.1201171875,-3.283203125,2.6025390625
0.6655,-0.3603515625,-2.8828125,2.72265625
0.666,-1.12109375,-2.2822265625,2.8427734375
0.6665,-1.921875,-1.6416015625,3.0029296875
0.667,-2.482421875,-1.201171875,3.1630859375
0.6675,-2.8828125,-0.80078125,3.123046875
0.668,-2.962890625,-0.4404296875,2.8828125
0.6685,-2.9228515625,0.2001953125,2.2421875
0.669,-3.0830078125,0.880859375,1.7216796875
0.6695,-3.203125,1.7216796875,1.0009765625
0.67,-3.4033203125,2.2822265625,0.640625
0.6705,-3.2431640625,2.6025390625,0.240234375
0.671,-2.8828125,2.7626953125,-0.3203125
0.6715,-2.2421875,2.802734375,-1.041015625
0.672,-1.6015625,3.0029296875,-1.921875
0.6725,-1.0009765625,3.1630859375,-2.642578125
0.673,-0.640625,3.3232421875,-3.0830078125
0.6735,-0.2001953125,3.04296875,-3.283203125
0.674,0.4404296875,2.5224609375,-3.36328125
0.6745,1.2412109375,1.921875,-3.5634765625
0.675,2.0419921875,1.201171875,-3.7236328125
0.6755,2.5625,0.8408203125,-3.8037109375
0.676,2.8427734375,0.4404296875,-3.68359375
0.6765,2.8828125,0.0,-3.283203125
0.677,2.8427734375,-0.7607421875,-2.5625
0.6775,2.962890625,-1.521484375,-1.9619140625
0.678,3.1630859375,-2.2822265625,-1.361328125
0.6785,3.2431640625,-2.7626953125,-1.0009765625
0.679,2.962890625,-2.962890625,-0.5205078125
0.6795,2.482421875,-3.0830078125,0.080078125
0.68,1.76171875,-3.203125,0.9208984375
0.6805,1.0009765625,-3.36328125,1.76171875
0.681,0.560546875,-3.443359375,2.3623046875
0.6815,0.2001953125,-3.4033203125,2.6826171875
0.682,-0.3203125,-3.0830078125,2.8427734375
0.6825,-1.041015625,-2.3623046875,2.8427734375
0.683,-1.76171875,-1.8017578125,3.04296875
0.6835,-2.5625,-1.1611328125,3.1630859375
0.684,-2.9228515625,-0.8408203125,3.203125
0.6845,-3.04296875,-0.4404296875,2.9228515625
0.685,-3.04296875,0.080078125,2.482421875
0.6855,-3.04296875,0.80078125,1.76171875
0.686,-3.1630859375,1.5615234375,1.12109375
0.6865,-3.3232421875,2.2421875,0.640625
0.687,-3.3232421875,2.642578125,0.2802734375
0.6875,-3.0029296875,2.72265625,-0.2001953125
0.688,-2.40234375,2.802734375,-0.9208984375
0.6885,-1.8017578125,2.9228515625,-1.7216796875
0.689,-1.0810546875,3.1630859375,-2.5224609375
0.6895,-0.720703125,3.2431640625,-2.9228515625
0.69,-0.3203125,3.123046875,-3.2431640625
0.6905,0.240234375,2.7626953125,-3.36328125
0.691,1.0009765625,2.0419921875,-3.4033203125
0.6915,1.7216796875,1.44140625,-3.5634765625
0.692,2.40234375,0.9208984375,-3.7236328125
0.6925,2.72265625,0.6005859375,-3.8037109375
0.693,2.802734375,0.16015625,-3.36328125
0.6935,2.8427734375,-0.400390625,-2.8828125
0.694,2.9228515625,-1.1611328125,-2.2421875
0.6945,3.04296875,-1.9619140625,-1.6015625
0.695,3.203125,-2.5625,-1.2412109375
0.6955,3.1630859375,-2.962890625,-0.720703125
0.696,2.802734375,-3.0830078125,-0.3203125
0.6965,2.001953125,-3.123046875,0.5205078125
0.697,1.4013671875,-3.283203125,1.3212890625
0.6975,0.7607421875,-3.443359375,2.162109375
0.698,0.4404296875,-3.5634765625,2.5625
0.6985,-0.080078125,-3.2431640625,2.7626953125
0.699,-0.6806640625,-2.7626953125,2.8828125
0.6995,-1.5615234375,-2.0419921875,3.04296875
0.7,-2.2822265625,-1.44140625,3.1630859375
0.7005,-2.8427734375,-1.0009765625,3.2431640625
0.701,-3.0830078125,-0.640625,3.1630859375
0.7015,-3.0830078125,-0.16015625,2.6826171875
0.702,-3.04296875,0.6005859375,1.9619140625
0.7025,-3.1630859375,1.3212890625,1.361328125
0.703,-3.36328125,2.162109375,0.7607421875
0.7035,-3.36328125,2.5224609375,0.3203125
0.704,-3.1630859375,2.72265625,-0.1201171875
0.7045,-2.642578125,2.8427734375,-0.6806640625
0.705,-1.8818359375,2.962890625,-1.5615234375
0.7055,-1.2412109375,3.123046875,-2.2822265625
0.706,-0.720703125,3.203125,-2.9228515625
0.7065,-0.400390625,3.2431640625,-3.2431640625
0.707,0.16015625,2.802734375,-3.36328125
0.7075,0.8408203125,2.2021484375,-3.4033203125
0.708,1.5615234375,1.5615234375,-3.5634765625
0.7085,2.322265625,0.9609375,-3.7236328125
0.709,2.6826171875,0.6005859375,-3.7236328125
0.7095,2.8427734375,0.240234375,-3.5634765625
0.71,2.8828125,-0.2802734375,-3.0830078125
0.7105,2.8427734375,-1.0009765625,-2.2822265625
0.711,3.0029296875,-1.76171875,-1.76171875
0.7115,3.1630859375,-2.5224609375,-1.201171875
0.712,3.203125,-2.8828125,-0.880859375
0.7125,2.8427734375,-3.0830078125,-0.400390625
0.713,2.2822265625,-3.0830078125,0.2802734375
0.7135,1.5615234375,-3.203125,1.201171875
0.714,0.9208984375,-3.36328125,1.921875
0.7145,0.48046875,-3.4833984375,2.482421875
0.715,0.1201171875,-3.443359375,2.802734375
0.7155,-0.5205078125,-2.962890625,2.8828125
0.716,-1.28125,-2.2822265625,2.9228515625
0.7165,-2.001953125,-1.6015625,3.123046875
0.717,-2.72265625,-1.12109375,3.283203125
0.7175,-3.0029296875,-0.7607421875,3.203125
0.718,-3.1630859375,-0.3203125,2.8828125
0.7185,-3.1630859375,0.3203125,2.3623046875
0.719,-3.203125,1.12109375,1.5615234375
0.7195,-3.3232421875,1.8818359375,0.9609375
0.72,-3.4833984375,2.5224609375,0.48046875
0.7205,-3.36328125,2.802734375,0.0400390625
0.721,-2.8427734375,2.8828125,-0.5205078125
0.7215,-2.1220703125,3.0029296875,-1.28125
0.722,-1.44140625,3.1630859375,-2.162109375
0.7225,-0.8408203125,3.3232421875,-2.8828125
0.723,-0.4404296875,3.283203125,-3.2431640625
0.7235,0.0,3.04296875,-3.4833984375
0.724,0.6806640625,2.4423828125,-3.5634765625
0.7245,1.521484375,1.7216796875,-3.603515625
0.725,2.2421875,1.041015625,-3.7236328125
0.7255,2.802734375,0.6005859375,-3.84375
0.726,2.9228515625,0.2802734375,-3.68359375
0.7265,2.9228515625,-0.240234375,-3.1630859375
0.727,2.9228515625,-0.9208984375,-2.5224609375
0.7275,3.0029296875,-1.76171875,-1.8017578125
0.728,3.123046875,-2.4423828125,-1.28125
0.7285,3.123046875,-2.8828125,-0.8408203125
0.729,3.0029296875,-3.0830078125,-0.48046875
0.7295,2.40234375,-3.0830078125,0.16015625
0.73,1.6416015625,-3.1630859375,0.9609375
0.7305,1.0009765625,-3.2431640625,1.76171875
0.731,0.560546875,-3.4833984375,2.40234375
0.7315,0.16015625,-3.4033203125,2.6826171875
0.732,-0.3203125,-3.0830078125,2.8427734375
0.7325,-1.0009765625,-2.482421875,2.9228515625
0.733,-1.8017578125,-1.8017578125,3.04296875
0.7335,-2.4423828125,-1.2412109375,3.1630859375
0.734,-2.9228515625,-0.80078125,3.203125
0.7345,-3.123046875,-0.5205078125,3.04296875
0.735,-3.0830078125,0.0400390625,2.5224609375
0.7355,-3.0830078125,0.720703125,1.841796875
0.736,-3.203125,1.521484375,1.201171875
0.7365,-3.4033203125,2.2021484375,0.640625
0.737,-3.36328125,2.6025390625,0.2802734375
0.7375,-3.0830078125,2.8427734375,-0.2001953125
0.738,-2.5625,2.8828125,-0.8408203125
0.7385,-1.8017578125,3.04296875,-1.681640625
0.739,-1.1611328125,3.1630859375,-2.482421875
0.7395,-0.720703125,3.3232421875,-3.04296875
0.74,-0.3203125,3.203125,-3.283203125
0.7405,0.240234375,2.72265625,-3.36328125
0.741,0.9609375,2.1220703125,-3.4833984375
0.7415,1.841796875,1.4013671875,-3.603515625
0.742,2.40234375,0.9609375,-3.763671875
0.7425,2.7626953125,0.560546875,-3.7236328125
0.743,2.8828125,0.16015625,-3.5234375
0.7435,2.8427734375,-0.5205078125,-2.8828125
0.744,2.9228515625,-1.28125,-2.2021484375
0.7445,3.04296875,-2.08203125,-1.5615234375
0.745,3.203125,-2.6025390625,-1.1611328125
0.7455,3.123046875,-2.8828125,-0.720703125
0.746,2.6826171875,-2.962890625,-0.2001953125
0.7465,2.0419921875,-3.0830078125,0.5205078125
0.747,1.28125,-3.203125,1.4013671875
0.7475,0.7607421875,-3.36328125,2.08203125
0.748,0.3603515625,-3.4833984375,2.5625
0.7485,0.0,-3.283203125,2.7626953125
0.749,-0.640625,-2.72265625,2.8427734375
0.7495,-1.4013671875,-2.08203125,2.962890625
0.75,-2.2021484375,-1.4013671875,3.04296875
0.7505,-2.72265625,-1.0009765625,3.203125
0.751,-2.9228515625,-0.640625,3.04296875
0.7515,-3.0029296875,-0.3203125,2.6826171875
0.752,-2.962890625,0.400390625,2.0419921875
0.7525,-3.0830078125,1.12109375,1.4013671875
0.753,-3.203125,1.8818359375,0.9208984375
0.7535,-3.3232421875,2.40234375,0.48046875
0.754,-3.203125,2.642578125,0.1201171875
0.7545,-2.6826171875,2.72265625,-0.5205078125
0.755,-2.1220703125,2.8427734375,-1.201171875
0.7555,-1.4013671875,3.0029296875,-2.0419921875
0.756,-1.0009765625,3.1630859375,-2.642578125
0.7565,-0.6005859375,3.1630859375,-3.04296875
0.757,-0.16015625,2.962890625,-3.203125
0.7575,0.560546875,2.3623046875,-3.283203125
0.758,1.28125,1.8017578125,-3.4833984375
0.7585,2.001953125,1.201171875,-3.603515625
0.759,2.5224609375,0.8408203125,-3.7236328125
0.7595,2.6826171875,0.48046875,-3.603515625
0.76,2.72265625,-0.080078125,-3.1630859375
0.7605,2.7626953125,-0.720703125,-2.6025390625
0.761,2.8828125,-1.4814453125,-1.921875
0.7615,3.123046875,-2.1220703125,-1.4814453125
0.762,3.123046875,-2.6025390625,-1.0009765625
0.7625,2.9228515625,-2.8427734375,-0.640625
0.763,2.3623046875,-2.8828125,0.0400390625
0.7635,1.76171875,-3.0830078125,0.80078125
0.764,1.12109375,-3.2431640625,1.6416015625
0.7645,0.720703125,-3.4033203125,2.2021484375
0.765,0.3203125,-3.3232421875,2.482421875
0.7655,-0.2001953125,-3.0029296875,2.6826171875
0.766,-0.9609375,-2.40234375,2.802734375
0.7665,-1.6416015625,-1.8017578125,2.9228515625
0.767,-2.322265625,-1.3212890625,3.0830078125
0.7675,-2.72265625,-1.0009765625,3.123046875
0.768,-2.8828125,-0.640625,2.8828125
0.7685,-2.8828125,0.0,2.2822265625
0.769,-2.962890625,0.6806640625,1.841796875
0.7695,-3.123046875,1.521484375,1.1611328125
0.77,-3.283203125,2.08203125,0.7607421875
0.7705,-3.203125,2.4423828125,0.3203125
0.771,-2.9228515625,2.6025390625,-0.16015625
0.7715,-2.2822265625,2.6826171875,-0.8408203125
0.772,-1.7216796875,2.8828125,-1.6015625
0.7725,-1.1611328125,3.04296875,-2.3623046875
0.773,-0.80078125,3.1630859375,-2.8427734375
0.7735,-0.3603515625,3.0029296875,-3.04296875
0.774,0.2001953125,2.5625,-3.1630859375
0.7745,0.880859375,2.0419921875,-3.283203125
0.775,1.6416015625,1.4013671875,-3.443359375
0.7755,2.162109375,1.0009765625,-3.6435546875
0.776,2.482421875,0.6005859375,-3.5634765625
0.7765,2.5625,0.240234375,-3.283203125
0.777,2.5625,-0.3603515625,-2.6826171875
0.7775,2.72265625,-1.0009765625,-2.2021484375
0.778,2.9228515625,-1.76171875,-1.681640625
0.7785,3.04296875,-2.2822265625,-1.28125
0.779,2.9228515625,-2.5625,-0.9208984375
0.7795,2.5625,-2.72265625,-0.3603515625
0.78,2.0419921875,-2.8828125,0.3203125
0.7805,1.44140625,-3.04296875,1.0810546875
0.781,0.9609375,-3.2431640625,1.7216796875
0.7815,0.640625,-3.3232421875,2.2021484375
0.782,0.2001953125,-3.123046875,2.40234375
0.7825,-0.4404296875,-2.642578125,2.5224609375
0.783,-1.0810546875,-2.2421875,2.7626953125
0.7835,-1.8818359375,-1.6416015625,2.962890625
0.784,-2.3623046875,-1.3212890625,3.0830078125
0.7845,-2.642578125,-0.9609375,2.962890625
0.785,-2.7626953125,-0.4404296875,2.6826171875
0.7855,-2.802734375,0.2802734375,2.1220703125
0.786,-2.962890625,0.9208984375,1.5615234375
0.7865,-3.203125,1.6416015625,1.12109375
0.787,-3.2431640625,2.162109375,0.640625
0.7875,-3.0830078125,2.40234375,0.240234375
0.788,-2.6025390625,2.5224609375,-0.3603515625
0.7885,-2.08203125,2.7626953125,-1.12109375
0.789,-1.4814453125,2.962890625,-1.9619140625
0.7895,-1.12109375,3.123046875,-2.4423828125
0.79,-0.640625,3.123046875,-2.8828125
0.7905,-0.2001953125,2.8427734375,-3.0830078125
0.791,0.560546875,2.2021484375,-3.1630859375
0.7915,1.2412109375,1.681640625,-3.36328125
0.792,1.921875,1.201171875,-3.5634765625
0.7925,2.2822265625,0.8408203125,-3.68359375
0.793,2.482421875,0.48046875,-3.36328125
0.7935,2.5224609375,0.0,-2.9228515625
0.794,2.6826171875,-0.720703125,-2.40234375
0.7945,2.8427734375,-1.4814453125,-1.841796875
0.795,3.0029296875,-2.0419921875,-1.44140625
0.7955,3.0029296875,-2.482421875,-1.041015625
0.796,2.72265625,-2.642578125,-0.640625
0.7965,2.162109375,-2.7626953125,0.1201171875
0.797,1.6416015625,-2.962890625,0.80078125
0.7975,1.0810546875,-3.1630859375,1.5615234375
0.798,0.720703125,-3.283203125,2.0419921875
0.7985,0.3203125,-3.1630859375,2.322265625
0.799,-0.2001953125,-2.8427734375,2.482421875
0.7995,-0.9208984375,-2.322265625,2.6025390625
0.8,-1.6015625,-1.8017578125,2.8427734375
0.8005,-2.2021484375,-1.4013671875,2.962890625
0.801,-2.5625,-1.041015625,3.04296875
0.8015,-2.6826171875,-0.640625,2.7626953125
0.802,-2.72265625,0.0,2.2021484375
0.8025,-2.9228515625,0.640625,1.76171875
0.803,-3.0830078125,1.44140625,1.201171875
0.8035,-3.2431640625,1.9619140625,0.8408203125
0.804,-3.1630859375,2.322265625,0.3603515625
0.8045,-2.8828125,2.5224609375,-0.16015625
0.805,-2.2421875,2.642578125,-0.880859375
0.8055,-1.681640625,2.8828125,-1.6416015625
0.806,-1.201171875,3.123046875,-2.322265625
0.8065,-0.8408203125,3.203125,-2.802734375
0.807,-0.3603515625,2.9228515625,-3.0029296875
0.8075,0.2802734375,2.40234375,-3.203125
0.808,1.041015625,1.921875,-3.36328125
0.8085,1.76171875,1.28125,-3.603515625
0.809,2.2421875,0.9609375,-3.68359375
0.8095,2.5224609375,0.6005859375,-3.5634765625
0.81,2.6025390625,0.1201171875,-3.1630859375
0.8105,2.642578125,-0.640625,-2.5224609375
0.811,2.802734375,-1.3212890625,-2.001953125
0.8115,3.04296875,-2.0419921875,-1.4814453125
0.812,3.0830078125,-2.482421875,-1.1611328125
0.8125,2.8427734375,-2.72265625,-0.640625
0.813,2.40234375,-2.8427734375,0.0
0.8135,1.7216796875,-3.0029296875,0.7607421875
0.814,1.12109375,-3.203125,1.5615234375
0.8145,0.720703125,-3.3232421875,2.08203125
0.815,0.3603515625,-3.36328125,2.4423828125
0.8155,-0.240234375,-2.962890625,2.5625
0.816,-0.9208984375,-2.3623046875,2.6826171875
0.8165,-1.6416015625,-1.841796875,2.8427734375
0.817,-2.322265625,-1.28125,3.0830078125
0.8175,-2.642578125,-1.0009765625,3.0830078125
0.818,-2.802734375,-0.5205078125,2.802734375
0.8185,-2.8828125,0.0,2.40234375
0.819,-2.9228515625,0.720703125,1.7216796875
0.8195,-3.0830078125,1.44140625,1.1611328125
0.82,-3.2431640625,2.0419921875,0.7607421875
0.8205,-3.2431640625,2.4423828125,0.3603515625
0.821,-2.8828125,2.5625,-0.16015625
0.8215,-2.2822265625,2.6826171875,-0.8408203125
0.822,-1.76171875,2.8828125,-1.6015625
0.8225,-1.1611328125,3.0830078125,-2.3623046875
0.823,-0.80078125,3.1630859375,-2.802734375
0.8235,-0.3603515625,3.0029296875,-3.0830078125
0.824,0.240234375,2.5625,-3.203125
0.8245,0.9609375,1.921875,-3.36328125
0.825,1.6416015625,1.4013671875,-3.4833984375
0.8255,2.2421875,0.9609375,-3.6435546875
0.826,2.5625,0.640625,-3.6435546875
0.8265,2.6025390625,0.2001953125,-3.203125
0.827,2.6826171875,-0.400390625,-2.72265625
0.8275,2.802734375,-1.1611328125,-2.162109375
0.828,2.962890625,-1.8818359375,-1.6015625
0.8285,3.0830078125,-2.3623046875,-1.2412109375
0.829,3.0029296875,-2.72265625,-0.80078125
0.8295,2.5625,-2.8427734375,-0.2802734375
0.83,1.921875,-2.9228515625,0.48046875
0.8305,1.361328125,-3.1630859375,1.28125
0.831,0.880859375,-3.36328125,1.921875
0.8315,0.48046875,-3.4033203125,2.2822265625
0.832,0.0400390625,-3.1630859375,2.5625
0.8325,-0.640625,-2.6826171875,2.6826171875
0.833,-1.361328125,-2.001953125,2.8427734375
0.8335,-2.08203125,-1.4814453125,3.0029296875
0.834,-2.5625,-1.0810546875,3.123046875
0.8345,-2.802734375,-0.7607421875,3.04296875
0.835,-2.8427734375,-0.2802734375,2.5625
0.8355,-2.8828125,0.4404296875,1.9619140625
0.836,-3.04296875,1.1611328125,1.4013671875
0.8365,-3.2431640625,1.921875,0.9208984375
0.837,-3.2431640625,2.2822265625,0.560546875
0.8375,-3.0830078125,2.5224609375,0.0400390625
0.838,-2.5625,2.6826171875,-0.560546875
0.8385,-1.921875,2.8427734375,-1.361328125
0.839,-1.3212890625,3.0029296875,-2.1220703125
0.8395,-0.9208984375,3.1630859375,-2.72265625
0.84,-0.560546875,3.123046875,-3.0830078125
0.8405,0.0,2.6826171875,-3.203125
0.841,0.720703125,2.2021484375,-3.283203125
0.8415,1.4814453125,1.5615234375,-3.4833984375
0.842,2.1220703125,1.0810546875,-3.6435546875
0.8425,2.482421875,0.720703125,-3.603515625
0.843,2.6826171875,0.3603515625,-3.443359375
0.8435,2.6826171875,-0.2001953125,-2.9228515625
0.844,2.7626953125,-0.9609375,-2.2822265625
0.8445,2.9228515625,-1.681640625,-1.76171875
0.845,3.123046875,-2.322265625,-1.28125
0.8455,3.0830078125,-2.642578125,-0.9609375
0.846,2.6826171875,-2.802734375,-0.400390625
0.8465,2.2021484375,-2.9228515625,0.2802734375
0.847,1.521484375,-3.123046875,1.12109375
0.8475,0.9609375,-3.36328125,1.841796875
0.848,0.560546875,-3.443359375,2.2822265625
0.8485,0.16015625,-3.36328125,2.5625
0.849,-0.48046875,-2.7626953125,2.6826171875
0.8495,-1.1611328125,-2.2021484375,2.8427734375
0.85,-1.9619140625,-1.6015625,3.0029296875
0.8505,-2.5625,-1.1611328125,3.1630859375
0.851,-2.802734375,-0.80078125,3.0830078125
0.8515,-2.9228515625,-0.3603515625,2.7626953125
0.852,-2.962890625,0.2802734375,2.2021484375
0.8525,-3.0830078125,1.041015625,1.521484375
0.853,-3.2431640625,1.8017578125,1.0009765625
0.8535,-3.36328125,2.3623046875,0.560546875
0.854,-3.203125,2.642578125,0.16015625
0.8545,-2.72265625,2.72265625,-0.4404296875
0.855,-2.08203125,2.8427734375,-1.201171875
0.8555,-1.4013671875,3.0029296875,-2.08203125
0.856,-1.0009765625,3.1630859375,-2.72265625
0.8565,-0.560546875,3.1630859375,-3.123046875
0.857,-0.1201171875,2.962890625,-3.283203125
0.8575,0.640625,2.322265625,-3.36328125
0.858,1.4013671875,1.7216796875,-3.5234375
0.8585,2.1220703125,1.12109375,-3.68359375
0.859,2.6025390625,0.720703125,-3.8037109375
0.8595,2.802734375,0.3603515625,-3.5634765625
0.86,2.802734375,-0.16015625,-3.0830078125
0.8605,2.8427734375,-0.8408203125,-2.4423828125
0.861,2.962890625,-1.681640625,-1.76171875
0.8615,3.123046875,-2.322265625,-1.28125
0.862,3.123046875,-2.7626953125,-0.9208984375
0.8625,2.9228515625,-2.962890625,-0.5205078125
0.863,2.2822265625,-3.0029296875,0.240234375
0.8635,1.6015625,-3.203125,1.0009765625
0.864,0.9609375,-3.36328125,1.8017578125
0.8645,0.560546875,-3.5634765625,2.3623046875
0.865,0.16015625,-3.3232421875,2.6025390625
0.8655,-0.3603515625,-2.962890625,2.7626953125
0.866,-1.12109375,-2.322265625,2.8828125
0.8665,-1.8818359375,-1.6416015625,3.0029296875
0.867,-2.5224609375,-1.1611328125,3.1630859375
0.8675,-2.9228515625,-0.80078125,3.1630859375
0.868,-3.04296875,-0.4404296875,2.9228515625
0.8685,-2.962890625,0.16015625,2.322265625
0.869,-3.0830078125,0.880859375,1.7216796875
0.8695,-3.203125,1.7216796875,1.0009765625
0.87,-3.4033203125,2.322265625,0.640625
0.8705,-3.2431640625,2.642578125,0.2001953125
0.871,-2.9228515625,2.7626953125,-0.2802734375
0.8715,-2.2822265625,2.8828125,-1.0009765625
0.872,-1.6015625,2.962890625,-1.8818359375
0.8725,-1.0009765625,3.123046875,-2.6025390625
0.873,-0.640625,3.3232421875,-3.0830078125
0.8735,-0.2001953125,3.0830078125,-3.283203125
0.874,0.3603515625,2.5625,-3.36328125
0.8745,1.1611328125,1.921875,-3.5234375
0.875,1.9619140625,1.28125,-3.603515625
0.8755,2.5224609375,0.8408203125,-3.763671875
0.876,2.7626953125,0.48046875,-3.68359375
0.8765,2.8427734375,0.0400390625,-3.3232421875
0.877,2.802734375,-0.640625,-2.642578125
0.8775,2.9228515625,-1.361328125,-2.001953125
0.878,3.0830078125,-2.1220703125,-1.44140625
0.8785,3.203125,-2.6826171875,-1.041015625
0.879,3.04296875,-2.9228515625,-0.640625
0.8795,2.5625,-3.04296875,-0.080078125
0.88,1.921875,-3.1630859375,0.720703125
0.8805,1.1611328125,-3.283203125,1.5615234375
0.881,0.6806640625,-3.4033203125,2.2021484375
0.8815,0.3203125,-3.443359375,2.6025390625
0.882,-0.2001953125,-3.1630859375,2.802734375
0.8825,-0.8408203125,-2.5224609375,2.8427734375
0.883,-1.6015625,-1.9619140625,3.0029296875
0.8835,-2.40234375,-1.3212890625,3.1630859375
0.884,-2.8427734375,-0.9609375,3.2431640625
0.8845,-3.0029296875,-0.560546875,3.0029296875
0.885,-3.0830078125,-0.080078125,2.6025390625
0.8855,-3.0830078125,0.6806640625,1.921875
0.886,-3.1630859375,1.44140625,1.2412109375
0.8865,-3.3232421875,2.162109375,0.7607421875
0.887,-3.4033203125,2.6025390625,0.3203125
0.8875,-3.0830078125,2.7626953125,-0.16015625
0.888,-2.5224609375,2.802734375,-0.80078125
0.8885,-1.8818359375,3.0029296875,-1.6416015625
0.889,-1.1611328125,3.1630859375,-2.482421875
0.8895,-0.720703125,3.283203125,-2.962890625
0.89,-0.3203125,3.1630859375,-3.283203125
0.8905,0.240234375,2.802734375,-3.4033203125
0.891,1.0009765625,2.0419921875,-3.4833984375
0.8915,1.76171875,1.4814453125,-3.603515625
0.892,2.4423828125,0.880859375,-3.7236328125
0.8925,2.802734375,0.6005859375,-3.8037109375
0.893,2.8828125,0.1201171875,-3.4033203125
0.8935,2.8427734375,-0.48046875,-2.8828125
0.894,2.9228515625,-1.2412109375,-2.2021484375
0.8945,3.04296875,-2.001953125,-1.521484375
0.895,3.1630859375,-2.5625,-1.12109375
0.8955,3.123046875,-3.0029296875,-0.720703125
0.896,2.72265625,-3.0830078125,-0.240234375
0.8965,2.001953125,-3.123046875,0.5205078125
0.897,1.4013671875,-3.2431640625,1.3212890625
0.8975,0.7607421875,-3.4033203125,2.162109375
0.898,0.400390625,-3.4833984375,2.5625
0.8985,-0.080078125,-3.203125,2.802734375
0.899,-0.640625,-2.7626953125,2.8828125
0.8995,-1.4814453125,-2.08203125,3.0029296875
0.9,-2.2021484375,-1.44140625,3.123046875
0.9005,-2.7626953125,-1.0009765625,3.203125
0.901,-3.0830078125,-0.640625,3.1630859375
0.9015,-3.0830078125,-0.2001953125,2.72265625
0.902,-3.0830078125,0.48046875,2.0419921875
0.9025,-3.203125,1.2412109375,1.4814453125
0.903,-3.36328125,2.0419921875,0.80078125
0.9035,-3.4033203125,2.482421875,0.400390625
0.904,-3.203125,2.802734375,0.0
0.9045,-2.802734375,2.8828125,-0.640625
0.905,-1.9619140625,2.962890625,-1.44140625
0.9055,-1.3212890625,3.1630859375,-2.2421875
0.906,-0.7607421875,3.283203125,-2.9228515625
0.9065,-0.4404296875,3.283203125,-3.283203125
0.907,0.1201171875,2.8828125,-3.4033203125
0.9075,0.80078125,2.2822265625,-3.5234375
0.908,1.6015625,1.6015625,-3.6435546875
0.9085,2.322265625,0.9609375,-3.763671875
0.909,2.7626953125,0.6005859375,-3.7236328125
0.9095,2.962890625,0.240234375,-3.603515625
0.91,2.9228515625,-0.3203125,-3.0830078125
0.9105,2.8828125,-1.041015625,-2.322265625
0.911,3.0029296875,-1.8017578125,-1.7216796875
0.9115,3.203125,-2.5625,-1.201171875
0.912,3.1630859375,-2.962890625,-0.8408203125
0.9125,2.8427734375,-3.123046875,-0.3603515625
0.913,2.322265625,-3.1630859375,0.3203125
0.9135,1.521484375,-3.2431640625,1.2412109375
0.914,0.880859375,-3.36328125,1.9619140625
0.9145,0.4404296875,-3.4833984375,2.5224609375
0.915,0.0400390625,-3.4033203125,2.802734375
0.9155,-0.560546875,-2.9228515625,2.8828125
0.916,-1.28125,-2.2421875,2.9228515625
0.9165,-2.001953125,-1.6015625,3.0830078125
0.917,-2.72265625,-1.0810546875,3.203125
0.9175,-3.0029296875,-0.720703125,3.1630859375
0.918,-3.123046875,-0.3203125,2.8828125
0.9185,-3.123046875,0.2802734375,2.40234375
0.919,-3.0830078125,1.0810546875,1.5615234375
0.9195,-3.203125,1.76171875,0.9609375
0.92,-3.4033203125,2.40234375,0.48046875
0.9205,-3.36328125,2.72265625,0.1201171875
0.921,-2.8828125,2.8427734375,-0.400390625
0.9215,-2.2822265625,2.9228515625,-1.12109375
0.922,-1.5615234375,3.0830078125,-1.9619140625
0.9225,-0.9609375,3.203125,-2.72265625
0.923,-0.560546875,3.2431640625,-3.1630859375
0.9235,-0.16015625,3.123046875,-3.36328125
0.924,0.48046875,2.5625,-3.4833984375
0.9245,1.28125,1.841796875,-3.5234375
0.925,2.001953125,1.2412109375,-3.603515625
0.9255,2.6025390625,0.80078125,-3.8037109375
0.926,2.8427734375,0.48046875,-3.7236328125
0.9265,2.8427734375,0.0,-3.2431640625
0.927,2.8427734375,-0.640625,-2.72265625
0.9275,2.9228515625,-1.4814453125,-1.9619140625
0.928,3.0830078125,-2.2021484375,-1.44140625
0.9285,3.1630859375,-2.72265625,-1.041015625
0.929,3.0830078125,-2.962890625,-0.640625
0.9295,2.5224609375,-3.0029296875,0.0
0.93,1.841796875,-3.0830078125,0.7607421875
0.9305,1.201171875,-3.2431640625,1.5615234375
0.931,0.6806640625,-3.4033203125,2.2421875
0.9315,0.3203125,-3.4033203125,2.5625
0.932,-0.16015625,-3.1630859375,2.72265625
0.9325,-0.80078125,-2.6025390625,2.8427734375
0.933,-1.6015625,-1.9619140625,2.962890625
0.9335,-2.2822265625,-1.361328125,3.123046875
0.934,-2.802734375,-0.9609375,3.203125
0.9345,-3.0029296875,-0.640625,3.123046875
0.935,-2.962890625,-0.080078125,2.5625
0.9355,-3.04296875,0.560546875,1.921875
0.936,-3.1630859375,1.3212890625,1.28125
0.9365,-3.36328125,2.0419921875,0.7607421875
0.937,-3.3232421875,2.5224609375,0.400390625
0.9375,-3.1630859375,2.72265625,0.0
0.938,-2.6025390625,2.8427734375,-0.6806640625
0.9385,-1.841796875,2.9228515625,-1.521484375
0.939,-1.2412109375,3.123046875,-2.2822265625
0.9395,-0.8408203125,3.283203125,-2.8828125
0.94,-0.4404296875,3.1630859375,-3.203125
0.9405,0.1201171875,2.7626953125,-3.3232421875
0.941,0.80078125,2.162109375,-3.4033203125
0.9415,1.6416015625,1.521484375,-3.5634765625
0.942,2.2421875,1.0009765625,-3.68359375
0.9425,2.642578125,0.6005859375,-3.68359375
0.943,2.802734375,0.2802734375,-3.5234375
0.9435,2.7626953125,-0.3603515625,-2.9228515625
0.944,2.802734375,-1.0810546875,-2.2822265625
0.9445,2.9228515625,-1.841796875,-1.681640625
0.945,3.1630859375,-2.4423828125,-1.28125
0.9455,3.04296875,-2.72265625,-0.8408203125
0.946,2.72265625,-2.8828125,-0.3603515625
0.9465,2.162109375,-2.962890625,0.2802734375
0.947,1.4814453125,-3.123046875,1.12109375
0.9475,0.9208984375,-3.2431640625,1.841796875
0.948,0.560546875,-3.36328125,2.322265625
0.9485,0.16015625,-3.283203125,2.6025390625
0.949,-0.400390625,-2.802734375,2.6826171875
0.9495,-1.1611328125,-2.2421875,2.8427734375
0.95,-1.921875,-1.6015625,2.962890625
0.9505,-2.4423828125,-1.2412109375,3.123046875
0.951,-2.72265625,-0.8408203125,3.04296875
0.9515,-2.8828125,-0.5205078125,2.7626953125
0.952,-2.9228515625,0.1201171875,2.2421875
0.9525,-3.0029296875,0.8408203125,1.6015625
0.953,-3.1630859375,1.6015625,1.12109375
0.9535,-3.3232421875,2.2021484375,0.6806640625
0.954,-3.203125,2.5224609375,0.2802734375
0.9545,-2.802734375,2.6025390625,-0.2802734375
0.955,-2.2822265625,2.802734375,-1.0009765625
0.9555,-1.6015625,2.962890625,-1.8017578125
0.956,-1.1611328125,3.1630859375,-2.4423828125
0.9565,-0.720703125,3.1630859375,-2.8828125
0.957,-0.3203125,3.0029296875,-3.1630859375
0.9575,0.3603515625,2.482421875,-3.203125
0.958,1.0810546875,1.921875,-3.4033203125
0.9585,1.8818359375,1.28125,-3.5634765625
0.959,2.40234375,0.9609375,-3.7236328125
0.9595,2.5625,0.560546875,-3.603515625
0.96,2.6826171875,0.0400390625,-3.203125
0.9605,2.72265625,-0.640625,-2.642578125
0.961,2.8427734375,-1.3212890625,-1.9619140625
0.9615,3.04296875,-2.001953125,-1.5615234375
0.962,3.0830078125,-2.5224609375,-1.1611328125
0.9625,2.9228515625,-2.7626953125,-0.720703125
0.963,2.40234375,-2.8427734375,-0.1201171875
0.9635,1.841796875,-3.04296875,0.6806640625
0.964,1.201171875,-3.1630859375,1.4814453125
0.9645,0.80078125,-3.36328125,2.0419921875
0.965,0.400390625,-3.283203125,2.3623046875
0.9655,-0.080078125,-3.0029296875,2.5224609375
0.966,-0.7607421875,-2.4423828125,2.6826171875
0.9665,-1.4814453125,-1.921875,2.8427734375
0.967,-2.1220703125,-1.44140625,3.0029296875
0.9675,-2.5625,-1.12109375,3.04296875
0.968,-2.72265625,-0.720703125,2.8828125
0.9685,-2.7626953125,-0.240234375,2.40234375
0.969,-2.8828125,0.48046875,1.921875
0.9695,-3.04296875,1.2412109375,1.3212890625
0.97,-3.203125,1.841796875,0.9609375
0.9705,-3.203125,2.2421875,0.5205078125
0.971,-2.962890625,2.482421875,0.080078125
0.9715,-2.4423828125,2.5625,-0.6005859375
0.972,-1.921875,2.802734375,-1.3212890625
0.9725,-1.3212890625,2.962890625,-2.08203125
0.973,-1.0009765625,3.1630859375,-2.6025390625
0.9735,-0.6005859375,3.04296875,-2.8828125
0.974,0.0,2.6826171875,-3.0830078125
0.9745,0.6005859375,2.2021484375,-3.2431640625
0.975,1.4013671875,1.5615234375,-3.4033203125
0.9755,1.9619140625,1.201171875,-3.603515625
0.976,2.3623046875,0.80078125,-3.603515625
0.9765,2.5224609375,0.400390625,-3.443359375
0.977,2.5625,-0.16015625,-2.8427734375
0.9775,2.72265625,-0.8408203125,-2.3623046875
0.978,2.9228515625,-1.6015625,-1.8017578125
0.9785,3.0830078125,-2.2021484375,-1.44140625
0.979,3.0029296875,-2.5224609375,-1.0009765625
0.9795,2.6826171875,-2.72265625,-0.5205078125
0.98,2.1220703125,-2.8828125,0.240234375
0.9805,1.521484375,-3.0830078125,1.0009765625
0.981,1.041015625,-3.2431640625,1.7216796875
0.9815,0.6806640625,-3.36328125,2.2021484375
0.982,0.240234375,-3.203125,2.40234375
0.9825,-0.400390625,-2.6826171875,2.5625
0.983,-1.12109375,-2.2421875,2.802734375
0.9835,-1.921875,-1.6416015625,2.962890625
0.984,-2.40234375,-1.3212890625,3.0830078125
0.9845,-2.642578125,-0.9609375,2.9228515625
0.985,-2.7626953125,-0.4404296875,2.6826171875
0.9855,-2.802734375,0.240234375,2.08203125
0.986,-2.962890625,0.9609375,1.5615234375
0.9865,-3.203125,1.6416015625,1.041015625
0.987,-3.283203125,2.2021484375,0.640625
0.9875,-3.0830078125,2.40234375,0.240234375
0.988,-2.642578125,2.5224609375,-0.3603515625
0.9885,-2.08203125,2.7626953125,-1.12109375
0.989,-1.44140625,2.962890625,-1.9619140625
0.9895,-1.041015625,3.123046875,-2.5224609375
0.99,-0.640625,3.123046875,-2.8828125
0.9905,-0.2001953125,2.8427734375,-3.0830078125
0.991,0.560546875,2.2421875,-3.203125
0.9915,1.2412109375,1.7216796875,-3.36328125
0.992,1.921875,1.201171875,-3.5634765625
0.9925,2.3623046875,0.880859375,-3.68359375
0.993,2.5224609375,0.48046875,-3.443359375
0.9935,2.6025390625,0.0,-3.0029296875
0.994,2.72265625,-0.720703125,-2.4423828125
0.9945,2.8427734375,-1.4814453125,-1.8818359375
0.995,3.04296875,-2.08203125,-1.44140625
0.9955,3.04296875,-2.5625,-1.0009765625
0.996,2.802734375,-2.72265625,-0.6005859375
0.9965,2.2421875,-2.8427734375,0.1201171875
0.997,1.6416015625,-3.04296875,0.880859375
0.9975,1.041015625,-3.2431640625,1.681640625
0.998,0.720703125,-3.4033203125,2.162109375
0.9985,0.2802734375,-3.2431640625,2.40234375
0.999,-0.2802734375,-2.8828125,2.6025390625
0.9995,-1.041015625,-2.322265625,2.72265625
