wavelength,x,y,z
0.0,-2.40234375,4.1640625,-2.2021484375
0.0005,-3.123046875,4.1240234375,-1.4814453125
0.001,-3.7236328125,4.0439453125,-0.8408203125
0.0015,-3.8837890625,3.36328125,0.0
0.002,-4.244140625,3.3232421875,0.48046875
0.0025,-4.32421875,2.40234375,1.44140625
0.003,-4.4443359375,2.0419921875,1.921875
0.0035,-4.5244140625,1.28125,2.72265625
0.004,-4.00390625,0.400390625,3.04296875
0.0045,-3.603515625,-0.5205078125,3.5234375
0.005,-3.0830078125,-1.2412109375,3.763671875
0.0055,-2.4423828125,-2.1220703125,3.9638671875
0.006,-1.9619140625,-2.72265625,3.9638671875
0.0065,-1.201171875,-3.4033203125,3.9638671875
0.007,-0.3203125,-3.7236328125,3.36328125
0.0075,0.2802734375,-4.2041015625,3.3232421875
0.008,1.361328125,-4.404296875,2.40234375
0.0085,1.9619140625,-4.724609375,2.0419921875
0.009,2.72265625,-4.6845703125,1.28125
0.0095,3.1630859375,-4.484375,0.640625
0.01,3.443359375,-3.923828125,-0.080078125
0.0105,3.763671875,-3.7236328125,-0.640625
0.011,3.8837890625,-2.9228515625,-1.521484375
0.0115,3.923828125,-2.482421875,-1.9619140625
0.012,4.00390625,-1.76171875,-2.7626953125
0.0125,3.283203125,-0.7607421875,-3.04296875
0.013,3.123046875,0.0,-3.5634765625
0.0135,2.40234375,0.9208984375,-3.763671875
0.014,1.9619140625,1.681640625,-4.083984375
0.0145,1.28125,2.2822265625,-4.00390625
0.015,0.6005859375,2.9228515625,-3.923828125
0.0155,-0.2802734375,3.1630859375,-3.283203125
0.016,-0.880859375,3.7236328125,-3.203125
0.0165,-2.001953125,3.84375,-2.2822265625
0.017,-2.5625,4.0439453125,-2.001953125
0.0175,-3.283203125,3.9638671875,-1.2412109375
0.018,-3.603515625,3.6435546875,-0.48046875
0.0185,-3.8837890625,3.283203125,0.2001953125
0.019,-4.1240234375,2.802734375,0.8408203125
0.0195,-4.32421875,2.2421875,1.6416015625
0.02,-4.2041015625,1.6416015625,2.08203125
0.0205,-4.2841796875,0.9609375,2.802734375
0.021,-3.4833984375,-0.080078125,3.04296875
0.0215,-3.4833984375,-0.720703125,3.5634765625
0.022,-2.5625,-1.7216796875,3.68359375
0.0225,-2.2822265625,-2.3623046875,3.9638671875
0.023,-1.4814453125,-2.962890625,3.8037109375
0.0235,-0.80078125,-3.5234375,3.6435546875
0.024,0.0,-3.8037109375,3.1630859375
0.0245,0.720703125,-4.2841796875,2.8427734375
0.025,1.76171875,-4.5244140625,2.0419921875
0.0255,2.2421875,-4.564453125,1.6416015625
0.026,2.9228515625,-4.5244140625,0.9609375
0.0265,3.1630859375,-4.00390625,0.240234375
0.027,3.5634765625,-3.84375,-0.3203125
0.0275,3.68359375,-3.123046875,-1.1611328125
0.028,3.923828125,-2.6826171875,-1.8017578125
0.0285,3.763671875,-1.9619140625,-2.322265625
0.029,3.7236328125,-1.28125,-2.962890625
0.0295,2.8828125,-0.16015625,-3.203125
0.03,2.8427734375,0.400390625,-3.7236328125
0.0305,1.921875,1.521484375,-3.84375
0.031,1.6416015625,1.9619140625,-4.0439453125
0.0315,0.80078125,2.6826171875,-3.8837890625
0.032,0.0400390625,3.123046875,-3.5634765625
0.0325,-0.640625,3.36328125,-3.203125
0.033,-1.5615234375,3.8037109375,-2.6826171875
0.0335,-2.482421875,4.00390625,-2.001953125
0.034,-2.9228515625,3.923828125,-1.44140625
0.0345,-3.603515625,3.8837890625,-0.720703125
0.035,-3.763671875,3.2431640625,0.0400390625
0.0355,-4.1640625,3.1630859375,0.5205078125
0.036,-4.2041015625,2.2421875,1.521484375
0.0365,-4.4443359375,1.921875,2.001953125
0.037,-4.1640625,1.0810546875,2.6025390625
0.0375,-4.00390625,0.3203125,3.1630859375
0.038,-3.2431640625,-0.6806640625,3.36328125
0.0385,-3.0830078125,-1.3212890625,3.8037109375
0.039,-2.162109375,-2.4423828125,3.9638671875
0.0395,-1.76171875,-2.8427734375,3.9638671875
0.04,-0.9208984375,-3.5634765625,3.8037109375
0.0405,-0.16015625,-3.8837890625,3.3232421875
0.041,0.6005859375,-4.2841796875,3.0029296875
0.0415,1.5615234375,-4.564453125,2.2421875
0.042,2.482421875,-4.7646484375,1.6416015625
0.0425,2.8427734375,-4.4443359375,1.0009765625
0.043,3.443359375,-4.3642578125,0.3603515625
0.0435,3.5234375,-3.68359375,-0.400390625
0.044,3.84375,-3.5234375,-0.9609375
0.0445,4.00390625,-2.5625,-1.9619140625
0.045,4.00390625,-2.1220703125,-2.40234375
0.0455,3.7236328125,-1.2412109375,-3.04296875
0.046,3.283203125,-0.3603515625,-3.4033203125
0.0465,2.6826171875,0.560546875,-3.68359375
0.047,2.2421875,1.28125,-3.9638671875
0.0475,1.521484375,2.2822265625,-4.2041015625
0.048,0.9208984375,2.6025390625,-3.923828125
0.0485,0.1201171875,3.283203125,-3.84375
0.049,-0.720703125,3.4833984375,-3.203125
0.0495,-1.361328125,3.84375,-2.962890625
0.05,-2.5224609375,4.1240234375,-2.001953125
0.0505,-3.203125,4.244140625,-1.44140625
0.051,-3.603515625,3.84375,-0.640625
0.0515,-4.1240234375,3.68359375,0.0
0.052,-4.1640625,2.962890625,0.720703125
0.0525,-4.4443359375,2.6826171875,1.28125
0.053,-4.564453125,1.76171875,2.322265625
0.0535,-4.404296875,1.28125,2.642578125
0.054,-4.1640625,0.2802734375,3.3232421875
0.0545,-3.5634765625,-0.640625,3.603515625
0.055,-3.0830078125,-1.4013671875,3.8837890625
0.0555,-2.4423828125,-2.2822265625,4.083984375
0.056,-1.76171875,-3.203125,4.32421875
0.0565,-0.9609375,-3.5634765625,3.8037109375
0.057,-0.240234375,-4.2841796875,3.8037109375
0.0575,0.640625,-4.3642578125,3.0029296875
0.058,1.4013671875,-4.7646484375,2.72265625
0.0585,2.6025390625,-4.96484375,1.7216796875
0.059,3.203125,-4.9248046875,1.12109375
0.0595,3.603515625,-4.4443359375,0.240234375
0.06,4.00390625,-4.2041015625,-0.400390625
0.0605,4.083984375,-3.4833984375,-1.1611328125
0.061,4.244140625,-2.962890625,-1.8017578125
0.0615,4.484375,-2.1220703125,-2.8828125
0.062,3.9638671875,-1.28125,-3.203125
0.0625,3.68359375,-0.3603515625,-3.84375
0.063,2.8828125,0.6005859375,-3.9638671875
0.0635,2.4423828125,1.361328125,-4.2041015625
0.064,1.6015625,2.3623046875,-4.3642578125
0.0645,0.9208984375,3.1630859375,-4.484375
0.065,0.0,3.4033203125,-3.8037109375
0.0655,-0.640625,3.923828125,-3.763671875
0.066,-1.6416015625,4.083984375,-2.8427734375
0.0665,-2.322265625,4.32421875,-2.4423828125
0.067,-3.5634765625,4.484375,-1.4013671875
0.0675,-3.923828125,4.2041015625,-0.720703125
0.068,-4.3642578125,3.8037109375,0.1201171875
0.0685,-4.564453125,3.36328125,0.7607421875
0.069,-4.64453125,2.6826171875,1.44140625
0.0695,-4.6845703125,2.0419921875,2.162109375
0.07,-4.9248046875,1.28125,3.123046875
0.0705,-4.2041015625,0.3203125,3.36328125
0.071,-4.083984375,-0.5205078125,4.00390625
0.0715,-3.203125,-1.44140625,4.0439453125
0.072,-2.8427734375,-2.162109375,4.32421875
0.0725,-1.8818359375,-3.203125,4.404296875
0.073,-1.1611328125,-3.9638671875,4.32421875
0.0735,-0.16015625,-4.244140625,3.68359375
0.074,0.48046875,-4.7646484375,3.603515625
0.0745,1.5615234375,-4.884765625,2.642578125
0.075,2.2421875,-5.125,2.2421875
0.0755,3.4833984375,-5.28515625,1.2412109375
0.076,3.84375,-4.8046875,0.400390625
0.0765,4.2041015625,-4.4443359375,-0.3603515625
0.077,4.404296875,-3.84375,-1.12109375
0.0775,4.5244140625,-3.1630859375,-1.9619140625
0.078,4.484375,-2.3623046875,-2.642578125
0.0785,4.6044921875,-1.6015625,-3.5634765625
0.079,3.7236328125,-0.400390625,-3.8037109375
0.0795,3.5234375,0.3603515625,-4.3642578125
0.08,2.482421875,1.521484375,-4.3642578125
0.0805,2.001953125,2.162109375,-4.6044921875
0.081,1.0810546875,3.1630859375,-4.6044921875
0.0815,0.240234375,3.7236328125,-4.3642578125
0.082,-0.720703125,4.00390625,-3.6435546875
0.0825,-1.44140625,4.4443359375,-3.36328125
0.083,-2.6025390625,4.484375,-2.322265625
0.0835,-3.203125,4.5244140625,-1.8017578125
0.084,-4.2041015625,4.64453125,-0.9208984375
0.0845,-4.3642578125,3.923828125,0.0
0.085,-4.7646484375,3.68359375,0.6005859375
0.0855,-4.8046875,2.8828125,1.44140625
0.086,-4.884765625,2.2421875,2.162109375
0.0865,-4.8046875,1.44140625,2.8427734375
0.087,-4.8447265625,0.720703125,3.5634765625
0.0875,-3.8837890625,-0.48046875,3.763671875
0.088,-3.8037109375,-1.0810546875,4.2841796875
0.0885,-2.72265625,-2.2021484375,4.2841796875
0.089,-2.322265625,-2.8427734375,4.484375
0.0895,-1.361328125,-3.8037109375,4.404296875
0.09,-0.5205078125,-4.2041015625,4.00390625
0.0905,0.2802734375,-4.564453125,3.5634765625
0.091,1.12109375,-4.9248046875,3.1630859375
0.0915,2.2421875,-5.0849609375,2.2421875
0.092,2.8427734375,-5.125,1.6416015625
0.0925,3.763671875,-5.1650390625,0.8408203125
0.093,3.923828125,-4.4443359375,0.0
0.0935,4.3642578125,-4.32421875,-0.640625
0.094,4.484375,-3.36328125,-1.6416015625
0.0945,4.564453125,-2.8427734375,-2.2822265625
0.095,4.484375,-1.9619140625,-3.0830078125
0.0955,4.32421875,-1.1611328125,-3.7236328125
0.096,3.36328125,0.080078125,-3.923828125
0.0965,3.203125,0.7607421875,-4.4443359375
0.097,2.0419921875,1.9619140625,-4.484375
0.0975,1.6416015625,2.5224609375,-4.6044921875
0.098,0.6806640625,3.4833984375,-4.5244140625
0.0985,-0.2802734375,3.8037109375,-3.923828125
0.099,-1.0009765625,4.1240234375,-3.5634765625
0.0995,-2.001953125,4.484375,-2.8427734375
0.1,-2.962890625,4.6044921875,-2.001953125
0.1005,-3.5634765625,4.484375,-1.3212890625
0.101,-4.32421875,4.4443359375,-0.6005859375
0.1015,-4.404296875,3.5634765625,0.3603515625
0.102,-4.7646484375,3.4833984375,0.8408203125
0.1025,-4.8046875,2.40234375,1.921875
0.103,-4.8447265625,1.921875,2.40234375
0.1035,-4.724609375,1.041015625,3.1630859375
0.104,-4.3642578125,0.2001953125,3.6435546875
0.1045,-3.5634765625,-0.9208984375,3.84375
0.105,-3.283203125,-1.5615234375,4.2041015625
0.1055,-2.2822265625,-2.72265625,4.2841796875
0.106,-1.841796875,-3.0830078125,4.32421875
0.1065,-0.9609375,-3.9638671875,4.2041015625
0.107,0.0,-4.2041015625,3.5634765625
0.1075,0.640625,-4.64453125,3.3232421875
0.108,1.76171875,-4.8447265625,2.482421875
0.1085,2.482421875,-5.0048828125,1.921875
0.109,3.123046875,-4.884765625,1.201171875
0.1095,3.7236328125,-4.7646484375,0.48046875
0.11,3.84375,-4.00390625,-0.400390625
0.1105,4.2041015625,-3.8837890625,-0.9208984375
0.111,4.32421875,-2.8828125,-1.9619140625
0.1115,4.32421875,-2.4423828125,-2.40234375
0.112,4.2841796875,-1.5615234375,-3.203125
0.1125,3.68359375,-0.640625,-3.6435546875
0.113,3.123046875,0.3203125,-4.00390625
0.1135,2.642578125,1.12109375,-4.32421875
0.114,1.841796875,2.2421875,-4.484375
0.1145,1.28125,2.6826171875,-4.3642578125
0.115,0.3603515625,3.5234375,-4.244140625
0.1155,-0.6005859375,3.7236328125,-3.5234375
0.116,-1.2412109375,4.1640625,-3.36328125
0.1165,-2.4423828125,4.32421875,-2.2822265625
0.117,-3.0830078125,4.484375,-1.8017578125
0.1175,-3.7236328125,4.244140625,-0.9609375
0.118,-4.2041015625,4.00390625,-0.2001953125
0.1185,-4.32421875,3.2431640625,0.6005859375
0.119,-4.6044921875,3.0029296875,1.12109375
0.1195,-4.6845703125,2.0419921875,2.2021484375
0.12,-4.564453125,1.5615234375,2.5224609375
0.1205,-4.5244140625,0.640625,3.283203125
0.121,-3.7236328125,-0.3603515625,3.4833984375
0.1215,-3.4033203125,-1.1611328125,3.8837890625
0.122,-2.642578125,-2.001953125,4.00390625
0.1225,-2.0419921875,-2.8427734375,4.2041015625
0.123,-1.361328125,-3.283203125,3.9638671875
0.1235,-0.6005859375,-3.9638671875,3.84375
0.124,0.2802734375,-4.1240234375,3.1630859375
0.1245,0.9208984375,-4.564453125,3.04296875
0.125,2.08203125,-4.724609375,1.9619140625
0.1255,2.6025390625,-4.8447265625,1.6015625
0.126,3.203125,-4.6044921875,0.80078125
0.1265,3.5634765625,-4.244140625,0.1201171875
0.127,3.8037109375,-3.8037109375,-0.6005859375
0.1275,3.9638671875,-3.3232421875,-1.2412109375
0.128,4.2041015625,-2.6025390625,-2.1220703125
0.1285,3.9638671875,-2.08203125,-2.5224609375
0.129,3.9638671875,-1.28125,-3.3232421875
0.1295,3.123046875,-0.2001953125,-3.4833984375
0.13,2.962890625,0.6005859375,-4.00390625
0.1305,2.0419921875,1.6015625,-4.1240234375
0.131,1.6416015625,2.2822265625,-4.3642578125
0.1315,0.80078125,2.8427734375,-4.00390625
0.132,0.0400390625,3.4833984375,-3.8837890625
0.1325,-0.8408203125,3.6435546875,-3.203125
0.133,-1.5615234375,4.1240234375,-2.962890625
0.1335,-2.7626953125,4.2841796875,-1.9619140625
0.134,-3.1630859375,4.2041015625,-1.4814453125
0.1345,-3.84375,4.00390625,-0.640625
0.135,-4.0439453125,3.5234375,0.080078125
0.1355,-4.32421875,3.123046875,0.720703125
0.136,-4.4443359375,2.4423828125,1.521484375
0.1365,-4.64453125,1.841796875,2.2822265625
0.137,-4.2841796875,1.0810546875,2.642578125
0.1375,-4.1640625,0.2802734375,3.3232421875
0.138,-3.283203125,-0.720703125,3.4833984375
0.1385,-3.203125,-1.361328125,3.923828125
0.139,-2.2021484375,-2.4423828125,4.00390625
0.1395,-1.8017578125,-2.962890625,4.1240234375
0.14,-0.9208984375,-3.4833984375,3.7236328125
0.1405,-0.2001953125,-4.00390625,3.5234375
0.141,0.6005859375,-4.1640625,2.9228515625
0.1415,1.4013671875,-4.5244140625,2.5224609375
0.142,2.40234375,-4.7646484375,1.7216796875
0.1425,2.72265625,-4.484375,1.1611328125
0.143,3.36328125,-4.404296875,0.4404296875
0.1435,3.4833984375,-3.8037109375,-0.2802734375
0.144,3.84375,-3.5634765625,-0.80078125
0.1445,3.8837890625,-2.802734375,-1.681640625
0.145,4.083984375,-2.40234375,-2.2822265625
0.1455,3.6435546875,-1.4814453125,-2.7626953125
0.146,3.4833984375,-0.6806640625,-3.283203125
0.1465,2.6826171875,0.3203125,-3.4833984375
0.147,2.5625,0.9208984375,-3.8837890625
0.1475,1.6416015625,1.9619140625,-4.083984375
0.148,1.28125,2.40234375,-4.00390625
0.1485,0.3603515625,3.0029296875,-3.8037109375
0.149,-0.3603515625,3.36328125,-3.36328125
0.1495,-1.0810546875,3.68359375,-3.0029296875
0.15,-2.001953125,3.923828125,-2.3623046875
0.1505,-2.8828125,4.2041015625,-1.76171875
0.151,-3.203125,3.84375,-1.041015625
0.1515,-3.84375,3.8037109375,-0.4404296875
0.152,-3.8837890625,3.0830078125,0.3603515625
0.1525,-4.244140625,2.8828125,0.880859375
0.153,-4.32421875,1.9619140625,1.76171875
0.1535,-4.404296875,1.5615234375,2.2421875
0.154,-4.00390625,0.6806640625,2.8427734375
0.1545,-3.763671875,-0.080078125,3.283203125
0.155,-3.0830078125,-1.0009765625,3.5234375
0.1555,-2.7626953125,-1.6416015625,3.84375
0.156,-1.9619140625,-2.642578125,4.00390625
0.1565,-1.44140625,-2.962890625,3.763671875
0.157,-0.640625,-3.6435546875,3.68359375
0.1575,0.1201171875,-3.84375,3.123046875
0.158,0.80078125,-4.2841796875,2.8427734375
0.1585,1.841796875,-4.484375,2.0419921875
0.159,2.5224609375,-4.64453125,1.521484375
0.1595,2.8427734375,-4.2041015625,0.7607421875
0.16,3.36328125,-4.1640625,0.240234375
0.1605,3.4833984375,-3.5634765625,-0.560546875
0.161,3.763671875,-3.283203125,-1.0810546875
0.1615,3.923828125,-2.5224609375,-2.0419921875
0.162,3.8037109375,-1.9619140625,-2.40234375
0.1625,3.4833984375,-1.0009765625,-3.0029296875
0.163,3.0029296875,-0.2001953125,-3.283203125
0.1635,2.5625,0.6005859375,-3.6435546875
0.164,2.0419921875,1.4013671875,-3.84375
0.1645,1.4814453125,2.2421875,-4.1240234375
0.165,0.720703125,2.5625,-3.6435546875
0.1655,0.080078125,3.203125,-3.68359375
0.166,-0.80078125,3.36328125,-3.0029296875
0.1665,-1.44140625,3.8037109375,-2.7626953125
0.167,-2.5625,4.00390625,-1.8818359375
0.1675,-3.0830078125,4.00390625,-1.361328125
0.168,-3.4833984375,3.603515625,-0.560546875
0.1685,-3.84375,3.4033203125,0.0
0.169,-4.00390625,2.802734375,0.6806640625
0.1695,-4.2041015625,2.40234375,1.28125
0.17,-4.484375,1.76171875,2.2021484375
0.1705,-4.083984375,1.041015625,2.5224609375
0.171,-3.8837890625,0.2001953125,3.1630859375
0.1715,-3.2431640625,-0.6806640625,3.36328125
0.172,-2.962890625,-1.4013671875,3.763671875
0.1725,-2.2421875,-2.2822265625,3.8837890625
0.173,-1.681640625,-3.0029296875,4.0439453125
0.1735,-0.8408203125,-3.3232421875,3.5234375
0.174,-0.2802734375,-3.8837890625,3.5234375
0.1745,0.640625,-4.083984375,2.802734375
0.175,1.4013671875,-4.484375,2.482421875
0.1755,2.482421875,-4.6845703125,1.6416015625
0.176,2.8427734375,-4.484375,1.0009765625
0.1765,3.3232421875,-4.244140625,0.2802734375
0.177,3.5634765625,-3.84375,-0.3203125
0.1775,3.763671875,-3.36328125,-1.041015625
0.178,3.84375,-2.72265625,-1.76171875
0.1785,4.1240234375,-2.1220703125,-2.5625
0.179,3.4833984375,-1.1611328125,-2.8828125
0.1795,3.36328125,-0.400390625,-3.4833984375
0.18,2.5625,0.6005859375,-3.603515625
0.1805,2.2822265625,1.28125,-4.00390625
0.181,1.521484375,2.2421875,-4.1240234375
0.1815,0.880859375,2.802734375,-4.083984375
0.182,0.0,3.1630859375,-3.5634765625
0.1825,-0.640625,3.6435546875,-3.4033203125
0.183,-1.6416015625,3.84375,-2.6025390625
0.1835,-2.2822265625,4.083984375,-2.2021484375
0.184,-3.3232421875,4.244140625,-1.361328125
0.1845,-3.603515625,3.7236328125,-0.640625
0.185,-4.0439453125,3.5634765625,0.0
0.1855,-4.1640625,2.9228515625,0.6806640625
0.186,-4.3642578125,2.5224609375,1.4013671875
0.1865,-4.404296875,1.8017578125,2.1220703125
0.187,-4.5244140625,1.201171875,2.8427734375
0.1875,-3.763671875,0.1201171875,3.123046875
0.188,-3.7236328125,-0.5205078125,3.68359375
0.1885,-2.8427734375,-1.521484375,3.7236328125
0.189,-2.5224609375,-2.162109375,4.083984375
0.1895,-1.6416015625,-3.123046875,4.1240234375
0.19,-0.9609375,-3.5634765625,3.84375
0.1905,-0.16015625,-3.9638671875,3.4833984375
0.191,0.6005859375,-4.3642578125,3.1630859375
0.1915,1.5615234375,-4.564453125,2.40234375
0.192,2.2421875,-4.7646484375,1.8818359375
0.1925,3.1630859375,-5.0048828125,1.12109375
0.193,3.4033203125,-4.32421875,0.2802734375
0.1935,3.84375,-4.244140625,-0.3203125
0.194,3.9638671875,-3.4033203125,-1.1611328125
0.1945,4.2041015625,-2.962890625,-1.8017578125
0.195,4.1640625,-2.1220703125,-2.6025390625
0.1955,4.1240234375,-1.44140625,-3.2431640625
0.196,3.3232421875,-0.3203125,-3.5634765625
0.1965,3.1630859375,0.400390625,-4.00390625
0.197,2.2021484375,1.5615234375,-4.1640625
0.1975,1.8017578125,2.2021484375,-4.3642578125
0.198,0.9208984375,3.123046875,-4.3642578125
0.1985,0.0,3.4833984375,-3.8837890625
0.199,-0.720703125,3.84375,-3.5234375
0.1995,-1.7216796875,4.2041015625,-2.9228515625
0.2,-2.642578125,4.3642578125,-2.08203125
0.2005,-3.283203125,4.32421875,-1.521484375
0.201,-4.1240234375,4.32421875,-0.720703125
0.2015,-4.2041015625,3.5234375,0.16015625
0.202,-4.564453125,3.443359375,0.6806640625
0.2025,-4.64453125,2.4423828125,1.76171875
0.203,-4.7646484375,1.9619140625,2.2421875
0.2035,-4.64453125,1.12109375,3.04296875
0.204,-4.3642578125,0.3203125,3.5234375
0.2045,-3.5634765625,-0.7607421875,3.763671875
0.205,-3.3232421875,-1.44140625,4.1240234375
0.2055,-2.2822265625,-2.5625,4.1640625
0.206,-1.841796875,-3.0830078125,4.2841796875
0.2065,-1.0009765625,-3.8837890625,4.2041015625
0.207,0.0,-4.2041015625,3.5634765625
0.2075,0.6005859375,-4.564453125,3.3232421875
0.208,1.681640625,-4.8447265625,2.5224609375
0.2085,2.5224609375,-5.044921875,1.841796875
0.209,3.1630859375,-4.96484375,1.1611328125
0.2095,3.8037109375,-4.8447265625,0.48046875
0.21,3.8837890625,-4.083984375,-0.4404296875
0.2105,4.32421875,-3.923828125,-0.9208984375
0.211,4.404296875,-2.8828125,-2.08203125
0.2115,4.4443359375,-2.4423828125,-2.5224609375
0.212,4.32421875,-1.4814453125,-3.36328125
0.2125,3.84375,-0.560546875,-3.8037109375
0.213,3.1630859375,0.48046875,-4.0439453125
0.2135,2.6826171875,1.3212890625,-4.4443359375
0.214,1.7216796875,2.482421875,-4.564453125
0.2145,1.1611328125,2.9228515625,-4.5244140625
0.215,0.240234375,3.8037109375,-4.3642578125
0.2155,-0.80078125,4.00390625,-3.603515625
0.216,-1.44140625,4.404296875,-3.36328125
0.2165,-2.72265625,4.6044921875,-2.322265625
0.217,-3.5234375,4.6845703125,-1.6015625
0.2175,-4.0439453125,4.404296875,-0.80078125
0.218,-4.64453125,4.2041015625,0.0
0.2185,-4.64453125,3.3232421875,0.880859375
0.219,-4.96484375,3.04296875,1.4013671875
0.2195,-4.96484375,1.8818359375,2.5625
0.22,-4.8046875,1.4013671875,2.9228515625
0.2205,-4.64453125,0.4404296875,3.68359375
0.221,-3.8837890625,-0.6005859375,3.9638671875
0.2215,-3.36328125,-1.44140625,4.1640625
0.222,-2.642578125,-2.322265625,4.32421875
0.2225,-1.8017578125,-3.3232421875,4.484375
0.223,-1.1611328125,-3.68359375,4.1240234375
0.2235,-0.3203125,-4.404296875,4.00390625
0.224,0.6005859375,-4.5244140625,3.203125
0.2245,1.28125,-4.9248046875,3.0029296875
0.225,2.5224609375,-5.0849609375,1.921875
0.2255,3.0830078125,-5.0849609375,1.4013671875
0.226,3.6435546875,-4.8046875,0.560546875
0.2265,4.083984375,-4.5244140625,-0.16015625
0.227,4.1240234375,-3.84375,-0.9609375
0.2275,4.404296875,-3.443359375,-1.5615234375
0.228,4.5244140625,-2.482421875,-2.6025390625
0.2285,4.32421875,-1.921875,-2.9228515625
0.229,4.1640625,-1.0009765625,-3.7236328125
0.2295,3.3232421875,0.1201171875,-3.923828125
0.23,2.962890625,0.9609375,-4.3642578125
0.2305,2.08203125,1.9619140625,-4.484375
0.231,1.44140625,2.8427734375,-4.6845703125
0.2315,0.6005859375,3.283203125,-4.244140625
0.232,-0.2802734375,4.00390625,-4.1240234375
0.2325,-1.201171875,4.083984375,-3.3232421875
0.233,-1.8818359375,4.484375,-3.0830078125
0.2335,-3.203125,4.724609375,-1.8818359375
0.234,-3.763671875,4.6044921875,-1.28125
0.2345,-4.32421875,4.2041015625,-0.3603515625
0.235,-4.64453125,3.84375,0.4404296875
0.2355,-4.7646484375,3.123046875,1.1611328125
0.236,-4.884765625,2.5224609375,1.921875
0.2365,-5.044921875,1.6416015625,2.8828125
0.237,-4.564453125,0.9208984375,3.1630859375
0.2375,-4.4443359375,0.0,3.8837890625
0.238,-3.4833984375,-1.0810546875,4.00390625
0.2385,-3.1630859375,-1.8017578125,4.32421875
0.239,-2.162109375,-2.8828125,4.404296875
0.2395,-1.5615234375,-3.5634765625,4.484375
0.24,-0.640625,-3.923828125,3.8837890625
0.2405,0.1201171875,-4.564453125,3.7236328125
0.241,0.9609375,-4.6044921875,2.9228515625
0.2415,1.7216796875,-4.9248046875,2.5625
0.242,2.962890625,-5.125,1.5615234375
0.2425,3.283203125,-4.8447265625,0.9609375
0.243,3.84375,-4.5244140625,0.1201171875
0.2435,4.0439453125,-4.00390625,-0.6005859375
0.244,4.2041015625,-3.5634765625,-1.201171875
0.2445,4.244140625,-2.802734375,-2.001953125
0.245,4.484375,-2.2021484375,-2.8427734375
0.2455,3.8837890625,-1.28125,-3.123046875
0.246,3.763671875,-0.48046875,-3.84375
0.2465,2.8427734375,0.6005859375,-3.84375
0.247,2.642578125,1.2412109375,-4.2841796875
0.2475,1.6015625,2.40234375,-4.3642578125
0.248,1.12109375,2.8828125,-4.404296875
0.2485,0.16015625,3.36328125,-3.9638671875
0.249,-0.640625,3.84375,-3.7236328125
0.2495,-1.44140625,4.083984375,-3.04296875
0.25,-2.2822265625,4.404296875,-2.5224609375
0.2505,-3.443359375,4.6044921875,-1.6015625
0.251,-3.763671875,4.2041015625,-0.9208984375
0.2515,-4.3642578125,4.0439453125,-0.080078125
0.252,-4.484375,3.3232421875,0.6806640625
0.2525,-4.724609375,2.9228515625,1.28125
0.253,-4.7646484375,2.0419921875,2.2421875
0.2535,-4.884765625,1.44140625,2.9228515625
0.254,-4.2041015625,0.4404296875,3.2431640625
0.2545,-4.083984375,-0.3603515625,3.8837890625
0.255,-3.1630859375,-1.361328125,3.8837890625
0.2555,-2.8427734375,-2.001953125,4.244140625
0.256,-1.8017578125,-3.1630859375,4.32421875
0.2565,-1.2412109375,-3.603515625,4.1240234375
0.257,-0.3203125,-4.1240234375,3.68359375
0.2575,0.4404296875,-4.404296875,3.3232421875
0.258,1.2412109375,-4.564453125,2.72265625
0.2585,2.08203125,-4.8447265625,2.08203125
0.259,3.0830078125,-5.0048828125,1.3212890625
0.2595,3.3232421875,-4.404296875,0.5205078125
0.26,3.84375,-4.3642578125,0.0
0.2605,3.84375,-3.5634765625,-0.8408203125
0.261,4.1240234375,-3.2431640625,-1.361328125
0.2615,4.1240234375,-2.3623046875,-2.2822265625
0.262,4.1240234375,-1.841796875,-2.8828125
0.2625,3.5234375,-0.80078125,-3.2431640625
0.263,3.2431640625,0.0,-3.7236328125
0.2635,2.5224609375,0.880859375,-3.84375
0.264,2.2021484375,1.5615234375,-4.00390625
0.2645,1.361328125,2.5224609375,-4.3642578125
0.265,0.6806640625,2.8427734375,-3.9638671875
0.2655,-0.080078125,3.5234375,-3.8037109375
0.266,-0.9208984375,3.7236328125,-3.203125
0.2665,-1.6416015625,4.083984375,-2.8427734375
0.267,-2.642578125,4.2041015625,-2.001953125
0.2675,-3.4833984375,4.404296875,-1.361328125
0.268,-3.763671875,3.8037109375,-0.48046875
0.2685,-4.244140625,3.763671875,0.080078125
0.269,-4.2841796875,2.9228515625,0.880859375
0.2695,-4.5244140625,2.6025390625,1.44140625
0.27,-4.6845703125,1.76171875,2.4423828125
0.2705,-4.484375,1.12109375,2.8427734375
0.271,-3.9638671875,0.0400390625,3.4033203125
0.2715,-3.603515625,-0.720703125,3.763671875
0.272,-3.0830078125,-1.681640625,3.9638671875
0.2725,-2.40234375,-2.4423828125,4.1240234375
0.273,-1.6015625,-3.36328125,4.2041015625
0.2735,-0.720703125,-3.5634765625,3.68359375
0.274,-0.16015625,-4.1640625,3.6435546875
0.2745,0.7607421875,-4.32421875,2.8427734375
0.275,1.521484375,-4.64453125,2.482421875
0.2755,2.5224609375,-4.7646484375,1.6416015625
0.276,3.0830078125,-4.724609375,1.041015625
0.2765,3.36328125,-4.1640625,0.2001953125
0.277,3.763671875,-4.00390625,-0.3203125
0.2775,3.84375,-3.283203125,-1.12109375
0.278,3.9638671875,-2.8427734375,-1.681640625
0.2785,4.1240234375,-2.1220703125,-2.6025390625
0.279,3.6435546875,-1.28125,-2.8828125
0.2795,3.3232421875,-0.400390625,-3.4033203125
0.28,2.8427734375,0.48046875,-3.6435546875
0.2805,2.2822265625,1.1611328125,-3.923828125
0.281,1.681640625,1.921875,-4.083984375
0.2815,1.0810546875,2.72265625,-4.1640625
0.282,0.16015625,3.0029296875,-3.5634765625
0.2825,-0.3603515625,3.5634765625,-3.5634765625
0.283,-1.361328125,3.68359375,-2.72265625
0.2835,-2.001953125,4.0439453125,-2.4423828125
0.284,-3.04296875,4.1640625,-1.5615234375
0.2845,-3.443359375,3.923828125,-0.9609375
0.285,-3.84375,3.5634765625,-0.16015625
0.2855,-4.083984375,3.2431640625,0.3603515625
0.286,-4.2041015625,2.6025390625,1.12109375
0.2865,-4.3642578125,2.1220703125,1.76171875
0.287,-4.5244140625,1.44140625,2.6025390625
0.2875,-3.923828125,0.5205078125,2.8427734375
0.288,-3.7236328125,-0.2802734375,3.4033203125
0.2885,-3.0830078125,-1.1611328125,3.603515625
0.289,-2.642578125,-1.921875,3.8037109375
0.2895,-1.9619140625,-2.6826171875,3.9638671875
0.29,-1.3212890625,-3.283203125,3.9638671875
0.2905,-0.48046875,-3.603515625,3.443359375
0.291,0.1201171875,-4.1240234375,3.3232421875
0.2915,1.201171875,-4.2841796875,2.5224609375
0.292,1.76171875,-4.564453125,2.162109375
0.2925,2.72265625,-4.6845703125,1.4013671875
0.293,3.04296875,-4.2841796875,0.6806640625
0.2935,3.443359375,-4.083984375,0.0400390625
0.294,3.603515625,-3.5634765625,-0.640625
0.2945,3.84375,-3.0830078125,-1.3212890625
0.295,3.84375,-2.4423828125,-1.9619140625
0.2955,3.9638671875,-1.841796875,-2.6826171875
0.296,3.1630859375,-0.8408203125,-3.0029296875
0.2965,3.1630859375,-0.16015625,-3.5634765625
0.297,2.2021484375,0.7607421875,-3.5634765625
0.2975,2.08203125,1.4814453125,-3.9638671875
0.298,1.3212890625,2.2822265625,-4.00390625
0.2985,0.6005859375,2.802734375,-3.8037109375
0.299,-0.16015625,3.1630859375,-3.4033203125
0.2995,-0.8408203125,3.5634765625,-3.1630859375
0.3,-1.8818359375,3.84375,-2.40234375
0.3005,-2.4423828125,4.00390625,-1.9619140625
0.301,-3.283203125,4.1240234375,-1.28125
0.3015,-3.5634765625,3.5234375,-0.48046875
0.302,-3.9638671875,3.4833984375,0.0400390625
0.3025,-4.0439453125,2.7626953125,0.880859375
0.303,-4.32421875,2.40234375,1.44140625
0.3035,-4.32421875,1.6416015625,2.2021484375
0.304,-4.2841796875,1.041015625,2.7626953125
0.3045,-3.5634765625,-0.1201171875,3.04296875
0.305,-3.4033203125,-0.640625,3.5234375
0.3055,-2.6025390625,-1.681640625,3.68359375
0.306,-2.322265625,-2.2822265625,3.9638671875
0.3065,-1.521484375,-3.0830078125,3.9638671875
0.307,-0.7607421875,-3.4833984375,3.5634765625
0.3075,-0.080078125,-3.8837890625,3.3232421875
0.308,0.80078125,-4.244140625,2.8427734375
0.3085,1.7216796875,-4.484375,2.2021484375
0.309,2.322265625,-4.564453125,1.6416015625
0.3095,3.0029296875,-4.6044921875,1.0009765625
0.31,3.203125,-4.00390625,0.16015625
0.3105,3.6435546875,-3.923828125,-0.2802734375
0.311,3.763671875,-3.0830078125,-1.28125
0.3115,3.9638671875,-2.72265625,-1.8017578125
0.312,3.8837890625,-1.9619140625,-2.5625
0.3125,3.68359375,-1.2412109375,-3.04296875
0.313,2.962890625,-0.2802734375,-3.36328125
0.3135,2.802734375,0.5205078125,-3.7236328125
0.314,1.921875,1.5615234375,-3.9638671875
0.3145,1.5615234375,2.08203125,-4.083984375
0.315,0.80078125,2.8427734375,-4.0439453125
0.3155,-0.1201171875,3.203125,-3.5234375
0.316,-0.6806640625,3.6435546875,-3.36328125
0.3165,-1.8017578125,3.923828125,-2.5625
0.317,-2.5625,4.1240234375,-2.001953125
0.3175,-3.1630859375,4.0439453125,-1.28125
0.318,-3.763671875,3.9638671875,-0.640625
0.3185,-3.8837890625,3.283203125,0.2001953125
0.319,-4.2841796875,3.1630859375,0.640625
0.3195,-4.3642578125,2.2021484375,1.681640625
0.32,-4.484375,1.8017578125,2.1220703125
0.3205,-4.404296875,0.9609375,2.8828125
0.321,-3.8837890625,0.0400390625,3.203125
0.3215,-3.4033203125,-0.80078125,3.6435546875
0.322,-2.9228515625,-1.5615234375,3.84375
0.3225,-2.1220703125,-2.5625,4.083984375
0.323,-1.6015625,-3.0029296875,3.9638671875
0.3235,-0.80078125,-3.7236328125,3.8837890625
0.324,0.0400390625,-3.9638671875,3.2431640625
0.3245,0.640625,-4.404296875,3.123046875
0.325,1.841796875,-4.6044921875,2.162109375
0.3255,2.482421875,-4.7646484375,1.6416015625
0.326,3.04296875,-4.564453125,0.9208984375
0.3265,3.5234375,-4.3642578125,0.240234375
0.327,3.68359375,-3.763671875,-0.48046875
0.3275,3.9638671875,-3.4833984375,-1.041015625
0.328,4.1240234375,-2.6025390625,-2.08203125
0.3285,4.00390625,-2.1220703125,-2.482421875
0.329,3.9638671875,-1.3212890625,-3.2431640625
0.3295,3.2431640625,-0.2802734375,-3.5234375
0.33,2.8828125,0.560546875,-3.8837890625
0.3305,2.162109375,1.521484375,-4.1240234375
0.331,1.5615234375,2.40234375,-4.3642578125
0.3315,0.880859375,2.8427734375,-4.083984375
0.332,0.080078125,3.5234375,-4.00390625
0.3325,-0.80078125,3.68359375,-3.2431640625
0.333,-1.4814453125,4.1640625,-3.0830078125
0.3335,-2.802734375,4.3642578125,-1.9619140625
0.334,-3.36328125,4.404296875,-1.44140625
0.3345,-3.9638671875,4.1240234375,-0.6005859375
0.335,-4.3642578125,3.763671875,0.16015625
0.3355,-4.484375,3.123046875,0.880859375
0.336,-4.64453125,2.5625,1.5615234375
0.3365,-4.8447265625,1.7216796875,2.5625
0.337,-4.5244140625,1.041015625,2.8828125
0.3375,-4.404296875,0.16015625,3.68359375
0.338,-3.5634765625,-0.9208984375,3.84375
0.3385,-3.203125,-1.5615234375,4.1640625
0.339,-2.2421875,-2.642578125,4.2841796875
0.3395,-1.6015625,-3.4033203125,4.3642578125
0.34,-0.7607421875,-3.84375,3.8837890625
0.3405,0.0,-4.4443359375,3.763671875
0.341,0.880859375,-4.5244140625,2.962890625
0.3415,1.5615234375,-4.8447265625,2.642578125
0.342,2.8427734375,-5.044921875,1.5615234375
0.3425,3.283203125,-4.8447265625,0.9609375
0.343,3.84375,-4.5244140625,0.16015625
0.3435,4.0439453125,-4.0439453125,-0.6005859375
0.344,4.1640625,-3.603515625,-1.2412109375
0.3445,4.2841796875,-2.8828125,-2.001953125
0.345,4.484375,-2.2021484375,-2.8828125
0.3455,3.9638671875,-1.28125,-3.203125
0.346,3.84375,-0.4404296875,-3.8837890625
0.3465,2.8427734375,0.640625,-3.923828125
0.347,2.642578125,1.28125,-4.32421875
0.3475,1.6015625,2.482421875,-4.484375
0.348,1.0009765625,3.123046875,-4.5244140625
0.3485,0.0400390625,3.5634765625,-4.00390625
0.349,-0.640625,4.083984375,-3.8037109375
0.3495,-1.6015625,4.2041015625,-3.04296875
0.35,-2.40234375,4.5244140625,-2.5625
0.3505,-3.68359375,4.7646484375,-1.4814453125
0.351,-4.00390625,4.3642578125,-0.7607421875
0.3515,-4.64453125,4.1240234375,0.1201171875
0.352,-4.7646484375,3.4033203125,0.8408203125
0.3525,-4.884765625,2.8828125,1.521484375
0.353,-4.96484375,1.9619140625,2.40234375
0.3535,-5.125,1.28125,3.3232421875
0.354,-4.3642578125,0.2802734375,3.5634765625
0.3545,-4.2041015625,-0.640625,4.2041015625
0.355,-3.203125,-1.6416015625,4.2041015625
0.3555,-2.8427734375,-2.322265625,4.484375
0.356,-1.681640625,-3.5634765625,4.564453125
0.3565,-1.0009765625,-4.0439453125,4.32421875
0.357,0.0,-4.4443359375,3.84375
0.3575,0.6806640625,-4.8447265625,3.4833984375
0.358,1.6416015625,-4.9248046875,2.642578125
0.3585,2.4423828125,-5.125,2.0419921875
0.359,3.603515625,-5.28515625,1.12109375
0.3595,3.8037109375,-4.64453125,0.2802734375
0.36,4.32421875,-4.5244140625,-0.400390625
0.3605,4.2841796875,-3.7236328125,-1.201171875
0.361,4.4443359375,-3.2431640625,-1.8017578125
0.3615,4.4443359375,-2.2822265625,-2.72265625
0.362,4.484375,-1.6015625,-3.4033203125
0.3625,3.68359375,-0.5205078125,-3.68359375
0.363,3.4833984375,0.2802734375,-4.2041015625
0.3635,2.5224609375,1.28125,-4.2041015625
0.364,2.2021484375,1.921875,-4.484375
0.3645,1.1611328125,3.04296875,-4.6044921875
0.365,0.4404296875,3.443359375,-4.2041015625
0.3655,-0.4404296875,3.9638671875,-3.84375
0.366,-1.2412109375,4.2041015625,-3.36328125
0.3665,-2.08203125,4.4443359375,-2.72265625
0.367,-3.0029296875,4.564453125,-2.001953125
0.3675,-4.00390625,4.7646484375,-1.1611328125
0.368,-4.244140625,3.9638671875,-0.240234375
0.3685,-4.7646484375,3.8837890625,0.3603515625
0.369,-4.7646484375,3.0029296875,1.2412109375
0.3695,-4.96484375,2.6025390625,1.841796875
0.37,-5.0048828125,1.6015625,2.8427734375
0.3705,-4.884765625,0.9208984375,3.4833984375
0.371,-4.1240234375,-0.2802734375,3.84375
0.3715,-3.84375,-1.0009765625,4.2841796875
0.372,-2.8828125,-2.001953125,4.32421875
0.3725,-2.4423828125,-2.72265625,4.484375
0.373,-1.4013671875,-3.84375,4.564453125
0.3735,-0.5205078125,-4.1640625,4.00390625
0.374,0.240234375,-4.64453125,3.763671875
0.3745,1.201171875,-4.884765625,3.04296875
0.375,2.0419921875,-5.044921875,2.3623046875
0.3755,2.9228515625,-5.125,1.5615234375
0.376,3.763671875,-5.1650390625,0.80078125
0.3765,3.8837890625,-4.404296875,-0.16015625
0.377,4.32421875,-4.32421875,-0.640625
0.3775,4.32421875,-3.283203125,-1.6015625
0.378,4.3642578125,-2.8427734375,-2.1220703125
0.3785,4.4443359375,-1.921875,-3.0830078125
0.379,4.0439453125,-1.0810546875,-3.4833984375
0.3795,3.4033203125,0.0,-3.84375
0.38,3.0029296875,0.720703125,-4.1640625
0.3805,2.162109375,1.6416015625,-4.244140625
0.381,1.6416015625,2.322265625,-4.3642578125
0.3815,0.8408203125,3.2431640625,-4.4443359375
0.382,-0.16015625,3.5234375,-3.7236328125
0.3825,-0.720703125,4.00390625,-3.68359375
0.383,-1.76171875,4.1640625,-2.802734375
0.3835,-2.482421875,4.404296875,-2.322265625
0.384,-3.36328125,4.404296875,-1.521484375
0.3845,-4.00390625,4.2841796875,-0.80078125
0.385,-4.2041015625,3.6435546875,0.080078125
0.3855,-4.564453125,3.5234375,0.6005859375
0.386,-4.64453125,2.6025390625,1.5615234375
0.3865,-4.7646484375,2.2021484375,2.0419921875
0.387,-4.8447265625,1.3212890625,3.04296875
0.3875,-4.32421875,0.4404296875,3.36328125
0.388,-3.923828125,-0.6005859375,3.8837890625
0.3885,-3.3232421875,-1.361328125,4.083984375
0.389,-2.6025390625,-2.2822265625,4.2841796875
0.3895,-1.9619140625,-3.0029296875,4.32421875
0.39,-1.1611328125,-3.84375,4.32421875
0.3905,-0.2001953125,-4.083984375,3.603515625
0.391,0.4404296875,-4.6044921875,3.5634765625
0.3915,1.6015625,-4.8046875,2.5224609375
0.392,2.2421875,-5.0048828125,2.08203125
0.3925,3.1630859375,-5.0048828125,1.201171875
0.393,3.603515625,-4.7646484375,0.48046875
0.3935,3.84375,-4.1240234375,-0.3203125
0.394,4.1240234375,-3.84375,-0.8408203125
0.3945,4.2041015625,-2.9228515625,-1.841796875
0.395,4.1240234375,-2.4423828125,-2.2822265625
0.3955,4.2841796875,-1.6015625,-3.1630859375
0.396,3.4833984375,-0.6005859375,-3.4033203125
0.3965,3.203125,0.2001953125,-3.8837890625
0.397,2.40234375,1.1611328125,-4.00390625
0.3975,1.921875,1.921875,-4.2041015625
0.398,1.201171875,2.5625,-4.1640625
0.3985,0.48046875,3.203125,-4.0439453125
0.399,-0.4404296875,3.4833984375,-3.4033203125
0.3995,-1.0009765625,3.923828125,-3.3232421875
0.4,-2.2021484375,4.0439453125,-2.322265625
0.4005,-2.6826171875,4.2041015625,-1.9619140625
0.401,-3.5634765625,4.1640625,-1.1611328125
0.4015,-3.84375,3.8037109375,-0.400390625
0.402,-4.1640625,3.4833984375,0.2802734375
0.4025,-4.3642578125,2.962890625,0.9208984375
0.403,-4.5244140625,2.322265625,1.76171875
0.4035,-4.5244140625,1.7216796875,2.2421875
0.404,-4.6044921875,1.0009765625,3.04296875
0.4045,-3.7236328125,-0.1201171875,3.3232421875
0.405,-3.7236328125,-0.720703125,3.84375
0.4055,-2.7626953125,-1.8017578125,3.923828125
0.406,-2.4423828125,-2.482421875,4.2041015625
0.4065,-1.5615234375,-3.203125,4.083984375
0.407,-0.80078125,-3.8037109375,3.8837890625
0.4075,0.080078125,-4.0439453125,3.36328125
0.408,0.8408203125,-4.564453125,3.0830078125
0.4085,1.9619140625,-4.8046875,2.1220703125
0.409,2.4423828125,-4.8447265625,1.7216796875
0.4095,3.2431640625,-4.8046875,0.9609375
0.41,3.4833984375,-4.2041015625,0.1201171875
0.4105,3.84375,-4.00390625,-0.4404296875
0.411,3.9638671875,-3.203125,-1.28125
0.4115,4.1240234375,-2.72265625,-1.9619140625
0.412,3.9638671875,-1.9619140625,-2.5625
0.4125,3.923828125,-1.2412109375,-3.203125
0.413,3.04296875,-0.1201171875,-3.36328125
0.4135,2.962890625,0.48046875,-3.8837890625
0.414,1.921875,1.6015625,-3.9638671875
0.4145,1.6416015625,2.1220703125,-4.1640625
0.415,0.80078125,2.802734375,-4.00390625
0.4155,0.0,3.2431640625,-3.6435546875
0.416,-0.6806640625,3.5234375,-3.2431640625
0.4165,-1.6015625,3.84375,-2.7626953125
0.417,-2.5625,4.083984375,-2.001953125
0.4175,-2.962890625,4.00390625,-1.4814453125
0.418,-3.68359375,4.00390625,-0.80078125
0.4185,-3.84375,3.3232421875,0.0400390625
0.419,-4.2041015625,3.2431640625,0.48046875
0.4195,-4.244140625,2.322265625,1.4013671875
0.42,-4.484375,2.0419921875,1.921875
0.4205,-4.244140625,1.201171875,2.5625
0.421,-4.1240234375,0.48046875,3.0830078125
0.4215,-3.36328125,-0.560546875,3.36328125
0.422,-3.2431640625,-1.1611328125,3.8037109375
0.4225,-2.322265625,-2.2421875,3.8837890625
0.423,-1.9619140625,-2.642578125,4.00390625
0.4235,-1.1611328125,-3.4033203125,3.84375
0.424,-0.3603515625,-3.8037109375,3.4033203125
0.4245,0.3203125,-4.2041015625,3.1630859375
0.425,1.3212890625,-4.5244140625,2.4423828125
0.4255,2.162109375,-4.6845703125,1.921875
0.426,2.642578125,-4.5244140625,1.28125
0.4265,3.2431640625,-4.484375,0.640625
0.427,3.4033203125,-3.84375,-0.16015625
0.4275,3.763671875,-3.7236328125,-0.640625
0.428,3.84375,-2.802734375,-1.6416015625
0.4285,4.00390625,-2.4423828125,-2.08203125
0.429,3.8037109375,-1.5615234375,-2.7626953125
0.4295,3.36328125,-0.720703125,-3.1630859375
0.43,2.8427734375,0.16015625,-3.4833984375
0.4305,2.482421875,0.9208984375,-3.8037109375
0.431,1.76171875,1.8818359375,-4.0439453125
0.4315,1.28125,2.2822265625,-3.923828125
0.432,0.48046875,2.9228515625,-3.84375
0.4325,-0.3203125,3.1630859375,-3.2431640625
0.433,-0.9609375,3.6435546875,-3.203125
0.4335,-2.0419921875,3.84375,-2.2421875
0.434,-2.6826171875,4.1240234375,-1.8017578125
0.4345,-3.203125,3.84375,-1.041015625
0.435,-3.68359375,3.68359375,-0.48046875
0.4355,-3.84375,3.0830078125,0.2802734375
0.436,-4.1640625,2.8828125,0.80078125
0.4365,-4.32421875,2.0419921875,1.76171875
0.437,-4.244140625,1.6416015625,2.1220703125
0.4375,-4.1640625,0.80078125,2.8427734375
0.438,-3.5634765625,-0.1201171875,3.1630859375
0.4385,-3.283203125,-0.880859375,3.5634765625
0.439,-2.642578125,-1.7216796875,3.763671875
0.4395,-2.08203125,-2.5224609375,4.00390625
0.44,-1.44140625,-2.962890625,3.7236328125
0.4405,-0.720703125,-3.68359375,3.68359375
0.441,0.1201171875,-3.8837890625,3.04296875
0.4415,0.7607421875,-4.32421875,2.8828125
0.442,1.921875,-4.5244140625,1.9619140625
0.4425,2.4423828125,-4.6044921875,1.5615234375
0.443,2.962890625,-4.3642578125,0.7607421875
0.4435,3.3232421875,-4.1240234375,0.16015625
0.444,3.5634765625,-3.603515625,-0.5205078125
0.4445,3.763671875,-3.1630859375,-1.1611328125
0.445,3.9638671875,-2.5224609375,-2.0419921875
0.4455,3.763671875,-1.8818359375,-2.40234375
0.446,3.68359375,-1.0810546875,-3.0830078125
0.4465,2.8828125,-0.080078125,-3.283203125
0.447,2.72265625,0.6005859375,-3.763671875
0.4475,1.921875,1.5615234375,-3.8837890625
0.448,1.4814453125,2.2021484375,-4.1640625
0.4485,0.640625,2.642578125,-3.8037109375
0.449,0.0,3.2431640625,-3.7236328125
0.4495,-0.8408203125,3.4833984375,-3.04296875
0.45,-1.5615234375,3.8837890625,-2.72265625
0.4505,-2.72265625,4.1240234375,-1.8017578125
0.451,-3.1630859375,4.00390625,-1.28125
0.4515,-3.7236328125,3.8037109375,-0.5205078125
0.452,-3.923828125,3.3232421875,0.16015625
0.4525,-4.2041015625,2.962890625,0.7607421875
0.453,-4.32421875,2.2822265625,1.5615234375
0.4535,-4.564453125,1.7216796875,2.3623046875
0.454,-4.1240234375,0.9208984375,2.6826171875
0.4545,-4.00390625,0.1201171875,3.36328125
0.455,-3.203125,-0.8408203125,3.5234375
0.4555,-3.04296875,-1.4814453125,3.8837890625
0.456,-2.08203125,-2.6025390625,4.00390625
0.4565,-1.5615234375,-3.203125,4.0439453125
0.457,-0.6806640625,-3.68359375,3.603515625
0.4575,0.0,-4.1240234375,3.443359375
0.458,0.8408203125,-4.2841796875,2.8427734375
0.4585,1.6015625,-4.6044921875,2.3623046875
0.459,2.72265625,-4.8447265625,1.4814453125
0.4595,3.04296875,-4.484375,0.8408203125
0.46,3.6435546875,-4.3642578125,0.16015625
0.4605,3.68359375,-3.7236328125,-0.560546875
0.461,3.9638671875,-3.36328125,-1.1611328125
0.4615,4.00390625,-2.5224609375,-2.0419921875
0.462,4.1640625,-2.001953125,-2.72265625
0.4625,3.5234375,-1.0009765625,-3.0830078125
0.463,3.4033203125,-0.2802734375,-3.603515625
0.4635,2.5224609375,0.720703125,-3.7236328125
0.464,2.322265625,1.28125,-4.1240234375
0.4645,1.361328125,2.40234375,-4.2041015625
0.465,0.7607421875,2.8427734375,-4.0439453125
0.4655,0.0,3.36328125,-3.7236328125
0.466,-0.80078125,3.7236328125,-3.36328125
0.4665,-1.6015625,3.9638671875,-2.7626953125
0.467,-2.5224609375,4.2041015625,-2.1220703125
0.4675,-3.5234375,4.4443359375,-1.361328125
0.468,-3.763671875,3.84375,-0.5205078125
0.4685,-4.3642578125,3.84375,0.0400390625
0.469,-4.3642578125,3.04296875,0.880859375
0.4695,-4.6044921875,2.6826171875,1.44140625
0.47,-4.6845703125,1.76171875,2.4423828125
0.4705,-4.6845703125,1.1611328125,3.04296875
0.471,-4.00390625,0.0400390625,3.443359375
0.4715,-3.84375,-0.6806640625,3.9638671875
0.472,-2.962890625,-1.7216796875,4.00390625
0.4725,-2.5625,-2.4423828125,4.2841796875
0.473,-1.5615234375,-3.5634765625,4.404296875
0.4735,-0.720703125,-3.8837890625,3.9638671875
0.474,0.0400390625,-4.3642578125,3.68359375
0.4745,0.9208984375,-4.64453125,3.0830078125
0.475,1.8017578125,-4.884765625,2.482421875
0.4755,2.6826171875,-5.0048828125,1.681640625
0.476,3.5634765625,-5.125,0.9208984375
0.4765,3.763671875,-4.3642578125,0.0
0.477,4.2041015625,-4.244140625,-0.5205078125
0.4775,4.2041015625,-3.36328125,-1.44140625
0.478,4.32421875,-2.8828125,-2.001953125
0.4785,4.404296875,-1.9619140625,-3.0029296875
0.479,4.1240234375,-1.1611328125,-3.4833984375
0.4795,3.4033203125,-0.080078125,-3.8037109375
0.48,3.04296875,0.640625,-4.1240234375
0.4805,2.2021484375,1.5615234375,-4.244140625
0.481,1.6416015625,2.2421875,-4.404296875
0.4815,0.80078125,3.283203125,-4.484375
0.482,-0.16015625,3.5234375,-3.8037109375
0.4825,-0.7607421875,4.00390625,-3.68359375
0.483,-1.8017578125,4.2041015625,-2.8427734375
0.4835,-2.5224609375,4.4443359375,-2.2822265625
0.484,-3.4833984375,4.484375,-1.44140625
0.4845,-4.1640625,4.484375,-0.7607421875
0.485,-4.3642578125,3.7236328125,0.2001953125
0.4855,-4.7646484375,3.603515625,0.6806640625
0.486,-4.8046875,2.6025390625,1.681640625
0.4865,-4.884765625,2.2021484375,2.2021484375
0.487,-5.0048828125,1.2412109375,3.203125
0.4875,-4.5244140625,0.3603515625,3.6435546875
0.488,-3.923828125,-0.720703125,4.0439453125
0.4885,-3.443359375,-1.5615234375,4.32421875
0.489,-2.5625,-2.6025390625,4.4443359375
0.4895,-1.9619140625,-3.203125,4.484375
0.49,-1.0009765625,-4.2041015625,4.5244140625
0.4905,0.0,-4.4443359375,3.763671875
0.491,0.640625,-4.9248046875,3.603515625
0.4915,1.921875,-5.125,2.5224609375
0.492,2.642578125,-5.28515625,1.9619140625
0.4925,3.5234375,-5.205078125,1.0810546875
0.493,4.1240234375,-5.0048828125,0.2802734375
0.4935,4.2041015625,-4.2041015625,-0.6005859375
0.494,4.5244140625,-3.923828125,-1.201171875
0.4945,4.564453125,-2.8427734375,-2.322265625
0.495,4.484375,-2.2822265625,-2.72265625
0.4955,4.484375,-1.361328125,-3.68359375
0.496,3.7236328125,-0.3603515625,-3.923828125
0.4965,3.1630859375,0.560546875,-4.244140625
0.497,2.482421875,1.4814453125,-4.4443359375
0.4975,1.681640625,2.482421875,-4.5244140625
0.498,1.0009765625,3.0029296875,-4.404296875
0.4985,0.2001953125,3.763671875,-4.32421875
0.499,-0.80078125,3.8837890625,-3.5234375
0.4995,-1.361328125,4.32421875,-3.36328125
0.5,-2.642578125,4.484375,-2.2021484375
0.5005,-3.203125,4.5244140625,-1.8017578125
0.501,-4.00390625,4.484375,-0.9208984375
0.5015,-4.3642578125,4.083984375,-0.16015625
0.502,-4.564453125,3.4833984375,0.6005859375
0.5025,-4.8046875,3.0830078125,1.2412109375
0.503,-4.9248046875,2.2021484375,2.2421875
0.5035,-4.8046875,1.6416015625,2.642578125
0.504,-4.8447265625,0.7607421875,3.5634765625
0.5045,-4.00390625,-0.3603515625,3.763671875
0.505,-3.8037109375,-1.1611328125,4.244140625
0.5055,-2.8427734375,-2.1220703125,4.404296875
0.506,-2.2822265625,-2.962890625,4.564453125
0.5065,-1.44140625,-3.603515625,4.404296875
0.507,-0.6005859375,-4.3642578125,4.244140625
0.5075,0.4404296875,-4.5244140625,3.4833984375
0.508,1.12109375,-5.044921875,3.283203125
0.5085,2.4423828125,-5.1650390625,2.08203125
0.509,2.9228515625,-5.205078125,1.6015625
0.5095,3.763671875,-5.0849609375,0.720703125
0.51,4.1240234375,-4.5244140625,-0.16015625
0.5105,4.32421875,-4.00390625,-0.8408203125
0.511,4.484375,-3.4033203125,-1.6416015625
0.5115,4.6044921875,-2.5625,-2.6025390625
0.512,4.32421875,-1.921875,-3.04296875
0.5125,4.2841796875,-1.0009765625,-3.84375
0.513,3.203125,0.16015625,-3.923828125
0.5135,3.04296875,0.9208984375,-4.3642578125
0.514,1.921875,2.08203125,-4.404296875
0.5145,1.44140625,2.72265625,-4.5244140625
0.515,0.560546875,3.283203125,-4.2041015625
0.5155,-0.3203125,3.8837890625,-3.923828125
0.516,-1.1611328125,3.9638671875,-3.203125
0.5165,-1.921875,4.404296875,-2.8828125
0.517,-3.0830078125,4.484375,-1.8017578125
0.5175,-3.4833984375,4.3642578125,-1.3212890625
0.518,-4.1640625,4.2041015625,-0.5205078125
0.5185,-4.3642578125,3.5634765625,0.3203125
0.519,-4.564453125,3.2431640625,0.880859375
0.5195,-4.64453125,2.4423828125,1.76171875
0.52,-4.8046875,1.841796875,2.482421875
0.5205,-4.5244140625,1.041015625,2.8828125
0.521,-4.4443359375,0.2802734375,3.5634765625
0.5215,-3.4833984375,-0.8408203125,3.7236328125
0.522,-3.4033203125,-1.361328125,4.2041015625
0.5225,-2.2822265625,-2.6025390625,4.244140625
0.523,-1.921875,-3.0830078125,4.3642578125
0.5235,-1.0009765625,-3.8037109375,4.083984375
0.524,-0.16015625,-4.2841796875,3.763671875
0.5245,0.6806640625,-4.5244140625,3.203125
0.525,1.5615234375,-4.884765625,2.72265625
0.5255,2.6826171875,-5.125,1.841796875
0.526,3.04296875,-4.884765625,1.28125
0.5265,3.8037109375,-4.8447265625,0.4404296875
0.527,3.923828125,-4.083984375,-0.400390625
0.5275,4.2841796875,-3.84375,-1.0009765625
0.528,4.32421875,-2.8828125,-2.001953125
0.5285,4.484375,-2.40234375,-2.642578125
0.529,4.00390625,-1.44140625,-3.203125
0.5295,3.84375,-0.6005859375,-3.8037109375
0.53,2.8427734375,0.6005859375,-3.8837890625
0.5305,2.6826171875,1.201171875,-4.2841796875
0.531,1.5615234375,2.40234375,-4.3642578125
0.5315,1.12109375,2.802734375,-4.2841796875
0.532,0.2001953125,3.443359375,-4.00390625
0.5325,-0.640625,3.7236328125,-3.4833984375
0.533,-1.3212890625,3.9638671875,-3.04296875
0.5335,-2.322265625,4.2041015625,-2.322265625
0.534,-3.2431640625,4.404296875,-1.6015625
0.5345,-3.5634765625,3.9638671875,-0.880859375
0.535,-4.1640625,3.8837890625,-0.2001953125
0.5355,-4.1640625,3.123046875,0.6005859375
0.536,-4.484375,2.9228515625,1.0810546875
0.5365,-4.5244140625,1.921875,2.0419921875
0.537,-4.564453125,1.5615234375,2.482421875
0.5375,-4.2041015625,0.6005859375,3.04296875
0.538,-3.8837890625,-0.16015625,3.4833984375
0.5385,-3.203125,-1.12109375,3.7236328125
0.539,-2.8828125,-1.76171875,4.00390625
0.5395,-2.001953125,-2.8427734375,4.1640625
0.54,-1.521484375,-3.123046875,3.9638671875
0.5405,-0.640625,-3.8837890625,3.84375
0.541,0.16015625,-4.083984375,3.2431640625
0.5415,0.8408203125,-4.5244140625,3.04296875
0.542,1.921875,-4.6845703125,2.162109375
0.5425,2.6826171875,-4.9248046875,1.6416015625
0.543,3.0830078125,-4.5244140625,0.8408203125
0.5435,3.68359375,-4.4443359375,0.240234375
0.544,3.8037109375,-3.8037109375,-0.640625
0.5445,4.083984375,-3.5234375,-1.1611328125
0.545,4.2041015625,-2.6025390625,-2.2421875
0.5455,4.1240234375,-2.0419921875,-2.6025390625
0.546,3.8037109375,-1.0009765625,-3.2431640625
0.5465,3.203125,-0.16015625,-3.603515625
0.547,2.6826171875,0.7607421875,-3.8837890625
0.5475,2.1220703125,1.5615234375,-4.1240234375
0.548,1.4814453125,2.482421875,-4.3642578125
0.5485,0.720703125,2.802734375,-3.8837890625
0.549,0.0,3.4833984375,-3.84375
0.5495,-0.9208984375,3.603515625,-3.0830078125
0.55,-1.5615234375,4.00390625,-2.8427734375
0.5505,-2.6826171875,4.1240234375,-1.8818359375
0.551,-3.2431640625,4.1640625,-1.3212890625
0.5515,-3.68359375,3.7236328125,-0.5205078125
0.552,-4.0439453125,3.4833984375,0.0400390625
0.5525,-4.1640625,2.8427734375,0.7607421875
0.553,-4.2841796875,2.40234375,1.3212890625
0.5535,-4.5244140625,1.7216796875,2.2822265625
0.554,-4.1640625,1.12109375,2.5625
0.5545,-4.00390625,0.240234375,3.2431640625
0.555,-3.3232421875,-0.640625,3.4033203125
0.5555,-3.04296875,-1.3212890625,3.84375
0.556,-2.2822265625,-2.2421875,3.8837890625
0.5565,-1.8017578125,-2.962890625,4.083984375
0.557,-1.0009765625,-3.283203125,3.603515625
0.5575,-0.3203125,-3.923828125,3.603515625
0.558,0.560546875,-4.0439453125,2.8828125
0.5585,1.201171875,-4.484375,2.642578125
0.559,2.322265625,-4.6845703125,1.76171875
0.5595,2.72265625,-4.564453125,1.28125
0.56,3.2431640625,-4.32421875,0.4404296875
0.5605,3.5234375,-4.00390625,-0.16015625
0.561,3.763671875,-3.5634765625,-0.880859375
0.5615,3.84375,-2.8828125,-1.5615234375
0.562,4.1240234375,-2.322265625,-2.3623046875
0.5625,3.6435546875,-1.4814453125,-2.642578125
0.563,3.5234375,-0.6806640625,-3.36328125
0.5635,2.72265625,0.3203125,-3.5234375
0.564,2.5625,0.9609375,-3.923828125
0.5645,1.7216796875,1.921875,-4.0439453125
0.565,1.2412109375,2.482421875,-4.1240234375
0.5655,0.3203125,2.9228515625,-3.603515625
0.566,-0.3203125,3.4033203125,-3.5234375
0.5665,-1.1611328125,3.603515625,-2.8427734375
0.567,-1.921875,3.9638671875,-2.4423828125
0.5675,-2.9228515625,4.1640625,-1.6416015625
0.568,-3.203125,3.8037109375,-1.0009765625
0.5685,-3.8037109375,3.6435546875,-0.3603515625
0.569,-3.8837890625,3.04296875,0.3203125
0.5695,-4.1640625,2.72265625,0.9609375
0.57,-4.244140625,2.0419921875,1.7216796875
0.5705,-4.4443359375,1.5615234375,2.40234375
0.571,-3.84375,0.6005859375,2.72265625
0.5715,-3.8037109375,-0.080078125,3.3232421875
0.572,-3.0029296875,-1.041015625,3.443359375
0.5725,-2.802734375,-1.6416015625,3.84375
0.573,-1.9619140625,-2.642578125,3.9638671875
0.5735,-1.4013671875,-3.0830078125,3.8037109375
0.574,-0.6005859375,-3.5634765625,3.5234375
0.5745,0.080078125,-3.923828125,3.203125
0.575,0.9208984375,-4.2041015625,2.6826171875
0.5755,1.7216796875,-4.5244140625,2.162109375
0.576,2.642578125,-4.7646484375,1.44140625
0.5765,2.8828125,-4.244140625,0.6806640625
0.577,3.443359375,-4.2841796875,0.16015625
0.5775,3.5234375,-3.5634765625,-0.6005859375
0.578,3.84375,-3.203125,-1.1611328125
0.5785,3.8837890625,-2.4423828125,-2.001953125
0.579,3.923828125,-1.921875,-2.5625
0.5795,3.3232421875,-0.80078125,-3.0029296875
0.58,3.1630859375,-0.16015625,-3.4833984375
0.5805,2.4423828125,0.7607421875,-3.6435546875
0.581,2.08203125,1.44140625,-4.00390625
0.5815,1.3212890625,2.40234375,-4.1640625
0.582,0.6005859375,2.72265625,-3.7236328125
0.5825,0.0,3.2431640625,-3.5634765625
0.583,-0.9208984375,3.5234375,-3.04296875
0.5835,-1.681640625,3.84375,-2.5625
0.584,-2.5625,3.9638671875,-1.921875
0.5845,-3.283203125,4.083984375,-1.28125
0.585,-3.5634765625,3.4833984375,-0.4404296875
0.5855,-4.00390625,3.5234375,0.0400390625
0.586,-4.083984375,2.72265625,0.880859375
0.5865,-4.32421875,2.40234375,1.4013671875
0.587,-4.4443359375,1.6015625,2.3623046875
0.5875,-4.2041015625,0.9609375,2.72265625
0.588,-3.7236328125,0.0,3.203125
0.5885,-3.36328125,-0.720703125,3.5634765625
0.589,-2.72265625,-1.6416015625,3.8037109375
0.5895,-2.2822265625,-2.322265625,3.9638671875
0.59,-1.5615234375,-3.203125,4.083984375
0.5905,-0.6806640625,-3.5234375,3.5234375
0.591,-0.1201171875,-4.0439453125,3.5234375
0.5915,0.9208984375,-4.244140625,2.7626953125
0.592,1.6015625,-4.64453125,2.2822265625
0.5925,2.5224609375,-4.724609375,1.5615234375
0.593,3.1630859375,-4.6845703125,0.880859375
0.5935,3.4033203125,-4.083984375,0.080078125
0.594,3.8037109375,-3.9638671875,-0.4404296875
0.5945,3.8837890625,-3.0830078125,-1.361328125
0.595,4.00390625,-2.6826171875,-1.8818359375
0.5955,4.1640625,-1.921875,-2.802734375
0.596,3.6435546875,-1.0009765625,-3.1630859375
0.5965,3.203125,-0.080078125,-3.603515625
0.597,2.6826171875,0.7607421875,-3.84375
0.5975,2.0419921875,1.6015625,-4.0439453125
0.598,1.44140625,2.2822265625,-4.1640625
0.5985,0.720703125,3.04296875,-4.1640625
0.599,-0.2001953125,3.3232421875,-3.4833984375
0.5995,-0.7607421875,3.8037109375,-3.4033203125
0.6,-1.9619140625,3.923828125,-2.4423828125
0.6005,-2.5625,4.1240234375,-2.08203125
0.601,-3.36328125,4.1240234375,-1.28125
0.6015,-3.8037109375,3.8837890625,-0.560546875
0.602,-4.0439453125,3.4033203125,0.240234375
0.6025,-4.32421875,3.123046875,0.7607421875
0.603,-4.484375,2.2822265625,1.7216796875
0.6035,-4.484375,1.841796875,2.162109375
0.604,-4.6044921875,1.0810546875,3.04296875
0.6045,-3.8837890625,0.0400390625,3.283203125
0.605,-3.7236328125,-0.720703125,3.84375
0.6055,-2.8828125,-1.681640625,3.9638671875
0.606,-2.3623046875,-2.5224609375,4.2041015625
0.6065,-1.6015625,-3.203125,4.1240234375
0.607,-0.8408203125,-3.8837890625,4.083984375
0.6075,0.080078125,-4.1240234375,3.4033203125
0.608,0.720703125,-4.6845703125,3.2431640625
0.6085,2.001953125,-4.8447265625,2.2021484375
0.609,2.5625,-5.0048828125,1.76171875
0.6095,3.36328125,-4.9248046875,0.9609375
0.61,3.763671875,-4.484375,0.16015625
0.6105,4.00390625,-4.00390625,-0.6005859375
0.611,4.244140625,-3.4833984375,-1.361328125
0.6115,4.3642578125,-2.642578125,-2.2822265625
0.612,4.1640625,-2.001953125,-2.72265625
0.6125,4.2041015625,-1.1611328125,-3.5634765625
0.613,3.2431640625,0.0,-3.7236328125
0.6135,3.04296875,0.6806640625,-4.2041015625
0.614,1.9619140625,1.8818359375,-4.32421875
0.6145,1.4814453125,2.5625,-4.484375
0.615,0.640625,3.1630859375,-4.2041015625
0.6155,-0.2001953125,3.8037109375,-3.9638671875
0.616,-1.041015625,3.84375,-3.2431640625
0.6165,-1.8017578125,4.32421875,-2.962890625
0.617,-3.0029296875,4.404296875,-1.8818359375
0.6175,-3.4833984375,4.32421875,-1.3212890625
0.618,-4.1640625,4.2041015625,-0.5205078125
0.6185,-4.3642578125,3.603515625,0.3203125
0.619,-4.564453125,3.203125,0.9208984375
0.6195,-4.6845703125,2.4423828125,1.76171875
0.62,-4.8447265625,1.8017578125,2.5224609375
0.6205,-4.5244140625,1.0810546875,2.962890625
0.621,-4.484375,0.2802734375,3.68359375
0.6215,-3.5234375,-0.880859375,3.84375
0.622,-3.4033203125,-1.44140625,4.2841796875
0.6225,-2.2822265625,-2.72265625,4.32421875
0.623,-1.841796875,-3.2431640625,4.484375
0.6235,-0.9208984375,-3.923828125,4.1240234375
0.624,0.0,-4.5244140625,3.84375
0.6245,0.80078125,-4.724609375,3.1630859375
0.625,1.7216796875,-5.125,2.72265625
0.6255,2.9228515625,-5.2451171875,1.7216796875
0.626,3.3232421875,-5.044921875,1.12109375
0.6265,4.083984375,-4.9248046875,0.2802734375
0.627,4.2041015625,-4.2041015625,-0.640625
0.6275,4.484375,-3.84375,-1.2412109375
0.628,4.6044921875,-2.8828125,-2.2822265625
0.6285,4.724609375,-2.2021484375,-3.04296875
0.629,4.2041015625,-1.2412109375,-3.4833984375
0.6295,4.00390625,-0.3203125,-4.1640625
0.63,2.9228515625,0.8408203125,-4.2041015625
0.6305,2.6826171875,1.521484375,-4.6044921875
0.631,1.44140625,2.8427734375,-4.64453125
0.6315,0.9208984375,3.2431640625,-4.5244140625
0.632,-0.1201171875,3.84375,-4.1640625
0.6325,-0.9609375,4.1640625,-3.68359375
0.633,-1.7216796875,4.32421875,-3.0029296875
0.6335,-2.6826171875,4.6044921875,-2.322265625
0.634,-3.8037109375,4.724609375,-1.3212890625
0.6345,-4.0439453125,4.2041015625,-0.640625
0.635,-4.6845703125,4.083984375,0.16015625
0.6355,-4.64453125,3.203125,0.9609375
0.636,-4.8447265625,2.9228515625,1.4814453125
0.6365,-4.8447265625,1.8818359375,2.5224609375
0.637,-4.884765625,1.3212890625,3.04296875
0.6375,-4.3642578125,0.3603515625,3.5234375
0.638,-4.1240234375,-0.5205078125,4.00390625
0.6385,-3.203125,-1.521484375,4.1240234375
0.639,-2.8828125,-2.1220703125,4.404296875
0.6395,-1.841796875,-3.36328125,4.484375
0.64,-1.28125,-3.7236328125,4.244140625
0.6405,-0.3603515625,-4.3642578125,4.00390625
0.641,0.5205078125,-4.64453125,3.443359375
0.6415,1.28125,-4.9248046875,3.0029296875
0.642,2.322265625,-5.125,2.162109375
0.6425,3.3232421875,-5.28515625,1.4013671875
0.643,3.603515625,-4.8046875,0.6005859375
0.6435,4.2841796875,-4.6845703125,-0.16015625
0.644,4.32421875,-3.84375,-1.0009765625
0.6445,4.5244140625,-3.5634765625,-1.6015625
0.645,4.64453125,-2.4423828125,-2.72265625
0.6455,4.5244140625,-1.841796875,-3.2431640625
0.646,3.9638671875,-0.6806640625,-3.8037109375
0.6465,3.5234375,0.2001953125,-4.2041015625
0.647,2.6826171875,1.2412109375,-4.32421875
0.6475,2.2421875,1.921875,-4.564453125
0.648,1.2412109375,3.123046875,-4.7646484375
0.6485,0.4404296875,3.36328125,-4.244140625
0.649,-0.400390625,4.083984375,-4.00390625
0.6495,-1.28125,4.2041015625,-3.283203125
0.65,-2.08203125,4.484375,-2.802734375
0.6505,-3.203125,4.6044921875,-1.841796875
0.651,-4.00390625,4.64453125,-1.0810546875
0.6515,-4.244140625,3.923828125,-0.16015625
0.652,-4.724609375,3.84375,0.48046875
0.6525,-4.64453125,2.8828125,1.28125
0.653,-4.8046875,2.5224609375,1.841796875
0.6535,-4.9248046875,1.521484375,2.8828125
0.654,-4.564453125,0.880859375,3.203125
0.6545,-4.1240234375,-0.16015625,3.763671875
0.655,-3.5634765625,-1.0009765625,4.00390625
0.6555,-2.9228515625,-1.8017578125,4.1240234375
0.656,-2.2822265625,-2.642578125,4.244140625
0.6565,-1.5615234375,-3.603515625,4.404296875
0.657,-0.640625,-3.763671875,3.84375
0.6575,0.0,-4.4443359375,3.8037109375
0.658,0.9208984375,-4.5244140625,2.962890625
0.6585,1.5615234375,-4.8447265625,2.642578125
0.659,2.72265625,-5.0048828125,1.6416015625
0.6595,3.3232421875,-5.0048828125,1.0810546875
0.66,3.68359375,-4.4443359375,0.16015625
0.6605,4.083984375,-4.2841796875,-0.400390625
0.661,4.2041015625,-3.5634765625,-1.2412109375
0.6615,4.32421875,-3.04296875,-1.8818359375
0.662,4.5244140625,-2.2021484375,-2.8828125
0.6625,4.083984375,-1.361328125,-3.203125
0.663,3.763671875,-0.3603515625,-3.84375
0.6635,3.04296875,0.6005859375,-4.0439453125
0.664,2.5224609375,1.3212890625,-4.3642578125
0.6645,1.76171875,2.2421875,-4.4443359375
0.665,1.0810546875,3.1630859375,-4.564453125
0.6655,0.0400390625,3.443359375,-3.84375
0.666,-0.6005859375,4.00390625,-3.8037109375
0.6665,-1.6416015625,4.1240234375,-2.8828125
0.667,-2.322265625,4.404296875,-2.482421875
0.6675,-3.4833984375,4.5244140625,-1.4814453125
0.668,-3.8837890625,4.244140625,-0.80078125
0.6685,-4.2841796875,3.763671875,0.080078125
0.669,-4.5244140625,3.36328125,0.640625
0.6695,-4.6044921875,2.642578125,1.44140625
0.67,-4.6044921875,2.0419921875,2.08203125
0.6705,-4.8046875,1.28125,3.0029296875
0.671,-4.083984375,0.3603515625,3.203125
0.6715,-3.8837890625,-0.48046875,3.8037109375
0.672,-3.0830078125,-1.4013671875,3.8037109375
0.6725,-2.72265625,-2.08203125,4.083984375
0.673,-1.841796875,-2.9228515625,4.1240234375
0.6735,-1.2412109375,-3.5634765625,4.1240234375
0.674,-0.3203125,-3.84375,3.5234375
0.6745,0.2802734375,-4.3642578125,3.443359375
0.675,1.28125,-4.484375,2.5625
0.6755,1.921875,-4.7646484375,2.2421875
0.676,2.9228515625,-4.9248046875,1.361328125
0.6765,3.2431640625,-4.484375,0.6806640625
0.677,3.7236328125,-4.2841796875,0.0
0.6775,3.84375,-3.8037109375,-0.6806640625
0.678,4.083984375,-3.2431640625,-1.4013671875
0.6785,4.1240234375,-2.5625,-2.1220703125
0.679,4.32421875,-1.9619140625,-2.9228515625
0.6795,3.5234375,-0.80078125,-3.203125
0.68,3.4833984375,-0.16015625,-3.84375
0.6805,2.5625,0.8408203125,-3.923828125
0.681,2.2822265625,1.5615234375,-4.244140625
0.6815,1.4013671875,2.5224609375,-4.3642578125
0.682,0.6806640625,3.0830078125,-4.1240234375
0.6825,-0.240234375,3.4833984375,-3.6435546875
0.683,-0.9208984375,3.8837890625,-3.36328125
0.6835,-1.9619140625,4.083984375,-2.5224609375
0.684,-2.6025390625,4.2841796875,-2.08203125
0.6845,-3.5634765625,4.404296875,-1.2412109375
0.685,-3.8037109375,3.763671875,-0.400390625
0.6855,-4.244140625,3.603515625,0.2001953125
0.686,-4.32421875,2.8828125,0.9609375
0.6865,-4.5244140625,2.40234375,1.6416015625
0.687,-4.5244140625,1.6015625,2.3623046875
0.6875,-4.5244140625,1.041015625,3.04296875
0.688,-3.68359375,-0.16015625,3.2431640625
0.6885,-3.6435546875,-0.7607421875,3.763671875
0.689,-2.642578125,-1.7216796875,3.8037109375
0.6895,-2.3623046875,-2.322265625,4.083984375
0.69,-1.521484375,-3.203125,4.083984375
0.6905,-0.7607421875,-3.5634765625,3.68359375
0.691,0.0,-4.00390625,3.36328125
0.6915,0.7607421875,-4.32421875,2.9228515625
0.692,1.6416015625,-4.5244140625,2.2421875
0.6925,2.322265625,-4.64453125,1.7216796875
0.693,3.0830078125,-4.724609375,1.0810546875
0.6935,3.2431640625,-4.083984375,0.240234375
0.694,3.7236328125,-4.1240234375,-0.240234375
0.6945,3.8037109375,-3.203125,-1.1611328125
0.695,4.00390625,-2.8828125,-1.6416015625
0.6955,4.00390625,-2.2421875,-2.6025390625
0.696,3.84375,-1.44140625,-2.962890625
0.6965,3.1630859375,-0.400390625,-3.36328125
0.697,3.0029296875,0.3603515625,-3.763671875
0.6975,2.162109375,1.3212890625,-3.923828125
0.698,1.841796875,1.921875,-4.1640625
0.6985,1.0009765625,2.7626953125,-4.1640625
0.699,0.16015625,3.0830078125,-3.6435546875
0.6995,-0.5205078125,3.5634765625,-3.4833984375
0.7,-1.4814453125,3.84375,-2.72265625
0.7005,-2.2421875,4.083984375,-2.2822265625
0.701,-2.962890625,4.083984375,-1.6015625
0.7015,-3.5634765625,4.0439453125,-0.9609375
0.702,-3.763671875,3.4033203125,-0.1201171875
0.7025,-4.1640625,3.36328125,0.3203125
0.703,-4.2041015625,2.4423828125,1.28125
0.7035,-4.4443359375,2.1220703125,1.841796875
0.704,-4.4443359375,1.28125,2.5625
0.7045,-3.923828125,0.560546875,3.0029296875
0.705,-3.5634765625,-0.400390625,3.36328125
0.7055,-3.1630859375,-1.12109375,3.6435546875
0.706,-2.482421875,-2.001953125,3.8837890625
0.7065,-1.9619140625,-2.5625,3.923828125
0.707,-1.28125,-3.283203125,3.8837890625
0.7075,-0.4404296875,-3.5634765625,3.3232421875
0.708,0.16015625,-4.1240234375,3.283203125
0.7085,1.28125,-4.32421875,2.40234375
0.709,1.921875,-4.564453125,2.0419921875
0.7095,2.6025390625,-4.5244140625,1.3212890625
0.71,3.123046875,-4.3642578125,0.720703125
0.7105,3.3232421875,-3.8837890625,0.0
0.711,3.68359375,-3.7236328125,-0.560546875
0.7115,3.84375,-2.962890625,-1.5615234375
0.712,3.8837890625,-2.5625,-1.9619140625
0.7125,3.84375,-1.921875,-2.802734375
0.713,3.283203125,-0.80078125,-3.04296875
0.7135,3.0830078125,0.0,-3.5634765625
0.714,2.40234375,0.9208984375,-3.763671875
0.7145,1.921875,1.7216796875,-4.0439453125
0.715,1.28125,2.2822265625,-4.00390625
0.7155,0.6005859375,2.962890625,-3.8837890625
0.716,-0.3203125,3.203125,-3.283203125
0.7165,-0.9208984375,3.7236328125,-3.203125
0.717,-2.08203125,3.8837890625,-2.2421875
0.7175,-2.6025390625,4.083984375,-1.921875
0.718,-3.283203125,3.9638671875,-1.0810546875
0.7185,-3.68359375,3.603515625,-0.400390625
0.719,-3.923828125,3.203125,0.2802734375
0.7195,-4.1640625,2.802734375,0.9208984375
0.72,-4.3642578125,2.08203125,1.7216796875
0.7205,-4.2041015625,1.6416015625,2.1220703125
0.721,-4.2841796875,0.880859375,2.8828125
0.7215,-3.5634765625,-0.16015625,3.1630859375
0.722,-3.443359375,-0.80078125,3.6435546875
0.7225,-2.5224609375,-1.8017578125,3.763671875
0.723,-2.2021484375,-2.4423828125,4.00390625
0.7235,-1.44140625,-3.04296875,3.8037109375
0.724,-0.720703125,-3.603515625,3.68359375
0.7245,0.1201171875,-3.8837890625,3.123046875
0.725,0.80078125,-4.3642578125,2.9228515625
0.7255,1.921875,-4.564453125,2.001953125
0.726,2.40234375,-4.6044921875,1.6015625
0.7265,3.123046875,-4.5244140625,0.8408203125
0.727,3.36328125,-4.0439453125,0.1201171875
0.7275,3.763671875,-3.84375,-0.5205078125
0.728,3.84375,-3.1630859375,-1.361328125
0.7285,4.083984375,-2.6826171875,-2.1220703125
0.729,3.84375,-1.841796875,-2.5625
0.7295,3.8037109375,-1.12109375,-3.283203125
0.73,2.9228515625,0.0400390625,-3.443359375
0.7305,2.8427734375,0.640625,-3.923828125
0.731,1.8017578125,1.841796875,-4.0439453125
0.7315,1.4814453125,2.3623046875,-4.2041015625
0.732,0.560546875,3.0029296875,-3.923828125
0.7325,-0.240234375,3.4833984375,-3.603515625
0.733,-1.0009765625,3.68359375,-3.0830078125
0.7335,-1.8818359375,4.0439453125,-2.6025390625
0.734,-2.9228515625,4.2841796875,-1.76171875
0.7345,-3.3232421875,4.00390625,-1.1611328125
0.735,-3.9638671875,3.923828125,-0.400390625
0.7355,-4.083984375,3.1630859375,0.3203125
0.736,-4.3642578125,2.962890625,0.880859375
0.7365,-4.404296875,2.0419921875,1.8017578125
0.737,-4.564453125,1.6416015625,2.40234375
0.7375,-4.1640625,0.7607421875,2.8828125
0.738,-4.00390625,0.0400390625,3.443359375
0.7385,-3.203125,-1.0009765625,3.5634765625
0.739,-3.0029296875,-1.6015625,3.9638671875
0.7395,-2.001953125,-2.72265625,4.083984375
0.74,-1.5615234375,-3.0830078125,4.00390625
0.7405,-0.6806640625,-3.763671875,3.8037109375
0.741,0.0400390625,-4.1240234375,3.36328125
0.7415,0.80078125,-4.404296875,2.962890625
0.742,1.76171875,-4.6845703125,2.2822265625
0.7425,2.7626953125,-4.96484375,1.5615234375
0.743,3.123046875,-4.564453125,0.880859375
0.7435,3.763671875,-4.564453125,0.16015625
0.744,3.84375,-3.84375,-0.640625
0.7445,4.1640625,-3.603515625,-1.201171875
0.745,4.2841796875,-2.5625,-2.2822265625
0.7455,4.32421875,-2.0419921875,-2.802734375
0.746,3.84375,-1.0009765625,-3.36328125
0.7465,3.5234375,-0.16015625,-3.84375
0.747,2.72265625,0.880859375,-4.00390625
0.7475,2.3623046875,1.5615234375,-4.3642578125
0.748,1.361328125,2.7626953125,-4.5244140625
0.7485,0.6806640625,3.123046875,-4.1640625
0.749,-0.2001953125,3.8037109375,-3.923828125
0.7495,-1.041015625,3.9638671875,-3.3232421875
0.75,-1.8017578125,4.2841796875,-2.8427734375
0.7505,-2.9228515625,4.484375,-1.9619140625
0.751,-3.84375,4.6044921875,-1.201171875
0.7515,-4.1240234375,3.8837890625,-0.3203125
0.752,-4.64453125,3.8037109375,0.3203125
0.7525,-4.5244140625,2.8828125,1.12109375
0.753,-4.7646484375,2.5224609375,1.7216796875
0.7535,-4.8447265625,1.5615234375,2.802734375
0.754,-4.564453125,0.9208984375,3.1630859375
0.7545,-4.083984375,-0.16015625,3.68359375
0.755,-3.6435546875,-0.9609375,3.9638671875
0.7555,-2.8828125,-1.8017578125,4.083984375
0.756,-2.322265625,-2.5625,4.244140625
0.7565,-1.44140625,-3.5634765625,4.404296875
0.757,-0.6806640625,-3.84375,3.84375
0.7575,0.0400390625,-4.4443359375,3.763671875
0.758,0.9208984375,-4.564453125,3.0029296875
0.7585,1.6015625,-4.884765625,2.6025390625
0.759,2.7626953125,-5.0849609375,1.6416015625
0.7595,3.4833984375,-5.125,1.0009765625
0.76,3.8037109375,-4.5244140625,0.080078125
0.7605,4.244140625,-4.404296875,-0.5205078125
0.761,4.32421875,-3.5234375,-1.3212890625
0.7615,4.484375,-3.0830078125,-1.9619140625
0.762,4.64453125,-2.1220703125,-3.0830078125
0.7625,4.2041015625,-1.28125,-3.4033203125
0.763,3.8037109375,-0.240234375,-4.0439453125
0.7635,3.1630859375,0.6806640625,-4.2841796875
0.764,2.482421875,1.5615234375,-4.5244140625
0.7645,1.76171875,2.5224609375,-4.64453125
0.765,0.9208984375,3.5234375,-4.7646484375
0.7655,-0.16015625,3.763671875,-4.00390625
0.766,-0.80078125,4.32421875,-3.8837890625
0.7665,-1.9619140625,4.484375,-2.8828125
0.767,-2.6826171875,4.6845703125,-2.40234375
0.7675,-3.84375,4.7646484375,-1.4013671875
0.768,-4.4443359375,4.484375,-0.5205078125
0.7685,-4.64453125,3.8037109375,0.3203125
0.769,-4.96484375,3.5234375,0.9609375
0.7695,-4.96484375,2.5625,1.921875
0.77,-4.9248046875,1.9619140625,2.4423828125
0.7705,-5.044921875,1.0810546875,3.4833984375
0.771,-4.3642578125,0.1201171875,3.68359375
0.7715,-3.923828125,-0.80078125,4.1640625
0.772,-3.203125,-1.681640625,4.244140625
0.7725,-2.5625,-2.482421875,4.404296875
0.773,-1.7216796875,-3.3232421875,4.404296875
0.7735,-0.9208984375,-4.1240234375,4.404296875
0.774,0.0,-4.2841796875,3.603515625
0.7745,0.6005859375,-4.8046875,3.5234375
0.775,1.7216796875,-4.884765625,2.5224609375
0.7755,2.322265625,-5.125,2.08203125
0.776,3.4033203125,-5.205078125,1.1611328125
0.7765,3.8037109375,-4.8447265625,0.400390625
0.777,4.1240234375,-4.3642578125,-0.3603515625
0.7775,4.32421875,-3.923828125,-1.0009765625
0.778,4.4443359375,-3.1630859375,-1.8818359375
0.7785,4.4443359375,-2.5224609375,-2.482421875
0.779,4.6044921875,-1.7216796875,-3.4033203125
0.7795,3.8037109375,-0.6005859375,-3.68359375
0.78,3.5634765625,0.2001953125,-4.244140625
0.7805,2.6826171875,1.28125,-4.3642578125
0.781,2.2021484375,2.0419921875,-4.64453125
0.7815,1.28125,2.9228515625,-4.6044921875
0.782,0.48046875,3.68359375,-4.484375
0.7825,-0.6005859375,3.923828125,-3.7236328125
0.783,-1.2412109375,4.4443359375,-3.5634765625
0.7835,-2.482421875,4.5244140625,-2.482421875
0.784,-3.0830078125,4.64453125,-2.001953125
0.7845,-4.1240234375,4.64453125,-1.041015625
0.785,-4.404296875,4.1240234375,-0.16015625
0.7855,-4.724609375,3.68359375,0.6005859375
0.786,-4.884765625,3.04296875,1.3212890625
0.7865,-4.96484375,2.2421875,2.2421875
0.787,-4.8447265625,1.5615234375,2.7626953125
0.7875,-4.884765625,0.7607421875,3.603515625
0.788,-3.8837890625,-0.4404296875,3.763671875
0.7885,-3.7236328125,-1.12109375,4.244140625
0.789,-2.642578125,-2.2421875,4.244140625
0.7895,-2.2021484375,-2.8828125,4.4443359375
0.79,-1.28125,-3.68359375,4.32421875
0.7905,-0.48046875,-4.1640625,3.9638671875
0.791,0.3603515625,-4.4443359375,3.36328125
0.7915,1.12109375,-4.8447265625,3.04296875
0.792,2.2421875,-5.0048828125,2.0419921875
0.7925,2.72265625,-5.0048828125,1.5615234375
0.793,3.5634765625,-5.0048828125,0.8408203125
0.7935,3.763671875,-4.32421875,0.0
0.794,4.1240234375,-4.1240234375,-0.6005859375
0.7945,4.2041015625,-3.283203125,-1.4814453125
0.795,4.32421875,-2.7626953125,-2.1220703125
0.7955,4.244140625,-2.001953125,-2.7626953125
0.796,4.1640625,-1.28125,-3.443359375
0.7965,3.2431640625,-0.080078125,-3.68359375
0.797,3.1630859375,0.560546875,-4.2041015625
0.7975,2.1220703125,1.76171875,-4.244140625
0.798,1.8017578125,2.2822265625,-4.484375
0.7985,0.880859375,3.1630859375,-4.404296875
0.799,0.0,3.603515625,-3.923828125
0.7995,-0.80078125,3.923828125,-3.5634765625
0.8,-1.7216796875,4.2841796875,-3.0029296875
0.8005,-2.7626953125,4.484375,-2.162109375
0.801,-3.283203125,4.484375,-1.6015625
0.8015,-4.1240234375,4.4443359375,-0.80078125
0.802,-4.244140625,3.68359375,0.16015625
0.8025,-4.64453125,3.5234375,0.640625
0.803,-4.724609375,2.5224609375,1.76171875
0.8035,-4.8447265625,2.0419921875,2.2822265625
0.804,-4.64453125,1.1611328125,2.962890625
0.8045,-4.4443359375,0.3603515625,3.5234375
0.805,-3.5634765625,-0.7607421875,3.763671875
0.8055,-3.36328125,-1.361328125,4.1240234375
0.806,-2.2822265625,-2.6025390625,4.2041015625
0.8065,-1.8818359375,-3.04296875,4.2841796875
0.807,-1.0009765625,-3.8037109375,4.1240234375
0.8075,-0.1201171875,-4.1640625,3.5234375
0.808,0.6005859375,-4.5244140625,3.1630859375
0.8085,1.6015625,-4.7646484375,2.4423828125
0.809,2.4423828125,-4.884765625,1.841796875
0.8095,2.9228515625,-4.6845703125,1.201171875
0.81,3.5234375,-4.64453125,0.48046875
0.8105,3.6435546875,-3.8837890625,-0.3203125
0.811,4.00390625,-3.8037109375,-0.80078125
0.8115,4.083984375,-2.802734375,-1.841796875
0.812,4.1240234375,-2.4423828125,-2.2421875
0.8125,4.00390625,-1.6015625,-2.962890625
0.813,3.5634765625,-0.720703125,-3.36328125
0.8135,2.962890625,0.240234375,-3.68359375
0.814,2.6025390625,0.9609375,-4.00390625
0.8145,1.841796875,1.9619140625,-4.244140625
0.815,1.4013671875,2.4423828125,-4.2041015625
0.8155,0.5205078125,3.1630859375,-4.1240234375
0.816,-0.400390625,3.443359375,-3.4833984375
0.8165,-1.0009765625,3.8837890625,-3.36328125
0.817,-2.2021484375,4.1240234375,-2.40234375
0.8175,-2.8427734375,4.3642578125,-1.9619140625
0.818,-3.4033203125,4.1240234375,-1.1611328125
0.8185,-3.9638671875,3.9638671875,-0.48046875
0.819,-4.1240234375,3.283203125,0.3603515625
0.8195,-4.484375,3.123046875,0.880859375
0.82,-4.564453125,2.162109375,1.921875
0.8205,-4.564453125,1.76171875,2.322265625
0.821,-4.4443359375,0.80078125,3.0830078125
0.8215,-3.84375,-0.16015625,3.36328125
0.822,-3.36328125,-1.0009765625,3.8037109375
0.8225,-2.7626953125,-1.8017578125,3.9638671875
0.823,-2.08203125,-2.72265625,4.1640625
0.8235,-1.44140625,-3.1630859375,3.923828125
0.824,-0.6806640625,-3.84375,3.84375
0.8245,0.2001953125,-4.0439453125,3.1630859375
0.825,0.80078125,-4.484375,3.0029296875
0.8255,1.9619140625,-4.64453125,2.001953125
0.826,2.5224609375,-4.7646484375,1.5615234375
0.8265,3.0830078125,-4.484375,0.80078125
0.827,3.4833984375,-4.2041015625,0.16015625
0.8275,3.6435546875,-3.68359375,-0.5205078125
0.828,3.84375,-3.283203125,-1.1611328125
0.8285,4.083984375,-2.5625,-2.08203125
0.829,3.84375,-2.001953125,-2.40234375
0.8295,3.8037109375,-1.1611328125,-3.1630859375
0.83,3.04296875,-0.16015625,-3.36328125
0.8305,2.8427734375,0.560546875,-3.84375
0.831,2.001953125,1.521484375,-3.923828125
0.8315,1.6015625,2.162109375,-4.244140625
0.832,0.80078125,2.6025390625,-3.8837890625
0.8325,0.1201171875,3.203125,-3.84375
0.833,-0.720703125,3.443359375,-3.0830078125
0.8335,-1.44140625,3.923828125,-2.8828125
0.834,-2.5625,4.1240234375,-1.9619140625
0.8345,-2.962890625,4.083984375,-1.5615234375
0.835,-3.603515625,3.84375,-0.6806640625
0.8355,-3.84375,3.443359375,0.0
0.836,-4.1240234375,3.04296875,0.6005859375
0.8365,-4.244140625,2.482421875,1.28125
0.837,-4.5244140625,1.921875,2.08203125
0.8375,-4.1640625,1.2412109375,2.4423828125
0.838,-4.1240234375,0.48046875,3.123046875
0.8385,-3.283203125,-0.6005859375,3.3232421875
0.839,-3.203125,-1.1611328125,3.8037109375
0.8395,-2.2822265625,-2.2822265625,3.84375
0.84,-1.9619140625,-2.7626953125,4.0439453125
0.8405,-1.041015625,-3.3232421875,3.6435546875
0.841,-0.400390625,-3.8037109375,3.5234375
0.8415,0.400390625,-4.0439453125,2.962890625
0.842,1.1611328125,-4.404296875,2.6025390625
0.8425,2.2421875,-4.64453125,1.8017578125
0.843,2.5625,-4.484375,1.28125
0.8435,3.203125,-4.3642578125,0.6005859375
0.844,3.36328125,-3.84375,-0.1201171875
0.8445,3.7236328125,-3.5634765625,-0.6806640625
0.845,3.8037109375,-2.8427734375,-1.5615234375
0.8455,4.00390625,-2.40234375,-2.2021484375
0.846,3.5634765625,-1.521484375,-2.6025390625
0.8465,3.4833984375,-0.80078125,-3.203125
0.847,2.6826171875,0.2802734375,-3.4033203125
0.8475,2.5625,0.80078125,-3.84375
0.848,1.681640625,1.8818359375,-4.0439453125
0.8485,1.28125,2.2822265625,-4.0439453125
0.849,0.400390625,2.962890625,-3.7236328125
0.8495,-0.3203125,3.3232421875,-3.36328125
0.85,-1.0810546875,3.6435546875,-2.962890625
0.8505,-1.9619140625,3.8837890625,-2.3623046875
0.851,-2.8828125,4.1240234375,-1.681640625
0.8515,-3.203125,3.763671875,-1.0009765625
0.852,-3.8037109375,3.763671875,-0.400390625
0.8525,-3.84375,3.04296875,0.3603515625
0.853,-4.1640625,2.8427734375,0.880859375
0.8535,-4.244140625,1.9619140625,1.8017578125
0.854,-4.3642578125,1.5615234375,2.2822265625
0.8545,-3.8837890625,0.6005859375,2.802734375
0.855,-3.7236328125,-0.1201171875,3.2431640625
0.8555,-3.04296875,-1.041015625,3.443359375
0.856,-2.72265625,-1.7216796875,3.8037109375
0.8565,-1.9619140625,-2.72265625,3.9638671875
0.857,-1.4013671875,-2.962890625,3.7236328125
0.8575,-0.640625,-3.603515625,3.603515625
0.858,0.1201171875,-3.84375,3.123046875
0.8585,0.8408203125,-4.244140625,2.802734375
0.859,1.841796875,-4.484375,2.0419921875
0.8595,2.5625,-4.6845703125,1.521484375
0.86,2.8828125,-4.2041015625,0.720703125
0.8605,3.443359375,-4.2041015625,0.240234375
0.861,3.5234375,-3.5634765625,-0.6005859375
0.8615,3.84375,-3.2431640625,-1.1611328125
0.862,4.00390625,-2.4423828125,-2.08203125
0.8625,3.8837890625,-1.8818359375,-2.5625
0.863,3.5234375,-0.9208984375,-3.1630859375
0.8635,3.04296875,-0.1201171875,-3.5234375
0.864,2.5625,0.7607421875,-3.8037109375
0.8645,2.0419921875,1.521484375,-4.0439453125
0.865,1.361328125,2.482421875,-4.244140625
0.8655,0.560546875,2.802734375,-3.763671875
0.866,-0.080078125,3.443359375,-3.7236328125
0.8665,-1.0009765625,3.603515625,-3.0029296875
0.867,-1.76171875,3.9638671875,-2.642578125
0.8675,-2.8427734375,4.1640625,-1.8017578125
0.868,-3.443359375,4.1640625,-1.1611328125
0.8685,-3.763671875,3.6435546875,-0.3203125
0.869,-4.1640625,3.4833984375,0.240234375
0.8695,-4.244140625,2.72265625,1.0009765625
0.87,-4.404296875,2.2822265625,1.6015625
0.8705,-4.6044921875,1.521484375,2.5625
0.871,-4.1640625,0.7607421875,2.8828125
0.8715,-3.84375,-0.2001953125,3.443359375
0.872,-3.2431640625,-1.0009765625,3.6435546875
0.8725,-2.7626953125,-1.8017578125,3.84375
0.873,-2.08203125,-2.5625,4.00390625
0.8735,-1.44140625,-3.36328125,4.1240234375
0.874,-0.560546875,-3.603515625,3.4833984375
0.8745,0.0,-4.1640625,3.5234375
0.875,1.0009765625,-4.2841796875,2.6826171875
0.8755,1.681640625,-4.64453125,2.322265625
0.876,2.72265625,-4.8046875,1.44140625
0.8765,3.1630859375,-4.5244140625,0.80078125
0.877,3.5234375,-4.1640625,0.080078125
0.8775,3.8037109375,-3.8837890625,-0.5205078125
0.878,3.9638671875,-3.203125,-1.28125
0.8785,4.0439453125,-2.6826171875,-1.9619140625
0.879,4.2841796875,-1.9619140625,-2.8427734375
0.8795,3.6435546875,-1.041015625,-3.203125
0.88,3.4833984375,-0.2802734375,-3.8037109375
0.8805,2.6826171875,0.720703125,-3.923828125
0.881,2.2421875,1.5615234375,-4.244140625
0.8815,1.4814453125,2.482421875,-4.3642578125
0.882,0.7607421875,3.1630859375,-4.2841796875
0.8825,-0.2001953125,3.4833984375,-3.6435546875
0.883,-0.80078125,4.00390625,-3.5634765625
0.8835,-2.001953125,4.1640625,-2.5625
0.884,-2.642578125,4.404296875,-2.1220703125
0.8845,-3.7236328125,4.484375,-1.2412109375
0.885,-4.0439453125,4.00390625,-0.400390625
0.8855,-4.4443359375,3.6435546875,0.3203125
0.886,-4.64453125,3.123046875,1.0810546875
0.8865,-4.724609375,2.3623046875,1.921875
0.887,-4.6845703125,1.681640625,2.5224609375
0.8875,-4.8046875,0.880859375,3.3232421875
0.888,-3.8837890625,-0.2802734375,3.5234375
0.8885,-3.7236328125,-1.0009765625,4.0439453125
0.889,-2.72265625,-2.001953125,4.1240234375
0.8895,-2.2822265625,-2.6826171875,4.32421875
0.89,-1.4013671875,-3.5234375,4.244140625
0.8905,-0.6005859375,-4.0439453125,3.9638671875
0.891,0.2802734375,-4.2841796875,3.36328125
0.8915,0.9609375,-4.6845703125,3.0830078125
0.892,2.08203125,-4.8447265625,2.0419921875
0.8925,2.6025390625,-4.884765625,1.6416015625
0.893,3.5234375,-4.96484375,0.8408203125
0.8935,3.7236328125,-4.32421875,0.0
0.894,4.083984375,-4.083984375,-0.6005859375
0.8945,4.2041015625,-3.3232421875,-1.44140625
0.895,4.32421875,-2.72265625,-2.1220703125
0.8955,4.244140625,-2.0419921875,-2.7626953125
0.896,4.2841796875,-1.3212890625,-3.5634765625
0.8965,3.3232421875,-0.16015625,-3.7236328125
0.897,3.2431640625,0.6005859375,-4.244140625
0.8975,2.162109375,1.76171875,-4.32421875
0.898,1.76171875,2.40234375,-4.5244140625
0.8985,0.880859375,3.2431640625,-4.484375
0.899,0.0,3.763671875,-4.0439453125
0.8995,-0.9208984375,4.083984375,-3.5634765625
0.9,-1.8017578125,4.484375,-3.0830078125
0.9005,-2.962890625,4.64453125,-2.08203125
0.901,-3.5234375,4.6044921875,-1.521484375
0.9015,-4.404296875,4.564453125,-0.640625
0.902,-4.5244140625,3.8037109375,0.3203125
0.9025,-4.884765625,3.5234375,0.9208984375
0.903,-5.0048828125,2.5224609375,1.9619140625
0.9035,-5.044921875,1.841796875,2.642578125
0.904,-4.8046875,1.0009765625,3.2431640625
0.9045,-4.64453125,0.1201171875,3.923828125
0.905,-3.603515625,-1.0009765625,4.0439453125
0.9055,-3.4033203125,-1.681640625,4.484375
0.906,-2.162109375,-2.962890625,4.484375
0.9065,-1.681640625,-3.443359375,4.484375
0.907,-0.720703125,-4.2041015625,4.2041015625
0.9075,0.2001953125,-4.564453125,3.68359375
0.908,0.9609375,-4.8046875,3.1630859375
0.9085,1.9619140625,-5.0849609375,2.5224609375
0.909,2.962890625,-5.1650390625,1.6015625
0.9095,3.3232421875,-4.9248046875,0.9609375
0.91,4.0439453125,-4.8447265625,0.2001953125
0.9105,4.083984375,-4.00390625,-0.6806640625
0.911,4.3642578125,-3.8037109375,-1.1611328125
0.9115,4.404296875,-2.7626953125,-2.2822265625
0.912,4.4443359375,-2.2822265625,-2.72265625
0.9125,4.1640625,-1.361328125,-3.36328125
0.913,3.84375,-0.5205078125,-3.84375
0.9135,3.0029296875,0.6005859375,-4.00390625
0.914,2.6826171875,1.28125,-4.4443359375
0.9145,1.6416015625,2.482421875,-4.5244140625
0.915,1.2412109375,2.8427734375,-4.484375
0.9155,0.2802734375,3.68359375,-4.32421875
0.916,-0.6806640625,3.9638671875,-3.68359375
0.9165,-1.361328125,4.32421875,-3.3232421875
0.917,-2.5625,4.564453125,-2.4423828125
0.9175,-3.4033203125,4.724609375,-1.7216796875
0.918,-3.8837890625,4.4443359375,-1.0009765625
0.9185,-4.564453125,4.32421875,-0.16015625
0.919,-4.64453125,3.4033203125,0.7607421875
0.9195,-4.96484375,3.1630859375,1.2412109375
0.92,-5.0048828125,2.0419921875,2.4423828125
0.9205,-4.96484375,1.5615234375,2.8427734375
0.921,-4.64453125,0.560546875,3.5634765625
0.9215,-4.1640625,-0.4404296875,4.00390625
0.922,-3.36328125,-1.4013671875,4.1640625
0.9225,-2.8828125,-2.2021484375,4.484375
0.923,-1.8818359375,-3.3232421875,4.564453125
0.9235,-1.28125,-3.68359375,4.2841796875
0.924,-0.3203125,-4.404296875,4.083984375
0.9245,0.560546875,-4.564453125,3.3232421875
0.925,1.28125,-4.884765625,3.0029296875
0.9255,2.4423828125,-5.0849609375,2.001953125
0.926,3.203125,-5.125,1.3212890625
0.9265,3.5634765625,-4.6845703125,0.5205078125
0.927,4.1240234375,-4.5244140625,-0.2001953125
0.9275,4.1240234375,-3.7236328125,-1.0009765625
0.928,4.32421875,-3.443359375,-1.5615234375
0.9285,4.484375,-2.40234375,-2.642578125
0.929,4.2041015625,-1.841796875,-2.9228515625
0.9295,3.9638671875,-0.80078125,-3.603515625
0.93,3.2431640625,0.1201171875,-3.8837890625
0.9305,2.72265625,0.9609375,-4.1640625
0.931,2.08203125,1.841796875,-4.32421875
0.9315,1.4013671875,2.7626953125,-4.5244140625
0.932,0.640625,3.04296875,-4.083984375
0.9325,-0.16015625,3.8037109375,-3.9638671875
0.933,-1.0810546875,3.8837890625,-3.203125
0.9335,-1.681640625,4.2841796875,-2.962890625
0.934,-2.962890625,4.4443359375,-1.921875
0.9345,-3.5234375,4.484375,-1.4013671875
0.935,-4.00390625,4.0439453125,-0.5205078125
0.9355,-4.4443359375,3.763671875,0.16015625
0.936,-4.5244140625,3.04296875,0.9609375
0.9365,-4.6845703125,2.6025390625,1.521484375
0.937,-4.884765625,1.76171875,2.6025390625
0.9375,-4.564453125,1.1611328125,2.8828125
0.938,-4.3642578125,0.2001953125,3.6435546875
0.9385,-3.5634765625,-0.8408203125,3.84375
0.939,-3.2431640625,-1.5615234375,4.2041015625
0.9395,-2.3623046875,-2.5625,4.32421875
0.94,-1.76171875,-3.36328125,4.4443359375
0.9405,-0.880859375,-3.7236328125,3.8837890625
0.941,-0.16015625,-4.3642578125,3.84375
0.9415,0.7607421875,-4.484375,3.04296875
0.942,1.4814453125,-4.8447265625,2.72265625
0.9425,2.72265625,-5.0048828125,1.6416015625
0.943,3.1630859375,-4.8447265625,1.0810546875
0.9435,3.68359375,-4.5244140625,0.2001953125
0.944,3.923828125,-4.1240234375,-0.48046875
0.9445,4.083984375,-3.5634765625,-1.1611328125
0.945,4.1240234375,-2.8427734375,-1.8818359375
0.9455,4.3642578125,-2.2021484375,-2.72265625
0.946,3.8037109375,-1.3212890625,-3.0029296875
0.9465,3.6435546875,-0.5205078125,-3.6435546875
0.947,2.7626953125,0.5205078125,-3.7236328125
0.9475,2.5224609375,1.1611328125,-4.1240234375
0.948,1.6015625,2.162109375,-4.2041015625
0.9485,1.12109375,2.7626953125,-4.244140625
0.949,0.240234375,3.1630859375,-3.7236328125
0.9495,-0.48046875,3.68359375,-3.603515625
0.95,-1.28125,3.8037109375,-2.9228515625
0.9505,-2.001953125,4.1240234375,-2.5224609375
0.951,-3.1630859375,4.32421875,-1.6015625
0.9515,-3.443359375,3.9638671875,-1.0009765625
0.952,-4.0439453125,3.8037109375,-0.2802734375
0.9525,-4.1640625,3.203125,0.400390625
0.953,-4.4443359375,2.8828125,1.0810546875
0.9535,-4.484375,2.1220703125,1.8818359375
0.954,-4.6845703125,1.6015625,2.5625
0.9545,-4.1240234375,0.640625,2.9228515625
0.955,-4.00390625,-0.1201171875,3.5634765625
0.9555,-3.1630859375,-1.12109375,3.68359375
0.956,-2.962890625,-1.76171875,4.083984375
0.9565,-2.001953125,-2.8427734375,4.1640625
0.957,-1.4814453125,-3.2431640625,4.083984375
0.9575,-0.560546875,-3.8037109375,3.68359375
0.958,0.1201171875,-4.1640625,3.4033203125
0.9585,1.0009765625,-4.4443359375,2.802734375
0.959,1.8017578125,-4.6845703125,2.2421875
0.9595,2.802734375,-4.96484375,1.4814453125
0.96,3.0830078125,-4.4443359375,0.6806640625
0.9605,3.6435546875,-4.404296875,0.080078125
0.961,3.68359375,-3.6435546875,-0.640625
0.9615,4.00390625,-3.283203125,-1.28125
0.962,4.0439453125,-2.4423828125,-2.1220703125
0.9625,4.083984375,-1.9619140625,-2.72265625
0.963,3.4833984375,-0.8408203125,-3.0830078125
0.9635,3.283203125,-0.16015625,-3.603515625
0.964,2.482421875,0.80078125,-3.7236328125
0.9645,2.2021484375,1.44140625,-4.0439453125
0.965,1.4013671875,2.4423828125,-4.2041015625
0.9655,0.640625,2.802734375,-3.84375
0.966,-0.080078125,3.3232421875,-3.68359375
0.9665,-0.8408203125,3.5634765625,-3.1630859375
0.967,-1.6416015625,3.8837890625,-2.642578125
0.9675,-2.5224609375,4.0439453125,-1.9619140625
0.968,-3.3232421875,4.1640625,-1.361328125
0.9685,-3.5634765625,3.5234375,-0.5205078125
0.969,-4.0439453125,3.5634765625,0.0
0.9695,-4.083984375,2.8427734375,0.80078125
0.97,-4.32421875,2.5224609375,1.3212890625
0.9705,-4.4443359375,1.7216796875,2.2421875
0.971,-4.2841796875,1.12109375,2.642578125
0.9715,-3.8037109375,0.1201171875,3.1630859375
0.972,-3.5234375,-0.6005859375,3.5234375
0.9725,-2.8828125,-1.44140625,3.68359375
0.973,-2.4423828125,-2.1220703125,3.923828125
0.9735,-1.681640625,-3.0029296875,4.083984375
0.974,-0.9609375,-3.283203125,3.603515625
0.9745,-0.3203125,-3.8837890625,3.5634765625
0.975,0.560546875,-4.1240234375,2.8828125
0.9755,1.28125,-4.5244140625,2.5224609375
0.976,2.2421875,-4.64453125,1.76171875
0.9765,2.802734375,-4.6845703125,1.201171875
0.977,3.123046875,-4.1240234375,0.400390625
0.9775,3.5234375,-4.0439453125,0.0
0.978,3.68359375,-3.3232421875,-0.9208984375
0.9785,3.84375,-2.962890625,-1.44140625
0.979,4.083984375,-2.2421875,-2.3623046875
0.9795,3.6435546875,-1.44140625,-2.72265625
0.98,3.3232421875,-0.560546875,-3.283203125
0.9805,2.8427734375,0.2802734375,-3.5634765625
0.981,2.3623046875,1.0009765625,-3.84375
0.9815,1.76171875,1.841796875,-4.00390625
0.982,1.1611328125,2.5625,-4.1240234375
0.9825,0.2802734375,2.8828125,-3.5234375
0.983,-0.2802734375,3.443359375,-3.5634765625
0.9835,-1.3212890625,3.5634765625,-2.72265625
0.984,-1.9619140625,3.923828125,-2.4423828125
0.9845,-2.8828125,4.00390625,-1.6416015625
0.985,-3.36328125,3.84375,-1.0009765625
0.9855,-3.7236328125,3.4833984375,-0.2001953125
0.986,-3.9638671875,3.203125,0.2802734375
0.9865,-4.1240234375,2.5625,1.12109375
0.987,-4.244140625,2.08203125,1.681640625
0.9875,-4.4443359375,1.44140625,2.5224609375
0.988,-3.84375,0.48046875,2.802734375
0.9885,-3.7236328125,-0.240234375,3.36328125
0.989,-3.0029296875,-1.12109375,3.5234375
0.9895,-2.6025390625,-1.8017578125,3.84375
0.99,-1.9619140625,-2.6025390625,3.8837890625
0.9905,-1.3212890625,-3.203125,3.84375
0.991,-0.5205078125,-3.5234375,3.3232421875
0.9915,0.080078125,-4.0439453125,3.2431640625
0.992,1.12109375,-4.244140625,2.40234375
0.9925,1.76171875,-4.5244140625,2.08203125
0.993,2.6025390625,-4.6044921875,1.361328125
0.9935,2.9228515625,-4.2041015625,0.6806640625
0.994,3.36328125,-4.0439453125,0.080078125
0.9945,3.5234375,-3.5634765625,-0.6005859375
0.995,3.8037109375,-3.0830078125,-1.28125
0.9955,3.84375,-2.4423828125,-1.9619140625
0.996,3.9638671875,-1.841796875,-2.6826171875
0.9965,3.203125,-0.7607421875,-2.962890625
0.997,3.1630859375,-0.1201171875,-3.5634765625
0.9975,2.3623046875,0.9208984375,-3.7236328125
0.998,2.0419921875,1.5615234375,-4.0439453125
0.9985,1.28125,2.40234375,-4.083984375
0.999,0.560546875,2.9228515625,-3.84375
0.9995,-0.2001953125,3.203125,-3.443359375
