wavelength,x,y,z
0.0,3.0830078125,-0.2802734375,-3.3232421875
0.0005,2.3623046875,0.640625,-3.5634765625
0.001,2.162109375,1.28125,-3.923828125
0.0015,1.521484375,2.0419921875,-4.00390625
0.002,0.80078125,2.40234375,-3.603515625
0.0025,0.1201171875,2.962890625,-3.4833984375
0.003,-0.80078125,3.3232421875,-2.8828125
0.0035,-1.6015625,3.68359375,-2.4423828125
0.004,-2.40234375,3.84375,-1.8818359375
0.0045,-3.04296875,3.8837890625,-1.3212890625
0.005,-3.283203125,3.36328125,-0.6005859375
0.0055,-3.8037109375,3.36328125,0.0
0.006,-3.923828125,2.6025390625,0.880859375
0.0065,-4.2841796875,2.40234375,1.4013671875
0.007,-4.404296875,1.681640625,2.2421875
0.0075,-4.1640625,1.041015625,2.6025390625
0.008,-3.7236328125,0.0400390625,3.123046875
0.0085,-3.36328125,-0.720703125,3.443359375
0.009,-2.6826171875,-1.6416015625,3.68359375
0.0095,-2.322265625,-2.2822265625,3.8837890625
0.01,-1.6416015625,-2.962890625,3.9638671875
0.0105,-0.80078125,-3.203125,3.4033203125
0.011,-0.16015625,-3.8037109375,3.3232421875
0.0115,0.9609375,-4.0439453125,2.5224609375
0.012,1.6416015625,-4.4443359375,2.162109375
0.0125,2.40234375,-4.4443359375,1.44140625
0.013,2.8427734375,-4.3642578125,0.9208984375
0.0135,3.123046875,-3.84375,0.16015625
0.014,3.4833984375,-3.68359375,-0.400390625
0.0145,3.68359375,-2.9228515625,-1.361328125
0.015,3.8837890625,-2.6025390625,-1.841796875
0.0155,3.9638671875,-1.9619140625,-2.6025390625
0.016,3.4033203125,-1.041015625,-2.8828125
0.0165,3.123046875,-0.2802734375,-3.36328125
0.017,2.5224609375,0.6005859375,-3.6435546875
0.0175,2.0419921875,1.4013671875,-3.923828125
0.018,1.521484375,2.0419921875,-4.00390625
0.0185,0.880859375,2.642578125,-3.8837890625
0.019,0.0400390625,2.8427734375,-3.283203125
0.0195,-0.640625,3.4833984375,-3.203125
0.02,-1.8017578125,3.6435546875,-2.2822265625
0.0205,-2.40234375,3.9638671875,-1.9619140625
0.021,-3.123046875,3.923828125,-1.2412109375
0.0215,-3.4833984375,3.68359375,-0.640625
0.022,-3.8037109375,3.2431640625,0.1201171875
0.0225,-4.1240234375,2.8427734375,0.7607421875
0.023,-4.3642578125,2.2421875,1.681640625
0.0235,-4.4443359375,1.8017578125,2.162109375
0.024,-4.5244140625,1.12109375,2.8828125
0.0245,-3.763671875,0.0400390625,3.123046875
0.025,-3.603515625,-0.720703125,3.68359375
0.0255,-2.72265625,-1.8017578125,3.8037109375
0.026,-2.322265625,-2.4423828125,4.1240234375
0.0265,-1.6015625,-3.0029296875,3.9638671875
0.027,-0.9208984375,-3.5634765625,3.84375
0.0275,0.0,-3.8037109375,3.1630859375
0.028,0.7607421875,-4.3642578125,2.9228515625
0.0285,1.921875,-4.5244140625,1.9619140625
0.029,2.5224609375,-4.64453125,1.5615234375
0.0295,3.1630859375,-4.5244140625,0.80078125
0.03,3.443359375,-4.083984375,0.080078125
0.0305,3.68359375,-3.7236328125,-0.6005859375
0.031,3.9638671875,-3.0830078125,-1.44140625
0.0315,4.2041015625,-2.5224609375,-2.2822265625
0.032,4.00390625,-1.8818359375,-2.642578125
0.0325,3.9638671875,-1.201171875,-3.36328125
0.033,3.04296875,-0.1201171875,-3.4833984375
0.0335,2.8828125,0.560546875,-4.00390625
0.034,1.921875,1.76171875,-4.0439453125
0.0345,1.5615234375,2.322265625,-4.32421875
0.035,0.720703125,2.8828125,-4.00390625
0.0355,0.0,3.3232421875,-3.7236328125
0.036,-0.880859375,3.5634765625,-3.0830078125
0.0365,-1.7216796875,3.9638671875,-2.642578125
0.037,-2.8828125,4.2041015625,-1.76171875
0.0375,-3.283203125,4.083984375,-1.2412109375
0.038,-3.923828125,3.9638671875,-0.5205078125
0.0385,-4.083984375,3.3232421875,0.2802734375
0.039,-4.4443359375,3.04296875,0.880859375
0.0395,-4.564453125,2.2421875,1.8818359375
0.04,-4.8447265625,1.76171875,2.5224609375
0.0405,-4.484375,0.9609375,2.9228515625
0.041,-4.32421875,0.16015625,3.5634765625
0.0415,-3.4033203125,-1.0009765625,3.68359375
0.042,-3.203125,-1.5615234375,4.1640625
0.0425,-2.162109375,-2.7626953125,4.32421875
0.043,-1.8017578125,-3.203125,4.32421875
0.0435,-0.80078125,-3.8037109375,3.9638671875
0.044,0.0,-4.244140625,3.603515625
0.0445,0.880859375,-4.5244140625,3.04296875
0.045,1.8818359375,-4.8447265625,2.3623046875
0.0455,3.0029296875,-5.125,1.4814453125
0.046,3.3232421875,-4.7646484375,0.80078125
0.0465,3.9638671875,-4.64453125,0.080078125
0.047,4.0439453125,-3.84375,-0.80078125
0.0475,4.32421875,-3.5234375,-1.4013671875
0.048,4.484375,-2.5625,-2.5224609375
0.0485,4.564453125,-2.0419921875,-3.203125
0.049,4.00390625,-1.041015625,-3.5634765625
0.0495,3.7236328125,-0.2001953125,-4.1240234375
0.05,2.72265625,0.9609375,-4.1240234375
0.0505,2.40234375,1.6416015625,-4.4443359375
0.051,1.361328125,2.8427734375,-4.6044921875
0.0515,0.7607421875,3.1630859375,-4.32421875
0.052,-0.16015625,3.7236328125,-3.9638671875
0.0525,-1.0009765625,3.9638671875,-3.36328125
0.053,-1.8017578125,4.2041015625,-2.802734375
0.0535,-2.8828125,4.4443359375,-2.001953125
0.054,-3.84375,4.6044921875,-1.201171875
0.0545,-4.083984375,3.9638671875,-0.400390625
0.055,-4.6044921875,3.8837890625,0.2802734375
0.0555,-4.6044921875,3.0029296875,1.12109375
0.056,-4.8447265625,2.6826171875,1.7216796875
0.0565,-5.044921875,1.6416015625,2.802734375
0.057,-4.96484375,1.12109375,3.2431640625
0.0575,-4.4443359375,0.0400390625,3.7236328125
0.058,-4.00390625,-0.720703125,4.1240234375
0.0585,-3.1630859375,-1.76171875,4.2841796875
0.059,-2.642578125,-2.5224609375,4.5244140625
0.0595,-1.681640625,-3.68359375,4.724609375
0.06,-1.0009765625,-3.8837890625,4.1640625
0.0605,-0.16015625,-4.5244140625,3.9638671875
0.061,0.8408203125,-4.6845703125,3.203125
0.0615,1.6416015625,-5.0048828125,2.6826171875
0.062,2.8427734375,-5.205078125,1.76171875
0.0625,3.7236328125,-5.28515625,0.9609375
0.063,3.8837890625,-4.564453125,0.080078125
0.0635,4.4443359375,-4.484375,-0.560546875
0.064,4.4443359375,-3.5234375,-1.4814453125
0.0645,4.6044921875,-3.0830078125,-2.1220703125
0.065,4.8046875,-2.162109375,-3.3232421875
0.0655,4.484375,-1.4013671875,-3.68359375
0.066,3.923828125,-0.2802734375,-4.1240234375
0.0665,3.3232421875,0.640625,-4.404296875
0.067,2.482421875,1.6015625,-4.5244140625
0.0675,1.8818359375,2.4423828125,-4.6845703125
0.068,1.0009765625,3.4833984375,-4.8447265625
0.0685,0.0,3.68359375,-4.0439453125
0.069,-0.6806640625,4.2041015625,-3.8837890625
0.0695,-1.76171875,4.32421875,-2.962890625
0.07,-2.5625,4.6044921875,-2.4423828125
0.0705,-3.7236328125,4.724609375,-1.44140625
0.071,-4.3642578125,4.6044921875,-0.6806640625
0.0715,-4.5244140625,3.84375,0.240234375
0.072,-4.9248046875,3.6435546875,0.80078125
0.0725,-4.96484375,2.642578125,1.76171875
0.073,-5.044921875,2.162109375,2.3623046875
0.0735,-5.2451171875,1.2412109375,3.443359375
0.074,-4.64453125,0.4404296875,3.68359375
0.0745,-4.244140625,-0.560546875,4.1640625
0.075,-3.5234375,-1.4814453125,4.3642578125
0.0755,-2.8427734375,-2.3623046875,4.5244140625
0.076,-2.08203125,-3.203125,4.6044921875
0.0765,-1.2412109375,-4.083984375,4.64453125
0.077,-0.2802734375,-4.244140625,3.84375
0.0775,0.400390625,-4.8447265625,3.8037109375
0.078,1.6015625,-4.9248046875,2.6826171875
0.0785,2.2822265625,-5.205078125,2.2421875
0.079,3.4833984375,-5.3251953125,1.28125
0.0795,3.9638671875,-5.044921875,0.5205078125
0.08,4.2041015625,-4.4443359375,-0.400390625
0.0805,4.564453125,-4.1240234375,-1.041015625
0.081,4.64453125,-3.203125,-2.08203125
0.0815,4.6845703125,-2.642578125,-2.642578125
0.082,4.9248046875,-1.76171875,-3.68359375
0.0825,4.083984375,-0.720703125,-3.8837890625
0.083,3.7236328125,0.240234375,-4.404296875
0.0835,2.802734375,1.28125,-4.484375
0.084,2.2021484375,2.1220703125,-4.6845703125
0.0845,1.4013671875,2.962890625,-4.7646484375
0.085,0.560546875,3.7236328125,-4.6044921875
0.0855,-0.48046875,3.84375,-3.7236328125
0.086,-1.1611328125,4.404296875,-3.603515625
0.0865,-2.482421875,4.484375,-2.4423828125
0.087,-3.0830078125,4.64453125,-1.9619140625
0.0875,-4.1240234375,4.724609375,-1.0009765625
0.088,-4.3642578125,4.1640625,-0.2802734375
0.0885,-4.64453125,3.6435546875,0.5205078125
0.089,-4.884765625,3.0830078125,1.28125
0.0895,-4.96484375,2.2421875,2.162109375
0.09,-4.96484375,1.7216796875,2.72265625
0.0905,-5.0849609375,0.9609375,3.603515625
0.091,-4.1640625,-0.16015625,3.763671875
0.0915,-4.00390625,-0.9208984375,4.2841796875
0.092,-2.8828125,-2.001953125,4.32421875
0.0925,-2.482421875,-2.72265625,4.5244140625
0.093,-1.6015625,-3.5234375,4.484375
0.0935,-0.8408203125,-4.0439453125,4.2041015625
0.094,0.080078125,-4.244140625,3.5234375
0.0945,0.80078125,-4.724609375,3.2431640625
0.095,2.001953125,-4.8447265625,2.2021484375
0.0955,2.5625,-5.0048828125,1.841796875
0.096,3.4833984375,-5.044921875,0.9609375
0.0965,3.68359375,-4.5244140625,0.16015625
0.097,4.1240234375,-4.2041015625,-0.5205078125
0.0975,4.2841796875,-3.5234375,-1.361328125
0.098,4.484375,-2.8828125,-2.1220703125
0.0985,4.484375,-2.2421875,-2.7626953125
0.099,4.484375,-1.5615234375,-3.4833984375
0.0995,3.5234375,-0.3603515625,-3.68359375
0.1,3.4033203125,0.3603515625,-4.2041015625
0.1005,2.2822265625,1.5615234375,-4.2841796875
0.101,2.001953125,2.162109375,-4.5244140625
0.1015,1.12109375,2.962890625,-4.484375
0.102,0.2802734375,3.4033203125,-4.0439453125
0.1025,-0.6005859375,3.68359375,-3.5234375
0.103,-1.44140625,4.1240234375,-3.0830078125
0.1035,-2.5625,4.2841796875,-2.162109375
0.104,-3.0830078125,4.32421875,-1.681640625
0.1045,-3.8837890625,4.32421875,-0.9208984375
0.105,-4.00390625,3.5634765625,0.0
0.1055,-4.4443359375,3.36328125,0.5205078125
0.106,-4.5244140625,2.5224609375,1.521484375
0.1065,-4.7646484375,2.162109375,2.1220703125
0.107,-4.64453125,1.4013671875,2.7626953125
0.1075,-4.5244140625,0.720703125,3.283203125
0.108,-3.7236328125,-0.3603515625,3.5234375
0.1085,-3.5234375,-1.041015625,3.9638671875
0.109,-2.5224609375,-2.162109375,4.0439453125
0.1095,-2.2822265625,-2.642578125,4.2841796875
0.11,-1.361328125,-3.4033203125,4.1240234375
0.1105,-0.640625,-3.7236328125,3.6435546875
0.111,0.1201171875,-4.1240234375,3.3232421875
0.1115,1.12109375,-4.4443359375,2.6826171875
0.112,2.001953125,-4.6845703125,2.0419921875
0.1125,2.5625,-4.724609375,1.44140625
0.113,3.203125,-4.6845703125,0.80078125
0.1135,3.4033203125,-3.9638671875,0.0400390625
0.114,3.84375,-3.923828125,-0.5205078125
0.1145,3.9638671875,-2.962890625,-1.521484375
0.115,4.1640625,-2.72265625,-2.001953125
0.1155,4.1240234375,-1.9619140625,-2.72265625
0.116,3.8037109375,-1.1611328125,-3.0830078125
0.1165,3.1630859375,-0.16015625,-3.4833984375
0.117,2.8427734375,0.560546875,-3.84375
0.1175,2.0419921875,1.5615234375,-4.0439453125
0.118,1.76171875,2.0419921875,-4.1640625
0.1185,0.9609375,2.72265625,-4.0439453125
0.119,0.1201171875,3.0029296875,-3.4833984375
0.1195,-0.6005859375,3.5634765625,-3.36328125
0.12,-1.681640625,3.763671875,-2.482421875
0.1205,-2.40234375,4.0439453125,-2.1220703125
0.121,-3.0029296875,3.923828125,-1.44140625
0.1215,-3.4833984375,3.84375,-0.80078125
0.122,-3.68359375,3.2431640625,0.0
0.1225,-4.1240234375,3.123046875,0.560546875
0.123,-4.2841796875,2.2822265625,1.521484375
0.1235,-4.4443359375,2.0419921875,1.921875
0.124,-4.4443359375,1.28125,2.642578125
0.1245,-3.8837890625,0.4404296875,2.9228515625
0.125,-3.5634765625,-0.48046875,3.443359375
0.1255,-2.962890625,-1.28125,3.6435546875
0.126,-2.5224609375,-2.08203125,3.9638671875
0.1265,-1.9619140625,-2.5625,3.84375
0.127,-1.28125,-3.203125,3.84375
0.1275,-0.4404296875,-3.4033203125,3.203125
0.128,0.2802734375,-4.00390625,3.1630859375
0.1285,1.361328125,-4.2841796875,2.2021484375
0.129,1.9619140625,-4.564453125,1.9619140625
0.1295,2.6025390625,-4.404296875,1.201171875
0.13,2.962890625,-4.1640625,0.640625
0.1305,3.2431640625,-3.7236328125,-0.1201171875
0.131,3.5634765625,-3.4033203125,-0.7607421875
0.1315,3.8837890625,-2.8427734375,-1.6416015625
0.132,3.8837890625,-2.40234375,-2.0419921875
0.1325,3.8837890625,-1.6416015625,-2.7626953125
0.133,3.1630859375,-0.720703125,-2.962890625
0.1335,3.0029296875,0.0400390625,-3.5634765625
0.134,2.2421875,1.0009765625,-3.7236328125
0.1345,1.9619140625,1.681640625,-4.0439453125
0.135,1.2412109375,2.2021484375,-3.84375
0.1355,0.6005859375,2.6826171875,-3.7236328125
0.136,-0.2802734375,2.962890625,-3.0830078125
0.1365,-1.0009765625,3.4833984375,-2.9228515625
0.137,-2.08203125,3.7236328125,-2.08203125
0.1375,-2.5224609375,3.84375,-1.76171875
0.138,-3.1630859375,3.7236328125,-1.041015625
0.1385,-3.36328125,3.36328125,-0.48046875
0.139,-3.8037109375,3.0830078125,0.240234375
0.1395,-4.00390625,2.5224609375,1.0009765625
0.14,-4.3642578125,2.162109375,1.7216796875
0.1405,-4.2041015625,1.5615234375,2.162109375
0.141,-4.2041015625,0.880859375,2.7626953125
0.1415,-3.4833984375,-0.16015625,3.04296875
0.142,-3.36328125,-0.80078125,3.5634765625
0.1425,-2.5224609375,-1.841796875,3.763671875
0.143,-2.2822265625,-2.3623046875,4.0439453125
0.1435,-1.44140625,-2.9228515625,3.763671875
0.144,-0.80078125,-3.4033203125,3.5634765625
0.1445,0.080078125,-3.8037109375,3.04296875
0.145,0.9609375,-4.244140625,2.6025390625
0.1455,1.9619140625,-4.5244140625,1.921875
0.146,2.40234375,-4.4443359375,1.44140625
0.1465,3.0029296875,-4.3642578125,0.7607421875
0.147,3.1630859375,-3.8037109375,0.0400390625
0.1475,3.603515625,-3.603515625,-0.6005859375
0.148,3.763671875,-2.8427734375,-1.4814453125
0.1485,4.083984375,-2.5224609375,-2.1220703125
0.149,3.7236328125,-1.681640625,-2.5625
0.1495,3.5634765625,-1.0009765625,-3.0830078125
0.15,2.802734375,0.080078125,-3.3232421875
0.1505,2.6025390625,0.720703125,-3.8037109375
0.151,1.76171875,1.8017578125,-4.00390625
0.1515,1.44140625,2.2021484375,-4.00390625
0.152,0.6005859375,2.72265625,-3.7236328125
0.1525,-0.16015625,3.04296875,-3.36328125
0.153,-0.9609375,3.443359375,-2.962890625
0.1535,-1.8818359375,3.763671875,-2.2822265625
0.154,-2.802734375,4.083984375,-1.6416015625
0.1545,-3.123046875,3.68359375,-1.041015625
0.155,-3.68359375,3.68359375,-0.48046875
0.1555,-3.763671875,2.962890625,0.3203125
0.156,-4.1240234375,2.802734375,0.880859375
0.1565,-4.32421875,1.9619140625,1.841796875
0.157,-4.4443359375,1.6416015625,2.2822265625
0.1575,-4.1240234375,0.7607421875,2.802734375
0.158,-3.84375,0.0400390625,3.203125
0.1585,-3.1630859375,-0.9609375,3.4833984375
0.159,-2.802734375,-1.6416015625,3.84375
0.1595,-2.1220703125,-2.6025390625,4.1240234375
0.16,-1.6015625,-2.9228515625,3.84375
0.1605,-0.80078125,-3.603515625,3.763671875
0.161,0.0400390625,-3.8837890625,3.1630859375
0.1615,0.8408203125,-4.32421875,2.8427734375
0.162,1.921875,-4.564453125,2.001953125
0.1625,2.72265625,-4.8046875,1.44140625
0.163,3.04296875,-4.32421875,0.6806640625
0.1635,3.5634765625,-4.244140625,0.1201171875
0.164,3.68359375,-3.5234375,-0.7607421875
0.1645,4.00390625,-3.203125,-1.361328125
0.165,4.244140625,-2.40234375,-2.40234375
0.1655,4.083984375,-1.8818359375,-2.7626953125
0.166,3.7236328125,-0.8408203125,-3.36328125
0.1665,3.1630859375,0.0,-3.6435546875
0.167,2.5625,0.9208984375,-3.8837890625
0.1675,2.001953125,1.76171875,-4.1640625
0.168,1.28125,2.5625,-4.4443359375
0.1685,0.560546875,2.8427734375,-3.84375
0.169,-0.16015625,3.4833984375,-3.8037109375
0.1695,-1.0810546875,3.6435546875,-2.962890625
0.17,-1.8818359375,4.0439453125,-2.6025390625
0.1705,-3.04296875,4.244140625,-1.6416015625
0.171,-3.603515625,4.1640625,-1.041015625
0.1715,-3.8837890625,3.68359375,-0.2001953125
0.172,-4.2841796875,3.4833984375,0.3603515625
0.1725,-4.3642578125,2.6826171875,1.201171875
0.173,-4.5244140625,2.2421875,1.841796875
0.1735,-4.8447265625,1.521484375,2.802734375
0.174,-4.3642578125,0.7607421875,3.04296875
0.1745,-4.083984375,-0.1201171875,3.603515625
0.175,-3.36328125,-1.0009765625,3.8037109375
0.1755,-2.8828125,-1.8017578125,4.083984375
0.176,-2.08203125,-2.6025390625,4.244140625
0.1765,-1.5615234375,-3.5234375,4.32421875
0.177,-0.640625,-3.7236328125,3.68359375
0.1775,0.0,-4.32421875,3.68359375
0.178,1.041015625,-4.4443359375,2.7626953125
0.1785,1.76171875,-4.8046875,2.40234375
0.179,3.0029296875,-5.0849609375,1.44140625
0.1795,3.443359375,-4.8046875,0.7607421875
0.18,3.84375,-4.3642578125,0.0
0.1805,4.1240234375,-4.00390625,-0.720703125
0.181,4.32421875,-3.2431640625,-1.6015625
0.1815,4.4443359375,-2.642578125,-2.322265625
0.182,4.724609375,-1.9619140625,-3.3232421875
0.1825,3.9638671875,-0.9208984375,-3.5634765625
0.183,3.7236328125,0.0,-4.1640625
0.1835,2.7626953125,1.041015625,-4.2041015625
0.184,2.2421875,1.7216796875,-4.564453125
0.1845,1.44140625,2.7626953125,-4.64453125
0.185,0.640625,3.4833984375,-4.64453125
0.1855,-0.3203125,3.68359375,-3.763671875
0.186,-1.0009765625,4.2041015625,-3.5634765625
0.1865,-2.2822265625,4.32421875,-2.4423828125
0.187,-2.962890625,4.484375,-1.9619140625
0.1875,-4.0439453125,4.64453125,-1.041015625
0.188,-4.32421875,4.083984375,-0.2802734375
0.1885,-4.6044921875,3.68359375,0.48046875
0.189,-4.8447265625,3.04296875,1.28125
0.1895,-4.884765625,2.2421875,2.2021484375
0.19,-4.9248046875,1.6015625,2.802734375
0.1905,-5.044921875,0.9208984375,3.6435546875
0.191,-4.1240234375,-0.2001953125,3.763671875
0.1915,-3.923828125,-0.9609375,4.2841796875
0.192,-2.7626953125,-2.08203125,4.2841796875
0.1925,-2.4423828125,-2.802734375,4.484375
0.193,-1.4814453125,-3.8037109375,4.3642578125
0.1935,-0.720703125,-4.1640625,4.2041015625
0.194,0.16015625,-4.404296875,3.5634765625
0.1945,0.9609375,-4.8447265625,3.2431640625
0.195,2.162109375,-5.0048828125,2.2021484375
0.1955,2.802734375,-5.125,1.7216796875
0.196,3.8037109375,-5.2451171875,0.8408203125
0.1965,3.9638671875,-4.5244140625,0.0
0.197,4.3642578125,-4.244140625,-0.640625
0.1975,4.564453125,-3.4833984375,-1.6416015625
0.198,4.724609375,-2.802734375,-2.4423828125
0.1985,4.64453125,-2.08203125,-3.0830078125
0.199,4.6845703125,-1.28125,-3.8837890625
0.1995,3.6435546875,0.0,-4.00390625
0.2,3.4033203125,0.6806640625,-4.5244140625
0.2005,2.2421875,1.9619140625,-4.64453125
0.201,1.8818359375,2.6826171875,-4.8447265625
0.2015,0.880859375,3.5234375,-4.724609375
0.202,-0.080078125,3.9638671875,-4.244140625
0.2025,-1.0009765625,4.1640625,-3.5634765625
0.203,-1.9619140625,4.64453125,-3.0830078125
0.2035,-3.203125,4.724609375,-1.9619140625
0.204,-3.7236328125,4.6845703125,-1.4013671875
0.2045,-4.564453125,4.64453125,-0.5205078125
0.205,-4.64453125,3.8037109375,0.400390625
0.2055,-5.0048828125,3.4833984375,1.041015625
0.206,-5.125,2.482421875,2.162109375
0.2065,-5.1650390625,1.8818359375,2.8427734375
0.207,-5.0048828125,1.0810546875,3.443359375
0.2075,-4.8447265625,0.2802734375,4.0439453125
0.208,-3.8037109375,-1.0009765625,4.1240234375
0.2085,-3.5634765625,-1.681640625,4.564453125
0.209,-2.322265625,-2.962890625,4.6044921875
0.2095,-1.9619140625,-3.4033203125,4.64453125
0.21,-0.9609375,-4.2041015625,4.484375
0.2105,0.0,-4.5244140625,3.8837890625
0.211,0.80078125,-4.8046875,3.3232421875
0.2115,1.841796875,-5.125,2.642578125
0.212,2.9228515625,-5.28515625,1.7216796875
0.2125,3.4033203125,-5.125,1.12109375
0.213,4.1640625,-5.044921875,0.2802734375
0.2135,4.2041015625,-4.1640625,-0.640625
0.214,4.6044921875,-3.9638671875,-1.2412109375
0.2145,4.724609375,-2.8828125,-2.40234375
0.215,4.8046875,-2.40234375,-2.9228515625
0.2155,4.564453125,-1.4814453125,-3.5634765625
0.216,4.32421875,-0.640625,-4.1640625
0.2165,3.2431640625,0.560546875,-4.32421875
0.217,2.962890625,1.28125,-4.7646484375
0.2175,1.76171875,2.6826171875,-4.8046875
0.218,1.361328125,3.0830078125,-4.8046875
0.2185,0.3203125,3.8837890625,-4.5244140625
0.219,-0.6806640625,4.1240234375,-3.84375
0.2195,-1.521484375,4.484375,-3.3232421875
0.22,-2.72265625,4.7646484375,-2.4423828125
0.2205,-3.7236328125,4.884765625,-1.6015625
0.221,-4.1640625,4.5244140625,-0.8408203125
0.2215,-4.8046875,4.404296875,0.0
0.222,-4.8046875,3.443359375,0.9208984375
0.2225,-5.125,3.123046875,1.521484375
0.223,-5.205078125,1.9619140625,2.7626953125
0.2235,-5.1650390625,1.4814453125,3.1630859375
0.224,-4.8447265625,0.48046875,3.7236328125
0.2245,-4.32421875,-0.4404296875,4.1240234375
0.225,-3.443359375,-1.521484375,4.2841796875
0.2255,-2.962890625,-2.2421875,4.564453125
0.226,-1.921875,-3.4033203125,4.64453125
0.2265,-1.361328125,-3.68359375,4.404296875
0.227,-0.48046875,-4.3642578125,4.1640625
0.2275,0.48046875,-4.5244140625,3.4033203125
0.228,1.2412109375,-4.884765625,3.04296875
0.2285,2.4423828125,-5.0849609375,2.001953125
0.229,3.2431640625,-5.2451171875,1.4013671875
0.2295,3.603515625,-4.8447265625,0.640625
0.23,4.1240234375,-4.64453125,-0.080078125
0.2305,4.1240234375,-3.763671875,-1.0009765625
0.231,4.484375,-3.4833984375,-1.5615234375
0.2315,4.6044921875,-2.4423828125,-2.72265625
0.232,4.5244140625,-2.08203125,-3.04296875
0.2325,4.2041015625,-1.12109375,-3.7236328125
0.233,3.5634765625,-0.16015625,-4.00390625
0.2335,2.9228515625,0.9208984375,-4.2841796875
0.234,2.2822265625,1.76171875,-4.5244140625
0.2345,1.5615234375,2.7626953125,-4.7646484375
0.235,0.9208984375,3.04296875,-4.32421875
0.2355,0.0400390625,3.763671875,-4.1640625
0.236,-1.0009765625,3.8837890625,-3.3232421875
0.2365,-1.7216796875,4.3642578125,-3.0830078125
0.237,-2.962890625,4.5244140625,-1.9619140625
0.2375,-3.603515625,4.6044921875,-1.44140625
0.238,-4.0439453125,4.1240234375,-0.5205078125
0.2385,-4.5244140625,3.8837890625,0.16015625
0.239,-4.564453125,3.0830078125,1.0009765625
0.2395,-4.7646484375,2.6826171875,1.6416015625
0.24,-5.0048828125,1.76171875,2.6826171875
0.2405,-4.724609375,1.2412109375,2.9228515625
0.241,-4.5244140625,0.240234375,3.6435546875
0.2415,-3.7236328125,-0.720703125,3.84375
0.242,-3.2431640625,-1.5615234375,4.1640625
0.2425,-2.4423828125,-2.482421875,4.2841796875
0.243,-1.8818359375,-3.2431640625,4.484375
0.2435,-1.0810546875,-3.5234375,3.923828125
0.244,-0.3603515625,-4.1240234375,3.84375
0.2445,0.6005859375,-4.244140625,3.0029296875
0.245,1.3212890625,-4.6845703125,2.72265625
0.2455,2.5224609375,-4.884765625,1.7216796875
0.246,2.9228515625,-4.8447265625,1.2412109375
0.2465,3.443359375,-4.4443359375,0.4404296875
0.247,3.763671875,-4.0439453125,-0.2802734375
0.2475,3.9638671875,-3.5634765625,-1.0009765625
0.248,4.1240234375,-3.04296875,-1.7216796875
0.2485,4.4443359375,-2.4423828125,-2.6025390625
0.249,3.9638671875,-1.76171875,-2.8427734375
0.2495,3.8837890625,-0.8408203125,-3.5634765625
0.25,2.9228515625,0.240234375,-3.6435546875
0.2505,2.7626953125,0.9208984375,-4.1240234375
0.251,1.921875,1.9619140625,-4.2041015625
0.2515,1.521484375,2.482421875,-4.3642578125
0.252,0.6005859375,2.8828125,-3.84375
0.2525,-0.1201171875,3.4033203125,-3.68359375
0.253,-1.0810546875,3.6435546875,-2.9228515625
0.2535,-1.8017578125,3.9638671875,-2.6025390625
0.254,-2.9228515625,4.244140625,-1.76171875
0.2545,-3.203125,3.9638671875,-1.2412109375
0.255,-3.8037109375,3.8037109375,-0.48046875
0.2555,-3.9638671875,3.2431640625,0.2802734375
0.256,-4.2841796875,2.8427734375,0.9208984375
0.2565,-4.4443359375,2.162109375,1.7216796875
0.257,-4.6845703125,1.76171875,2.3623046875
0.2575,-4.1640625,0.9609375,2.6826171875
0.258,-4.1240234375,0.2802734375,3.3232421875
0.2585,-3.203125,-0.8408203125,3.4833984375
0.259,-3.0830078125,-1.44140625,3.8837890625
0.2595,-2.2421875,-2.482421875,4.083984375
0.26,-1.841796875,-2.8427734375,4.00390625
0.2605,-1.0009765625,-3.36328125,3.6435546875
0.261,-0.2802734375,-3.7236328125,3.3232421875
0.2615,0.6005859375,-4.0439453125,2.802734375
0.262,1.44140625,-4.3642578125,2.2822265625
0.2625,2.40234375,-4.64453125,1.6416015625
0.263,2.6025390625,-4.244140625,1.0810546875
0.2635,3.203125,-4.244140625,0.48046875
0.264,3.3232421875,-3.6435546875,-0.3603515625
0.2645,3.763671875,-3.443359375,-0.9609375
0.265,3.923828125,-2.72265625,-1.841796875
0.2655,4.083984375,-2.322265625,-2.322265625
0.266,3.5634765625,-1.3212890625,-2.7626953125
0.2665,3.4033203125,-0.640625,-3.2431640625
0.267,2.642578125,0.400390625,-3.5234375
0.2675,2.4423828125,1.0810546875,-3.923828125
0.268,1.76171875,2.0419921875,-4.2041015625
0.2685,1.201171875,2.2822265625,-3.8837890625
0.269,0.400390625,2.9228515625,-3.7236328125
0.2695,-0.4404296875,3.203125,-3.203125
0.27,-1.2412109375,3.6435546875,-2.802734375
0.2705,-2.2021484375,3.8837890625,-2.1220703125
0.271,-2.9228515625,4.1240234375,-1.5615234375
0.2715,-3.203125,3.5234375,-0.80078125
0.272,-3.7236328125,3.5234375,-0.3203125
0.2725,-3.84375,2.802734375,0.5205078125
0.273,-4.1640625,2.5625,1.041015625
0.2735,-4.3642578125,1.921875,1.9619140625
0.274,-4.244140625,1.44140625,2.2822265625
0.2745,-3.8837890625,0.48046875,2.8427734375
0.275,-3.5634765625,-0.2802734375,3.203125
0.2755,-2.962890625,-1.12109375,3.5234375
0.276,-2.6025390625,-1.841796875,3.8037109375
0.2765,-2.001953125,-2.6025390625,4.00390625
0.277,-1.3212890625,-2.8828125,3.5634765625
0.2775,-0.720703125,-3.5634765625,3.5634765625
0.278,0.240234375,-3.7236328125,2.8828125
0.2785,0.9609375,-4.2041015625,2.642578125
0.279,1.9619140625,-4.5244140625,1.8818359375
0.2795,2.5224609375,-4.5244140625,1.4013671875
0.28,2.8828125,-4.1240234375,0.640625
0.2805,3.3232421875,-4.0439453125,0.1201171875
0.281,3.5234375,-3.443359375,-0.7607421875
0.2815,3.84375,-3.04296875,-1.361328125
0.282,4.1240234375,-2.4423828125,-2.2822265625
0.2825,3.7236328125,-1.681640625,-2.5625
0.283,3.5234375,-0.80078125,-3.203125
0.2835,2.8828125,0.1201171875,-3.4833984375
0.284,2.5224609375,0.880859375,-3.84375
0.2845,1.921875,1.7216796875,-4.0439453125
0.285,1.3212890625,2.40234375,-4.1640625
0.2855,0.48046875,2.72265625,-3.5634765625
0.286,-0.16015625,3.3232421875,-3.5634765625
0.2865,-1.2412109375,3.5234375,-2.72265625
0.287,-1.9619140625,3.8837890625,-2.40234375
0.2875,-2.9228515625,4.083984375,-1.6015625
0.288,-3.36328125,3.84375,-0.9609375
0.2885,-3.68359375,3.443359375,-0.2802734375
0.289,-4.00390625,3.0830078125,0.3203125
0.2895,-4.1640625,2.5224609375,1.201171875
0.29,-4.3642578125,2.0419921875,1.8017578125
0.2905,-4.564453125,1.4814453125,2.6025390625
0.291,-3.8837890625,0.560546875,2.8427734375
0.2915,-3.84375,-0.16015625,3.4033203125
0.292,-2.962890625,-1.12109375,3.4833984375
0.2925,-2.6826171875,-1.8017578125,3.84375
0.293,-1.9619140625,-2.6025390625,3.9638671875
0.2935,-1.4013671875,-3.123046875,3.84375
0.294,-0.6005859375,-3.4033203125,3.36328125
0.2945,0.0400390625,-3.923828125,3.2431640625
0.295,1.12109375,-4.1240234375,2.40234375
0.2955,1.76171875,-4.5244140625,2.08203125
0.296,2.72265625,-4.724609375,1.3212890625
0.2965,2.962890625,-4.32421875,0.640625
0.297,3.443359375,-4.1640625,0.0
0.2975,3.68359375,-3.5634765625,-0.6806640625
0.298,3.9638671875,-3.0830078125,-1.44140625
0.2985,4.083984375,-2.482421875,-2.2021484375
0.299,4.244140625,-1.921875,-2.8828125
0.2995,3.443359375,-0.80078125,-3.1630859375
0.3,3.36328125,-0.080078125,-3.8037109375
0.3005,2.40234375,1.0009765625,-3.8837890625
0.301,2.1220703125,1.681640625,-4.244140625
0.3015,1.3212890625,2.5625,-4.32421875
0.302,0.560546875,3.04296875,-3.9638671875
0.3025,-0.2802734375,3.36328125,-3.4833984375
0.303,-1.12109375,3.84375,-3.123046875
0.3035,-2.2421875,4.0439453125,-2.2021484375
0.304,-2.8828125,4.1640625,-1.76171875
0.3045,-3.7236328125,4.2041015625,-1.0009765625
0.305,-3.8837890625,3.5634765625,-0.2001953125
0.3055,-4.2841796875,3.4033203125,0.400390625
0.306,-4.4443359375,2.5625,1.4013671875
0.3065,-4.64453125,2.08203125,2.0419921875
0.307,-4.64453125,1.4013671875,2.6826171875
0.3075,-4.5244140625,0.720703125,3.283203125
0.308,-3.6435546875,-0.3603515625,3.4833984375
0.3085,-3.4833984375,-1.041015625,3.923828125
0.309,-2.4423828125,-2.2021484375,4.00390625
0.3095,-2.1220703125,-2.72265625,4.2041015625
0.31,-1.3212890625,-3.4833984375,4.1240234375
0.3105,-0.5205078125,-3.8037109375,3.6435546875
0.311,0.240234375,-4.1640625,3.283203125
0.3115,1.2412109375,-4.5244140625,2.642578125
0.312,2.2021484375,-4.7646484375,1.8818359375
0.3125,2.802734375,-4.8046875,1.3212890625
0.313,3.4833984375,-4.8046875,0.640625
0.3135,3.5634765625,-4.00390625,-0.16015625
0.314,4.00390625,-3.8837890625,-0.6806640625
0.3145,4.1640625,-2.9228515625,-1.8017578125
0.315,4.3642578125,-2.5625,-2.322265625
0.3155,4.32421875,-1.76171875,-3.0830078125
0.316,4.0439453125,-1.0009765625,-3.5634765625
0.3165,3.203125,0.1201171875,-3.8037109375
0.317,2.9228515625,0.9208984375,-4.244140625
0.3175,1.921875,2.1220703125,-4.404296875
0.318,1.5615234375,2.5625,-4.5244140625
0.3185,0.6005859375,3.4033203125,-4.404296875
0.319,-0.3203125,3.68359375,-3.7236328125
0.3195,-1.12109375,4.1240234375,-3.36328125
0.32,-2.322265625,4.404296875,-2.5224609375
0.3205,-3.2431640625,4.564453125,-1.76171875
0.321,-3.84375,4.3642578125,-1.041015625
0.3215,-4.4443359375,4.2841796875,-0.2802734375
0.322,-4.5244140625,3.36328125,0.640625
0.3225,-4.8447265625,3.1630859375,1.28125
0.323,-5.0048828125,2.001953125,2.482421875
0.3235,-5.0048828125,1.5615234375,2.9228515625
0.324,-4.7646484375,0.640625,3.5634765625
0.3245,-4.2041015625,-0.3203125,3.9638671875
0.325,-3.4033203125,-1.28125,4.1240234375
0.3255,-2.8828125,-2.1220703125,4.404296875
0.326,-1.921875,-3.283203125,4.5244140625
0.3265,-1.361328125,-3.603515625,4.32421875
0.327,-0.5205078125,-4.2841796875,4.1240234375
0.3275,0.4404296875,-4.4443359375,3.3232421875
0.328,1.12109375,-4.8447265625,3.0029296875
0.3285,2.40234375,-5.044921875,1.921875
0.329,3.1630859375,-5.1650390625,1.28125
0.3295,3.603515625,-4.7646484375,0.560546875
0.33,4.1240234375,-4.564453125,-0.16015625
0.3305,4.1240234375,-3.7236328125,-1.0009765625
0.331,4.484375,-3.443359375,-1.6015625
0.3315,4.6044921875,-2.40234375,-2.7626953125
0.332,4.5244140625,-1.9619140625,-3.123046875
0.3325,4.32421875,-1.0009765625,-3.8037109375
0.333,3.6435546875,0.0,-4.083984375
0.3335,2.962890625,1.0009765625,-4.3642578125
0.334,2.2822265625,1.921875,-4.6044921875
0.3345,1.4814453125,3.0029296875,-4.8447265625
0.335,0.80078125,3.283203125,-4.4443359375
0.3355,-0.1201171875,4.00390625,-4.244140625
0.336,-1.1611328125,4.083984375,-3.4033203125
0.3365,-1.921875,4.5244140625,-3.0830078125
0.337,-3.283203125,4.724609375,-1.9619140625
0.3375,-4.00390625,4.8046875,-1.2412109375
0.338,-4.4443359375,4.2841796875,-0.3203125
0.3385,-4.884765625,4.00390625,0.4404296875
0.339,-4.884765625,3.123046875,1.3212890625
0.3395,-5.125,2.6025390625,2.001953125
0.34,-5.3251953125,1.6015625,3.203125
0.3405,-4.96484375,0.9609375,3.4833984375
0.341,-4.64453125,0.0,4.1240234375
0.3415,-3.84375,-1.12109375,4.32421875
0.342,-3.203125,-1.9619140625,4.5244140625
0.3425,-2.322265625,-2.962890625,4.64453125
0.343,-1.5615234375,-3.923828125,4.8046875
0.3435,-0.640625,-4.1240234375,4.1240234375
0.344,0.1201171875,-4.8046875,3.9638671875
0.3445,1.12109375,-4.8447265625,3.0029296875
0.345,1.841796875,-5.1650390625,2.6025390625
0.3455,3.203125,-5.3251953125,1.4814453125
0.346,3.7236328125,-5.1650390625,0.8408203125
0.3465,4.1240234375,-4.64453125,-0.080078125
0.347,4.484375,-4.2841796875,-0.7607421875
0.3475,4.484375,-3.5234375,-1.5615234375
0.348,4.64453125,-2.8828125,-2.2822265625
0.3485,4.9248046875,-2.08203125,-3.36328125
0.349,4.32421875,-1.2412109375,-3.603515625
0.3495,4.083984375,-0.3203125,-4.2841796875
0.35,3.0830078125,0.80078125,-4.32421875
0.3505,2.6826171875,1.5615234375,-4.64453125
0.351,1.7216796875,2.6826171875,-4.724609375
0.3515,1.041015625,3.443359375,-4.8447265625
0.352,0.0,3.68359375,-4.1240234375
0.3525,-0.720703125,4.2841796875,-4.00390625
0.353,-1.8017578125,4.32421875,-3.04296875
0.3535,-2.5625,4.724609375,-2.5625
0.354,-3.923828125,4.96484375,-1.4013671875
0.3545,-4.32421875,4.6044921875,-0.6806640625
0.355,-4.7646484375,4.1240234375,0.240234375
0.3555,-5.0048828125,3.603515625,0.9609375
0.356,-5.125,2.8427734375,1.76171875
0.3565,-5.1650390625,2.1220703125,2.6025390625
0.357,-5.4453125,1.3212890625,3.6435546875
0.3575,-4.64453125,0.2802734375,3.8037109375
0.358,-4.4443359375,-0.640625,4.4443359375
0.3585,-3.36328125,-1.681640625,4.4443359375
0.359,-2.8828125,-2.4423828125,4.6845703125
0.3595,-1.8818359375,-3.5634765625,4.7646484375
0.36,-1.12109375,-4.2041015625,4.564453125
0.3605,-0.1201171875,-4.4443359375,3.84375
0.361,0.560546875,-4.96484375,3.603515625
0.3615,1.681640625,-4.96484375,2.6025390625
0.362,2.40234375,-5.1650390625,2.1220703125
0.3625,3.6435546875,-5.365234375,1.12109375
0.363,3.84375,-4.7646484375,0.3203125
0.3635,4.32421875,-4.4443359375,-0.4404296875
0.364,4.404296875,-3.8037109375,-1.201171875
0.3645,4.5244140625,-3.203125,-1.9619140625
0.365,4.6044921875,-2.40234375,-2.7626953125
0.3655,4.7646484375,-1.7216796875,-3.5634765625
0.366,3.8837890625,-0.640625,-3.8037109375
0.3665,3.7236328125,0.16015625,-4.32421875
0.367,2.642578125,1.28125,-4.32421875
0.3675,2.2822265625,1.921875,-4.64453125
0.368,1.3212890625,2.962890625,-4.6845703125
0.3685,0.6005859375,3.4033203125,-4.3642578125
0.369,-0.3203125,3.7236328125,-3.8837890625
0.3695,-1.12109375,4.1640625,-3.4833984375
0.37,-2.1220703125,4.3642578125,-2.5625
0.3705,-2.9228515625,4.5244140625,-2.0419921875
0.371,-4.00390625,4.724609375,-1.1611328125
0.3715,-4.1640625,3.9638671875,-0.3203125
0.372,-4.64453125,3.84375,0.3603515625
0.3725,-4.724609375,3.0029296875,1.2412109375
0.373,-4.96484375,2.5625,1.921875
0.3735,-5.0048828125,1.76171875,2.802734375
0.374,-5.0048828125,1.0810546875,3.4033203125
0.3745,-4.1240234375,-0.080078125,3.6435546875
0.375,-3.9638671875,-0.80078125,4.1640625
0.3755,-2.9228515625,-1.921875,4.1640625
0.376,-2.6025390625,-2.5625,4.484375
0.3765,-1.6416015625,-3.5634765625,4.484375
0.377,-0.8408203125,-3.8837890625,3.9638671875
0.3775,-0.080078125,-4.244140625,3.68359375
0.378,0.8408203125,-4.564453125,3.123046875
0.3785,1.76171875,-4.8046875,2.3623046875
0.379,2.5625,-4.9248046875,1.76171875
0.3795,3.4033203125,-5.0048828125,1.0009765625
0.38,3.5234375,-4.2841796875,0.16015625
0.3805,4.00390625,-4.2041015625,-0.400390625
0.381,4.083984375,-3.283203125,-1.3212890625
0.3815,4.32421875,-2.962890625,-1.9619140625
0.382,4.404296875,-2.162109375,-2.8427734375
0.3825,4.1640625,-1.44140625,-3.203125
0.383,3.4833984375,-0.3603515625,-3.5634765625
0.3835,3.1630859375,0.3603515625,-3.9638671875
0.384,2.2822265625,1.3212890625,-4.1640625
0.3845,1.921875,1.921875,-4.3642578125
0.385,1.201171875,2.8427734375,-4.4443359375
0.3855,0.2802734375,3.123046875,-3.8037109375
0.386,-0.3603515625,3.6435546875,-3.68359375
0.3865,-1.44140625,3.84375,-2.8427734375
0.387,-2.2421875,4.1640625,-2.40234375
0.3875,-3.0830078125,4.244140625,-1.6416015625
0.388,-3.68359375,4.2041015625,-1.0009765625
0.3885,-3.84375,3.5234375,-0.1201171875
0.389,-4.2841796875,3.443359375,0.3603515625
0.3895,-4.3642578125,2.5625,1.3212890625
0.39,-4.564453125,2.2421875,1.841796875
0.3905,-4.6845703125,1.4814453125,2.6826171875
0.391,-4.244140625,0.720703125,3.0029296875
0.3915,-3.84375,-0.240234375,3.5234375
0.392,-3.3232421875,-1.041015625,3.68359375
0.3925,-2.6826171875,-1.921875,3.9638671875
0.393,-2.2421875,-2.5625,4.083984375
0.3935,-1.521484375,-3.203125,4.083984375
0.394,-0.6806640625,-3.443359375,3.4833984375
0.3945,-0.080078125,-4.00390625,3.443359375
0.395,1.0009765625,-4.2041015625,2.5224609375
0.3955,1.681640625,-4.564453125,2.2421875
0.396,2.5224609375,-4.64453125,1.521484375
0.3965,2.9228515625,-4.4443359375,0.9208984375
0.397,3.2431640625,-4.00390625,0.16015625
0.3975,3.5634765625,-3.8037109375,-0.400390625
0.398,3.84375,-3.0830078125,-1.28125
0.3985,3.9638671875,-2.72265625,-1.841796875
0.399,4.1240234375,-2.08203125,-2.6025390625
0.3995,3.5234375,-1.1611328125,-2.8828125
0.4,3.3232421875,-0.3603515625,-3.4833984375
0.4005,2.6025390625,0.560546875,-3.68359375
0.401,2.2822265625,1.28125,-4.0439453125
0.4015,1.6416015625,2.001953125,-4.1240234375
0.402,1.0009765625,2.6025390625,-4.00390625
0.4025,0.1201171875,2.8828125,-3.4033203125
0.403,-0.5205078125,3.4833984375,-3.36328125
0.4035,-1.6416015625,3.68359375,-2.4423828125
0.404,-2.2822265625,4.00390625,-2.162109375
0.4045,-3.0830078125,4.083984375,-1.361328125
0.405,-3.36328125,3.68359375,-0.720703125
0.4055,-3.8037109375,3.36328125,0.0
0.406,-4.0439453125,2.8828125,0.640625
0.4065,-4.32421875,2.3623046875,1.44140625
0.407,-4.3642578125,1.8818359375,2.001953125
0.4075,-4.4443359375,1.28125,2.6826171875
0.408,-3.68359375,0.16015625,2.8828125
0.4085,-3.6435546875,-0.5205078125,3.4833984375
0.409,-2.72265625,-1.521484375,3.5234375
0.4095,-2.5625,-2.0419921875,3.9638671875
0.41,-1.8017578125,-2.72265625,3.84375
0.4105,-1.1611328125,-3.1630859375,3.68359375
0.411,-0.3603515625,-3.4833984375,3.203125
0.4115,0.3603515625,-3.9638671875,2.9228515625
0.412,1.4013671875,-4.1640625,2.2021484375
0.4125,1.921875,-4.4443359375,1.8818359375
0.413,2.642578125,-4.4443359375,1.201171875
0.4135,2.8828125,-3.9638671875,0.5205078125
0.414,3.3232421875,-3.84375,0.0
0.4145,3.5234375,-3.203125,-0.9208984375
0.415,3.8837890625,-2.9228515625,-1.5615234375
0.4155,3.8837890625,-2.2822265625,-2.162109375
0.416,3.8837890625,-1.7216796875,-2.72265625
0.4165,3.1630859375,-0.640625,-3.04296875
0.417,3.0830078125,0.0,-3.603515625
0.4175,2.2021484375,1.1611328125,-3.8037109375
0.418,2.0419921875,1.681640625,-4.1640625
0.4185,1.2412109375,2.4423828125,-4.0439453125
0.419,0.48046875,2.802734375,-3.68359375
0.4195,-0.3203125,3.2431640625,-3.283203125
0.42,-1.28125,3.68359375,-2.802734375
0.4205,-2.2822265625,3.9638671875,-2.1220703125
0.421,-2.8427734375,3.9638671875,-1.6015625
0.4215,-3.443359375,3.923828125,-0.9609375
0.422,-3.6435546875,3.3232421875,-0.16015625
0.4225,-4.083984375,3.1630859375,0.4404296875
0.423,-4.2041015625,2.2822265625,1.44140625
0.4235,-4.5244140625,2.0419921875,1.9619140625
0.424,-4.3642578125,1.201171875,2.5625
0.4245,-4.083984375,0.48046875,3.04296875
0.425,-3.4033203125,-0.560546875,3.283203125
0.4255,-3.1630859375,-1.1611328125,3.7236328125
0.426,-2.2822265625,-2.2421875,3.8837890625
0.4265,-1.9619140625,-2.6025390625,3.9638671875
0.427,-1.1611328125,-3.283203125,3.8037109375
0.4275,-0.400390625,-3.5634765625,3.283203125
0.428,0.3203125,-3.9638671875,3.04296875
0.4285,1.3212890625,-4.2041015625,2.2421875
0.429,2.162109375,-4.5244140625,1.76171875
0.4295,2.5625,-4.32421875,1.1611328125
0.43,3.0830078125,-4.244140625,0.6005859375
0.4305,3.203125,-3.603515625,-0.16015625
0.431,3.6435546875,-3.5234375,-0.6806640625
0.4315,3.84375,-2.6826171875,-1.681640625
0.432,4.00390625,-2.4423828125,-2.162109375
0.4325,3.8837890625,-1.6416015625,-2.8427734375
0.433,3.443359375,-0.8408203125,-3.1630859375
0.4335,2.9228515625,0.16015625,-3.5634765625
0.434,2.482421875,0.9609375,-3.84375
0.4345,1.921875,1.921875,-4.2041015625
0.435,1.4013671875,2.2822265625,-4.083984375
0.4355,0.6005859375,3.04296875,-4.00390625
0.436,-0.3203125,3.2431640625,-3.36328125
0.4365,-1.041015625,3.84375,-3.1630859375
0.437,-2.2822265625,4.0439453125,-2.2021484375
0.4375,-3.04296875,4.2841796875,-1.681640625
0.438,-3.5634765625,3.9638671875,-0.880859375
0.4385,-4.00390625,3.763671875,-0.240234375
0.439,-4.1240234375,3.0830078125,0.6005859375
0.4395,-4.484375,2.7626953125,1.2412109375
0.44,-4.6845703125,1.8818359375,2.2822265625
0.4405,-4.564453125,1.361328125,2.642578125
0.441,-4.3642578125,0.48046875,3.3232421875
0.4415,-3.68359375,-0.48046875,3.5634765625
0.442,-3.203125,-1.3212890625,3.8837890625
0.4425,-2.482421875,-2.2421875,4.083984375
0.443,-1.8818359375,-3.0830078125,4.32421875
0.4435,-1.1611328125,-3.36328125,3.84375
0.444,-0.4404296875,-3.9638671875,3.763671875
0.4445,0.48046875,-4.083984375,2.962890625
0.445,1.2412109375,-4.5244140625,2.6826171875
0.4455,2.482421875,-4.724609375,1.6416015625
0.446,3.0029296875,-4.724609375,1.12109375
0.4465,3.443359375,-4.32421875,0.3203125
0.447,3.7236328125,-4.00390625,-0.2802734375
0.4475,3.84375,-3.4033203125,-1.0009765625
0.448,4.083984375,-2.9228515625,-1.681640625
0.4485,4.32421875,-2.2822265625,-2.642578125
0.449,3.9638671875,-1.6015625,-2.962890625
0.4495,3.84375,-0.7607421875,-3.5634765625
0.45,2.962890625,0.2802734375,-3.7236328125
0.4505,2.6826171875,1.0009765625,-4.1240234375
0.451,1.841796875,2.0419921875,-4.2841796875
0.4515,1.361328125,2.7626953125,-4.5244140625
0.452,0.48046875,3.123046875,-3.923828125
0.4525,-0.2802734375,3.7236328125,-3.84375
0.453,-1.2412109375,3.84375,-3.04296875
0.4535,-2.0419921875,4.2841796875,-2.642578125
0.454,-3.36328125,4.5244140625,-1.6015625
0.4545,-3.8037109375,4.32421875,-1.0009765625
0.455,-4.32421875,3.9638671875,-0.16015625
0.4555,-4.564453125,3.4833984375,0.6005859375
0.456,-4.724609375,2.8427734375,1.3212890625
0.4565,-4.884765625,2.162109375,2.2421875
0.457,-5.1650390625,1.4013671875,3.203125
0.4575,-4.484375,0.5205078125,3.443359375
0.458,-4.3642578125,-0.3603515625,4.1240234375
0.4585,-3.3232421875,-1.44140625,4.1240234375
0.459,-2.9228515625,-2.1220703125,4.4443359375
0.4595,-1.9619140625,-3.283203125,4.5244140625
0.46,-1.2412109375,-3.8837890625,4.484375
0.4605,-0.2802734375,-4.1640625,3.8037109375
0.461,0.4404296875,-4.64453125,3.5634765625
0.4615,1.521484375,-4.7646484375,2.6025390625
0.462,2.2421875,-5.0048828125,2.08203125
0.4625,3.5234375,-5.205078125,1.12109375
0.463,3.7236328125,-4.64453125,0.3203125
0.4635,4.1240234375,-4.3642578125,-0.3603515625
0.464,4.2841796875,-3.7236328125,-1.1611328125
0.4645,4.404296875,-3.1630859375,-1.8818359375
0.465,4.484375,-2.3623046875,-2.72265625
0.4655,4.64453125,-1.681640625,-3.5234375
0.466,3.84375,-0.640625,-3.7236328125
0.4665,3.6435546875,0.16015625,-4.244140625
0.467,2.5625,1.28125,-4.244140625
0.4675,2.2421875,1.921875,-4.5244140625
0.468,1.28125,3.04296875,-4.6845703125
0.4685,0.5205078125,3.4833984375,-4.3642578125
0.469,-0.3603515625,3.84375,-3.84375
0.4695,-1.1611328125,4.244140625,-3.4833984375
0.47,-2.2822265625,4.404296875,-2.5625
0.4705,-3.04296875,4.6044921875,-1.9619140625
0.471,-4.2041015625,4.8046875,-1.041015625
0.4715,-4.3642578125,4.1240234375,-0.2001953125
0.472,-4.8447265625,3.8837890625,0.48046875
0.4725,-4.96484375,2.962890625,1.361328125
0.473,-5.125,2.482421875,2.08203125
0.4735,-5.205078125,1.6015625,3.04296875
0.474,-5.205078125,0.9208984375,3.763671875
0.4745,-4.244140625,-0.3203125,3.9638671875
0.475,-4.083984375,-1.0810546875,4.5244140625
0.4755,-2.8828125,-2.2421875,4.484375
0.476,-2.482421875,-2.8828125,4.724609375
0.4765,-1.44140625,-4.00390625,4.7646484375
0.477,-0.5205078125,-4.3642578125,4.2041015625
0.4775,0.3203125,-4.724609375,3.7236328125
0.478,1.28125,-5.044921875,3.123046875
0.4785,2.3623046875,-5.1650390625,2.162109375
0.479,3.123046875,-5.2451171875,1.521484375
0.4795,4.0439453125,-5.3251953125,0.6806640625
0.48,4.1240234375,-4.5244140625,-0.3203125
0.4805,4.484375,-4.32421875,-0.8408203125
0.481,4.6044921875,-3.203125,-1.9619140625
0.4815,4.724609375,-2.72265625,-2.5224609375
0.482,4.7646484375,-1.8818359375,-3.4033203125
0.4825,4.484375,-1.0810546875,-3.923828125
0.483,3.603515625,0.080078125,-4.1640625
0.4835,3.2431640625,0.880859375,-4.5244140625
0.484,2.162109375,2.0419921875,-4.564453125
0.4845,1.76171875,2.6025390625,-4.6845703125
0.485,0.80078125,3.603515625,-4.7646484375
0.4855,-0.240234375,3.84375,-4.00390625
0.486,-0.9609375,4.2841796875,-3.68359375
0.4865,-2.08203125,4.5244140625,-2.8427734375
0.487,-3.0029296875,4.6845703125,-2.08203125
0.4875,-3.8037109375,4.6845703125,-1.3212890625
0.488,-4.5244140625,4.64453125,-0.6005859375
0.4885,-4.6044921875,3.7236328125,0.3603515625
0.489,-5.044921875,3.6435546875,0.9609375
0.4895,-5.125,2.482421875,2.162109375
0.49,-5.205078125,2.0419921875,2.6826171875
0.4905,-5.205078125,1.12109375,3.5634765625
0.491,-4.8447265625,0.2802734375,3.9638671875
0.4915,-4.00390625,-0.8408203125,4.2841796875
0.492,-3.5634765625,-1.681640625,4.6044921875
0.4925,-2.4423828125,-2.8828125,4.6845703125
0.493,-1.9619140625,-3.4033203125,4.724609375
0.4935,-1.0009765625,-4.3642578125,4.6044921875
0.494,0.0400390625,-4.5244140625,3.84375
0.4945,0.7607421875,-4.96484375,3.5234375
0.495,2.08203125,-5.205078125,2.482421875
0.4955,2.8828125,-5.3251953125,1.8017578125
0.496,3.5634765625,-5.2451171875,1.0009765625
0.4965,4.1640625,-5.0849609375,0.240234375
0.497,4.2841796875,-4.1240234375,-0.6806640625
0.4975,4.6044921875,-3.8837890625,-1.28125
0.498,4.6845703125,-2.72265625,-2.5224609375
0.4985,4.6845703125,-2.322265625,-2.8828125
0.499,4.6044921875,-1.4013671875,-3.7236328125
0.4995,3.9638671875,-0.4404296875,-4.00390625
0.5,3.283203125,0.6005859375,-4.2841796875
0.5005,2.6025390625,1.4814453125,-4.5244140625
0.501,1.76171875,2.5224609375,-4.6845703125
0.5015,1.2412109375,2.962890625,-4.564453125
0.502,0.3203125,3.763671875,-4.4443359375
0.5025,-0.6806640625,3.8837890625,-3.5634765625
0.503,-1.361328125,4.3642578125,-3.36328125
0.5035,-2.72265625,4.484375,-2.2021484375
0.504,-3.36328125,4.6044921875,-1.76171875
0.5045,-4.00390625,4.404296875,-0.9208984375
0.505,-4.4443359375,4.1240234375,-0.16015625
0.5055,-4.564453125,3.36328125,0.720703125
0.506,-4.884765625,3.04296875,1.3212890625
0.5065,-5.0048828125,2.08203125,2.4423828125
0.507,-4.96484375,1.6416015625,2.802734375
0.5075,-4.884765625,0.7607421875,3.603515625
0.508,-4.083984375,-0.2802734375,3.8037109375
0.5085,-3.7236328125,-1.1611328125,4.2041015625
0.509,-2.8427734375,-2.1220703125,4.32421875
0.5095,-2.2421875,-3.0029296875,4.6044921875
0.51,-1.4814453125,-3.4833984375,4.32421875
0.5105,-0.6806640625,-4.1640625,4.1640625
0.511,0.2802734375,-4.32421875,3.36328125
0.5115,1.0009765625,-4.8447265625,3.1630859375
0.512,2.2822265625,-5.0048828125,1.9619140625
0.5125,2.8427734375,-5.125,1.6015625
0.513,3.4833984375,-4.8447265625,0.7607421875
0.5135,3.84375,-4.4443359375,0.0400390625
0.514,4.083984375,-3.84375,-0.80078125
0.5145,4.2841796875,-3.36328125,-1.4814453125
0.515,4.484375,-2.6025390625,-2.482421875
0.5155,4.32421875,-2.0419921875,-2.802734375
0.516,4.2841796875,-1.2412109375,-3.5634765625
0.5165,3.3232421875,-0.1201171875,-3.68359375
0.517,3.04296875,0.640625,-4.1640625
0.5175,2.08203125,1.76171875,-4.244140625
0.518,1.76171875,2.40234375,-4.5244140625
0.5185,0.880859375,2.8828125,-4.1640625
0.519,0.1201171875,3.4833984375,-3.923828125
0.5195,-0.80078125,3.5234375,-3.283203125
0.52,-1.6015625,4.083984375,-2.962890625
0.5205,-2.802734375,4.2041015625,-1.9619140625
0.521,-3.203125,4.2841796875,-1.4814453125
0.5215,-3.84375,4.083984375,-0.640625
0.522,-4.0439453125,3.5234375,0.080078125
0.5225,-4.3642578125,3.1630859375,0.7607421875
0.523,-4.5244140625,2.482421875,1.5615234375
0.5235,-4.8046875,1.9619140625,2.322265625
0.524,-4.5244140625,1.28125,2.6826171875
0.5245,-4.4443359375,0.560546875,3.3232421875
0.525,-3.5234375,-0.6005859375,3.5234375
0.5255,-3.36328125,-1.201171875,3.9638671875
0.526,-2.3623046875,-2.322265625,4.0439453125
0.5265,-2.1220703125,-2.7626953125,4.244140625
0.527,-1.2412109375,-3.3232421875,3.8837890625
0.5275,-0.5205078125,-3.7236328125,3.7236328125
0.528,0.3603515625,-4.1240234375,3.04296875
0.5285,1.201171875,-4.484375,2.5625
0.529,2.2421875,-4.6845703125,1.841796875
0.5295,2.5625,-4.5244140625,1.4013671875
0.53,3.1630859375,-4.4443359375,0.6806640625
0.5305,3.3232421875,-3.84375,-0.080078125
0.531,3.763671875,-3.68359375,-0.640625
0.5315,3.8837890625,-2.8828125,-1.5615234375
0.532,4.1640625,-2.6025390625,-2.1220703125
0.5325,3.84375,-1.8017578125,-2.6025390625
0.533,3.68359375,-1.12109375,-3.123046875
0.5335,2.8828125,0.0,-3.36328125
0.534,2.7626953125,0.640625,-3.84375
0.5345,1.921875,1.7216796875,-4.0439453125
0.535,1.6416015625,2.0419921875,-4.1240234375
0.5355,0.6806640625,2.6025390625,-3.8837890625
0.536,0.0,3.0029296875,-3.4833984375
0.5365,-0.80078125,3.443359375,-3.1630859375
0.537,-1.76171875,3.8037109375,-2.4423828125
0.5375,-2.642578125,4.1240234375,-1.921875
0.538,-2.962890625,3.8037109375,-1.28125
0.5385,-3.5634765625,3.8037109375,-0.6806640625
0.539,-3.7236328125,3.123046875,0.16015625
0.5395,-4.1240234375,2.962890625,0.6806640625
0.54,-4.32421875,2.162109375,1.6416015625
0.5405,-4.484375,1.921875,2.08203125
0.541,-4.1640625,0.9609375,2.6826171875
0.5415,-3.84375,0.2802734375,3.0830078125
0.542,-3.203125,-0.720703125,3.4033203125
0.5425,-2.9228515625,-1.44140625,3.7236328125
0.543,-2.2822265625,-2.3623046875,3.9638671875
0.5435,-1.7216796875,-2.72265625,3.68359375
0.544,-1.041015625,-3.36328125,3.68359375
0.5445,-0.240234375,-3.7236328125,3.0029296875
0.545,0.5205078125,-4.0439453125,2.8828125
0.5455,1.5615234375,-4.2841796875,2.08203125
0.546,2.2421875,-4.5244140625,1.681640625
0.5465,2.6025390625,-4.1640625,0.9609375
0.547,3.04296875,-4.1240234375,0.48046875
0.5475,3.2431640625,-3.5234375,-0.3203125
0.548,3.5634765625,-3.283203125,-0.880859375
0.5485,3.84375,-2.6025390625,-1.8017578125
0.549,3.8037109375,-2.2421875,-2.08203125
0.5495,3.6435546875,-1.4013671875,-2.7626953125
0.55,3.0830078125,-0.560546875,-3.04296875
0.5505,2.7626953125,0.2802734375,-3.5234375
0.551,2.2421875,1.12109375,-3.7236328125
0.5515,1.921875,1.841796875,-4.1240234375
0.552,1.1611328125,2.1220703125,-3.763671875
0.5525,0.6005859375,2.72265625,-3.8037109375
0.553,-0.400390625,3.0830078125,-3.0830078125
0.5535,-1.1611328125,3.6435546875,-2.8828125
0.554,-2.2822265625,3.8837890625,-2.001953125
0.5545,-2.7626953125,3.9638671875,-1.6015625
0.555,-3.283203125,3.68359375,-0.8408203125
0.5555,-3.6435546875,3.443359375,-0.2802734375
0.556,-3.8837890625,2.9228515625,0.5205078125
0.5565,-4.1640625,2.5224609375,1.201171875
0.557,-4.5244140625,1.9619140625,2.08203125
0.5575,-4.1640625,1.28125,2.3623046875
0.558,-4.1240234375,0.5205078125,3.0830078125
0.5585,-3.3232421875,-0.5205078125,3.2431640625
0.559,-3.0830078125,-1.1611328125,3.7236328125
0.5595,-2.3623046875,-2.2021484375,3.84375
0.56,-1.9619140625,-2.7626953125,4.00390625
0.5605,-1.0810546875,-3.0830078125,3.5234375
0.561,-0.5205078125,-3.603515625,3.4833984375
0.5615,0.48046875,-3.84375,2.7626953125
0.562,1.201171875,-4.2841796875,2.4423828125
0.5625,2.2822265625,-4.5244140625,1.6416015625
0.563,2.6025390625,-4.32421875,1.12109375
0.5635,3.123046875,-4.1240234375,0.4404296875
0.564,3.3232421875,-3.68359375,-0.2001953125
0.5645,3.603515625,-3.283203125,-0.9208984375
0.565,3.763671875,-2.6826171875,-1.6416015625
0.5655,4.083984375,-2.2822265625,-2.3623046875
0.566,3.5234375,-1.4013671875,-2.642578125
0.5665,3.443359375,-0.720703125,-3.203125
0.567,2.5625,0.2802734375,-3.36328125
0.5675,2.4423828125,0.880859375,-3.84375
0.568,1.681640625,1.841796875,-4.0439453125
0.5685,1.2412109375,2.2421875,-4.00390625
0.569,0.4404296875,2.7626953125,-3.5634765625
0.5695,-0.2802734375,3.203125,-3.36328125
0.57,-1.1611328125,3.5234375,-2.7626953125
0.5705,-2.001953125,3.84375,-2.322265625
0.571,-2.962890625,4.1240234375,-1.6015625
0.5715,-3.2431640625,3.7236328125,-0.9208984375
0.572,-3.84375,3.68359375,-0.3203125
0.5725,-3.9638671875,3.04296875,0.48046875
0.573,-4.3642578125,2.72265625,1.1611328125
0.5735,-4.5244140625,1.9619140625,2.0419921875
0.574,-4.64453125,1.521484375,2.6826171875
0.5745,-4.00390625,0.48046875,3.04296875
0.575,-3.923828125,-0.2802734375,3.603515625
0.5755,-3.0029296875,-1.3212890625,3.68359375
0.576,-2.72265625,-2.001953125,4.0439453125
0.5765,-1.8818359375,-3.0830078125,4.2041015625
0.577,-1.1611328125,-3.3232421875,3.84375
0.5775,-0.400390625,-3.8037109375,3.5634765625
0.578,0.4404296875,-4.1640625,3.04296875
0.5785,1.3212890625,-4.4443359375,2.4423828125
0.579,2.2021484375,-4.64453125,1.841796875
0.5795,3.123046875,-4.8046875,1.1611328125
0.58,3.2431640625,-4.1640625,0.3203125
0.5805,3.7236328125,-4.1240234375,-0.2001953125
0.581,3.84375,-3.283203125,-1.0810546875
0.5815,4.083984375,-2.9228515625,-1.681640625
0.582,4.244140625,-2.162109375,-2.6025390625
0.5825,4.083984375,-1.521484375,-3.0830078125
0.583,3.443359375,-0.5205078125,-3.443359375
0.5835,3.123046875,0.2001953125,-3.84375
0.584,2.2822265625,1.2412109375,-3.923828125
0.5845,1.921875,1.841796875,-4.2041015625
0.585,1.1611328125,2.8427734375,-4.3642578125
0.5855,0.2802734375,3.0830078125,-3.7236328125
0.586,-0.3603515625,3.5634765625,-3.603515625
0.5865,-1.361328125,3.84375,-2.8427734375
0.587,-2.2021484375,4.083984375,-2.2822265625
0.5875,-3.123046875,4.2841796875,-1.6015625
0.588,-3.8037109375,4.2841796875,-0.9208984375
0.5885,-3.9638671875,3.5634765625,0.0
0.589,-4.4443359375,3.4833984375,0.48046875
0.5895,-4.5244140625,2.5625,1.4814453125
0.59,-4.724609375,2.2421875,2.001953125
0.5905,-4.884765625,1.4013671875,3.0029296875
0.591,-4.4443359375,0.6005859375,3.3232421875
0.5915,-3.923828125,-0.4404296875,3.8037109375
0.592,-3.4033203125,-1.28125,4.083984375
0.5925,-2.6025390625,-2.322265625,4.2041015625
0.593,-2.1220703125,-2.9228515625,4.404296875
0.5935,-1.28125,-3.84375,4.404296875
0.594,-0.3203125,-4.00390625,3.68359375
0.5945,0.3603515625,-4.5244140625,3.5234375
0.595,1.6015625,-4.7646484375,2.5224609375
0.5955,2.40234375,-5.0048828125,1.9619140625
0.596,3.2431640625,-5.0048828125,1.12109375
0.5965,3.8037109375,-4.8046875,0.4404296875
0.597,3.8837890625,-4.083984375,-0.400390625
0.5975,4.32421875,-3.84375,-1.0009765625
0.598,4.404296875,-2.8427734375,-2.162109375
0.5985,4.4443359375,-2.3623046875,-2.6025390625
0.599,4.484375,-1.5615234375,-3.4833984375
0.5995,3.8037109375,-0.640625,-3.7236328125
0.6,3.283203125,0.2802734375,-4.083984375
0.6005,2.5224609375,1.28125,-4.3642578125
0.601,1.76171875,2.2822265625,-4.484375
0.6015,1.2412109375,2.8427734375,-4.4443359375
0.602,0.3603515625,3.603515625,-4.32421875
0.6025,-0.640625,3.68359375,-3.5234375
0.603,-1.28125,4.2041015625,-3.36328125
0.6035,-2.6025390625,4.3642578125,-2.2021484375
0.604,-3.203125,4.5244140625,-1.681640625
0.6045,-4.00390625,4.404296875,-0.8408203125
0.605,-4.3642578125,4.0439453125,-0.16015625
0.6055,-4.5244140625,3.4033203125,0.6806640625
0.606,-4.8447265625,3.0029296875,1.4013671875
0.6065,-5.0048828125,2.0419921875,2.4423828125
0.607,-4.9248046875,1.5615234375,2.8427734375
0.6075,-4.96484375,0.6806640625,3.6435546875
0.608,-4.083984375,-0.400390625,3.84375
0.6085,-3.763671875,-1.2412109375,4.32421875
0.609,-2.7626953125,-2.2822265625,4.484375
0.6095,-2.162109375,-3.1630859375,4.64453125
0.61,-1.4013671875,-3.7236328125,4.4443359375
0.6105,-0.560546875,-4.3642578125,4.244140625
0.611,0.48046875,-4.5244140625,3.4033203125
0.6115,1.2412109375,-5.0048828125,3.1630859375
0.612,2.6025390625,-5.1650390625,1.921875
0.6125,3.1630859375,-5.205078125,1.44140625
0.613,3.84375,-5.0048828125,0.560546875
0.6135,4.1640625,-4.5244140625,-0.2802734375
0.614,4.32421875,-3.8837890625,-1.0009765625
0.6145,4.6044921875,-3.283203125,-1.8818359375
0.615,4.7646484375,-2.4423828125,-2.8828125
0.6155,4.484375,-1.8017578125,-3.2431640625
0.616,4.4443359375,-1.0009765625,-4.0439453125
0.6165,3.36328125,0.2001953125,-4.1240234375
0.617,3.04296875,1.0009765625,-4.5244140625
0.6175,1.9619140625,2.2421875,-4.6044921875
0.618,1.44140625,2.9228515625,-4.7646484375
0.6185,0.560546875,3.443359375,-4.3642578125
0.619,-0.3203125,4.0439453125,-4.083984375
0.6195,-1.2412109375,4.1240234375,-3.203125
0.62,-2.08203125,4.564453125,-2.8828125
0.6205,-3.4033203125,4.724609375,-1.7216796875
0.621,-3.84375,4.6044921875,-1.1611328125
0.6215,-4.5244140625,4.32421875,-0.2802734375
0.622,-4.6845703125,3.7236328125,0.560546875
0.6225,-4.884765625,3.1630859375,1.28125
0.623,-5.044921875,2.40234375,2.162109375
0.6235,-5.205078125,1.6416015625,3.04296875
0.624,-4.8046875,0.9208984375,3.3232421875
0.6245,-4.6845703125,0.0,4.0439453125
0.625,-3.603515625,-1.1611328125,4.1240234375
0.6255,-3.36328125,-1.8017578125,4.5244140625
0.626,-2.2021484375,-3.0830078125,4.6044921875
0.6265,-1.7216796875,-3.603515625,4.64453125
0.627,-0.720703125,-4.1240234375,4.1640625
0.6275,0.080078125,-4.64453125,3.84375
0.628,1.041015625,-4.7646484375,3.04296875
0.6285,1.921875,-5.125,2.5625
0.629,3.203125,-5.3251953125,1.521484375
0.6295,3.5234375,-5.044921875,0.9208984375
0.63,4.2041015625,-4.8447265625,0.080078125
0.6305,4.32421875,-4.083984375,-0.80078125
0.631,4.564453125,-3.68359375,-1.44140625
0.6315,4.724609375,-2.7626953125,-2.5224609375
0.632,4.8447265625,-2.2021484375,-3.203125
0.6325,4.32421875,-1.28125,-3.603515625
0.633,4.1240234375,-0.3603515625,-4.2041015625
0.6335,2.962890625,0.8408203125,-4.244140625
0.634,2.72265625,1.521484375,-4.64453125
0.6345,1.5615234375,2.802734375,-4.7646484375
0.635,1.0810546875,3.203125,-4.64453125
0.6355,0.0,3.763671875,-4.1240234375
0.636,-0.80078125,4.1240234375,-3.68359375
0.6365,-1.7216796875,4.32421875,-2.962890625
0.637,-2.6826171875,4.6044921875,-2.2822265625
0.6375,-3.84375,4.8046875,-1.361328125
0.638,-4.0439453125,4.2841796875,-0.640625
0.6385,-4.6845703125,4.1240234375,0.1201171875
0.639,-4.64453125,3.203125,0.9609375
0.6395,-4.9248046875,2.8427734375,1.5615234375
0.64,-5.0048828125,1.8818359375,2.642578125
0.6405,-5.125,1.3212890625,3.1630859375
0.641,-4.484375,0.3603515625,3.5634765625
0.6415,-4.2041015625,-0.48046875,4.083984375
0.642,-3.203125,-1.5615234375,4.1240234375
0.6425,-2.8828125,-2.2021484375,4.4443359375
0.643,-1.8818359375,-3.36328125,4.564453125
0.6435,-1.28125,-3.6435546875,4.244140625
0.644,-0.3603515625,-4.2041015625,3.923828125
0.6445,0.48046875,-4.484375,3.3232421875
0.645,1.28125,-4.7646484375,2.802734375
0.6455,2.322265625,-4.96484375,2.0419921875
0.646,3.2431640625,-5.1650390625,1.28125
0.6465,3.443359375,-4.564453125,0.5205078125
0.647,4.00390625,-4.5244140625,-0.1201171875
0.6475,4.0439453125,-3.68359375,-1.0009765625
0.648,4.32421875,-3.4033203125,-1.6015625
0.6485,4.5244140625,-2.482421875,-2.642578125
0.649,4.484375,-1.9619140625,-3.0830078125
0.6495,3.9638671875,-0.880859375,-3.5634765625
0.65,3.4833984375,0.0,-3.923828125
0.6505,2.6826171875,0.9609375,-4.1240234375
0.651,2.2421875,1.7216796875,-4.3642578125
0.6515,1.4814453125,2.7626953125,-4.64453125
0.652,0.7607421875,3.0029296875,-4.083984375
0.6525,0.0,3.6435546875,-3.923828125
0.653,-1.0009765625,3.8037109375,-3.203125
0.6535,-1.76171875,4.1640625,-2.802734375
0.654,-2.8828125,4.3642578125,-1.921875
0.6545,-3.603515625,4.484375,-1.28125
0.655,-3.8837890625,3.84375,-0.400390625
0.6555,-4.32421875,3.68359375,0.16015625
0.656,-4.404296875,2.8427734375,1.0009765625
0.6565,-4.64453125,2.482421875,1.5615234375
0.657,-4.8447265625,1.7216796875,2.642578125
0.6575,-4.5244140625,1.12109375,2.8828125
0.658,-4.1640625,0.1201171875,3.5234375
0.6585,-3.5634765625,-0.720703125,3.7236328125
0.659,-3.04296875,-1.5615234375,3.9638671875
0.6595,-2.40234375,-2.3623046875,4.1240234375
0.66,-1.8017578125,-3.203125,4.32421875
0.6605,-1.0009765625,-3.36328125,3.68359375
0.661,-0.3203125,-4.00390625,3.68359375
0.6615,0.640625,-4.1640625,2.8427734375
0.662,1.3212890625,-4.5244140625,2.5625
0.6625,2.4423828125,-4.724609375,1.6416015625
0.663,2.8828125,-4.64453125,1.1611328125
0.6635,3.2431640625,-4.244140625,0.3203125
0.664,3.5634765625,-4.00390625,-0.240234375
0.6645,3.763671875,-3.4033203125,-1.041015625
0.665,3.9638671875,-2.9228515625,-1.6015625
0.6655,4.2841796875,-2.322265625,-2.482421875
0.666,3.763671875,-1.6015625,-2.6826171875
0.6665,3.603515625,-0.80078125,-3.36328125
0.667,2.8427734375,0.240234375,-3.5234375
0.6675,2.5625,0.9208984375,-3.923828125
0.668,1.8818359375,1.8017578125,-4.1240234375
0.6685,1.44140625,2.40234375,-4.1640625
0.669,0.560546875,2.6826171875,-3.6435546875
0.6695,0.0,3.2431640625,-3.603515625
0.67,-1.0810546875,3.5234375,-2.8427734375
0.6705,-1.76171875,3.8837890625,-2.5625
0.671,-2.8427734375,4.1240234375,-1.7216796875
0.6715,-3.1630859375,3.84375,-1.201171875
0.672,-3.68359375,3.603515625,-0.48046875
0.6725,-3.8837890625,3.1630859375,0.240234375
0.673,-4.1640625,2.7626953125,0.9609375
0.6735,-4.32421875,2.2021484375,1.6015625
0.674,-4.6044921875,1.76171875,2.40234375
0.6745,-3.9638671875,0.80078125,2.642578125
0.675,-3.9638671875,0.1201171875,3.3232421875
0.6755,-3.0830078125,-0.9208984375,3.4033203125
0.676,-2.9228515625,-1.521484375,3.84375
0.6765,-2.1220703125,-2.4423828125,3.9638671875
0.677,-1.681640625,-2.8427734375,3.84375
0.6775,-0.8408203125,-3.283203125,3.4833984375
0.678,-0.16015625,-3.7236328125,3.2431640625
0.6785,0.7607421875,-4.00390625,2.6025390625
0.679,1.5615234375,-4.3642578125,2.2421875
0.6795,2.482421875,-4.64453125,1.521484375
0.68,2.642578125,-4.2041015625,0.8408203125
0.6805,3.203125,-4.1640625,0.2802734375
0.681,3.36328125,-3.5234375,-0.4404296875
0.6815,3.763671875,-3.203125,-1.0810546875
0.682,3.8837890625,-2.5625,-1.8818359375
0.6825,4.00390625,-2.1220703125,-2.40234375
0.683,3.3232421875,-1.12109375,-2.7626953125
0.6835,3.2431640625,-0.48046875,-3.283203125
0.684,2.482421875,0.5205078125,-3.4833984375
0.6845,2.2822265625,1.12109375,-3.8837890625
0.685,1.5615234375,2.0419921875,-4.00390625
0.6855,0.9609375,2.322265625,-3.7236328125
0.686,0.2802734375,2.8427734375,-3.5234375
0.6865,-0.6005859375,3.203125,-3.04296875
0.687,-1.4013671875,3.5634765625,-2.5625
0.6875,-2.2421875,3.8037109375,-2.0419921875
0.688,-2.9228515625,3.9638671875,-1.521484375
0.6885,-3.1630859375,3.36328125,-0.720703125
0.689,-3.7236328125,3.4833984375,-0.2802734375
0.6895,-3.84375,2.7626953125,0.6005859375
0.69,-4.2041015625,2.5224609375,1.201171875
0.6905,-4.404296875,1.8818359375,2.0419921875
0.691,-4.2841796875,1.3212890625,2.4423828125
0.6915,-3.8037109375,0.2802734375,2.962890625
0.692,-3.5634765625,-0.400390625,3.36328125
0.6925,-2.8828125,-1.3212890625,3.603515625
0.693,-2.5625,-2.001953125,3.923828125
0.6935,-1.8818359375,-2.8427734375,4.00390625
0.694,-1.0810546875,-3.0830078125,3.5234375
0.6945,-0.48046875,-3.68359375,3.4833984375
0.695,0.6005859375,-3.923828125,2.72265625
0.6955,1.3212890625,-4.3642578125,2.3623046875
0.696,2.2021484375,-4.5244140625,1.6416015625
0.6965,2.7626953125,-4.5244140625,1.12109375
0.697,3.0029296875,-3.923828125,0.3203125
0.6975,3.443359375,-3.84375,-0.16015625
0.698,3.5634765625,-3.0830078125,-1.12109375
0.6985,3.84375,-2.7626953125,-1.6015625
0.699,4.00390625,-2.1220703125,-2.4423828125
0.6995,3.5634765625,-1.3212890625,-2.7626953125
0.7,3.2431640625,-0.48046875,-3.2431640625
0.7005,2.6826171875,0.3603515625,-3.5634765625
0.701,2.2021484375,1.2412109375,-3.84375
0.7015,1.76171875,1.8818359375,-4.00390625
0.702,1.0810546875,2.5224609375,-4.00390625
0.7025,0.240234375,2.802734375,-3.4033203125
0.703,-0.3603515625,3.3232421875,-3.36328125
0.7035,-1.521484375,3.5234375,-2.482421875
0.704,-2.162109375,3.84375,-2.2021484375
0.7045,-2.962890625,3.8837890625,-1.44140625
0.705,-3.36328125,3.7236328125,-0.80078125
0.7055,-3.6435546875,3.283203125,-0.1201171875
0.706,-3.9638671875,3.04296875,0.48046875
0.7065,-4.1640625,2.322265625,1.4013671875
0.707,-4.3642578125,1.921875,1.921875
0.7075,-4.5244140625,1.3212890625,2.6826171875
0.708,-3.84375,0.3603515625,2.8828125
0.7085,-3.7236328125,-0.3603515625,3.4833984375
0.709,-2.9228515625,-1.3212890625,3.68359375
0.7095,-2.5625,-2.0419921875,4.00390625
0.71,-1.921875,-2.7626953125,4.00390625
0.7105,-1.28125,-3.36328125,3.9638671875
0.711,-0.3603515625,-3.603515625,3.3232421875
0.7115,0.3203125,-4.2041015625,3.1630859375
0.712,1.5615234375,-4.4443359375,2.2021484375
0.7125,2.162109375,-4.724609375,1.8818359375
0.713,2.9228515625,-4.64453125,1.12109375
0.7135,3.2431640625,-4.244140625,0.4404296875
0.714,3.5634765625,-3.8837890625,-0.3203125
0.7145,3.84375,-3.36328125,-1.0810546875
0.715,4.083984375,-2.72265625,-1.9619140625
0.7155,4.083984375,-2.2021484375,-2.4423828125
0.716,4.1240234375,-1.4814453125,-3.1630859375
0.7165,3.2431640625,-0.400390625,-3.3232421875
0.717,3.0830078125,0.3203125,-3.84375
0.7175,2.08203125,1.4814453125,-4.00390625
0.718,1.76171875,2.08203125,-4.2841796875
0.7185,1.0009765625,2.72265625,-4.1240234375
0.719,0.2802734375,3.203125,-3.84375
0.7195,-0.6005859375,3.36328125,-3.2431640625
0.72,-1.44140625,3.84375,-2.9228515625
0.7205,-2.6025390625,4.0439453125,-1.9619140625
0.721,-3.0830078125,4.1240234375,-1.4814453125
0.7215,-3.8037109375,4.00390625,-0.720703125
0.722,-3.923828125,3.443359375,0.0400390625
0.7225,-4.2841796875,3.1630859375,0.640625
0.723,-4.4443359375,2.3623046875,1.6015625
0.7235,-4.6845703125,1.921875,2.2822265625
0.724,-4.484375,1.201171875,2.7626953125
0.7245,-4.4443359375,0.5205078125,3.36328125
0.725,-3.5234375,-0.640625,3.5234375
0.7255,-3.36328125,-1.28125,4.00390625
0.726,-2.2822265625,-2.4423828125,4.1240234375
0.7265,-2.001953125,-2.9228515625,4.32421875
0.727,-1.12109375,-3.5634765625,4.00390625
0.7275,-0.3603515625,-4.00390625,3.68359375
0.728,0.5205078125,-4.32421875,3.123046875
0.7285,1.4814453125,-4.7646484375,2.5625
0.729,2.5625,-4.9248046875,1.76171875
0.7295,3.0029296875,-4.8046875,1.1611328125
0.73,3.68359375,-4.6845703125,0.400390625
0.7305,3.8037109375,-3.9638671875,-0.4404296875
0.731,4.1640625,-3.7236328125,-1.041015625
0.7315,4.32421875,-2.7626953125,-2.1220703125
0.732,4.5244140625,-2.2822265625,-2.7626953125
0.7325,4.1640625,-1.44140625,-3.283203125
0.733,3.9638671875,-0.6005859375,-3.8837890625
0.7335,2.962890625,0.560546875,-3.9638671875
0.734,2.6826171875,1.28125,-4.3642578125
0.7345,1.5615234375,2.5224609375,-4.5244140625
0.735,1.1611328125,2.9228515625,-4.484375
0.7355,0.2001953125,3.5234375,-4.1240234375
0.736,-0.6806640625,3.84375,-3.603515625
0.7365,-1.4814453125,4.083984375,-3.0830078125
0.737,-2.6025390625,4.4443359375,-2.2421875
0.7375,-3.6435546875,4.6044921875,-1.4013671875
0.738,-3.923828125,4.1240234375,-0.640625
0.7385,-4.5244140625,4.00390625,0.080078125
0.739,-4.5244140625,3.1630859375,0.9208984375
0.7395,-4.8447265625,2.8427734375,1.521484375
0.74,-4.9248046875,1.8017578125,2.642578125
0.7405,-4.96484375,1.28125,3.123046875
0.741,-4.484375,0.3203125,3.5634765625
0.7415,-4.083984375,-0.5205078125,4.0439453125
0.742,-3.203125,-1.5615234375,4.1240234375
0.7425,-2.7626953125,-2.2822265625,4.4443359375
0.743,-1.8017578125,-3.4033203125,4.564453125
0.7435,-1.2412109375,-3.7236328125,4.2041015625
0.744,-0.3603515625,-4.3642578125,3.9638671875
0.7445,0.560546875,-4.5244140625,3.2431640625
0.745,1.3212890625,-4.8447265625,2.8427734375
0.7455,2.5224609375,-5.0849609375,1.921875
0.746,3.4033203125,-5.205078125,1.2412109375
0.7465,3.68359375,-4.64453125,0.3603515625
0.747,4.2841796875,-4.5244140625,-0.3203125
0.7475,4.2841796875,-3.68359375,-1.1611328125
0.748,4.5244140625,-3.283203125,-1.8017578125
0.7485,4.7646484375,-2.2822265625,-2.962890625
0.749,4.5244140625,-1.7216796875,-3.36328125
0.7495,4.083984375,-0.640625,-3.923828125
0.75,3.5234375,0.2802734375,-4.244140625
0.7505,2.72265625,1.28125,-4.404296875
0.751,2.1220703125,2.1220703125,-4.64453125
0.7515,1.28125,3.1630859375,-4.884765625
0.752,0.4404296875,3.443359375,-4.244140625
0.7525,-0.400390625,4.0439453125,-4.1240234375
0.753,-1.361328125,4.2041015625,-3.203125
0.7535,-2.2021484375,4.5244140625,-2.72265625
0.754,-3.443359375,4.724609375,-1.681640625
0.7545,-4.2041015625,4.7646484375,-0.9609375
0.755,-4.4443359375,3.9638671875,0.0
0.7555,-4.884765625,3.84375,0.6005859375
0.756,-4.8447265625,2.8828125,1.521484375
0.7565,-5.044921875,2.40234375,2.162109375
0.757,-5.28515625,1.4013671875,3.3232421875
0.7575,-4.8046875,0.6806640625,3.5634765625
0.758,-4.3642578125,-0.3603515625,4.1240234375
0.7585,-3.68359375,-1.28125,4.32421875
0.759,-2.962890625,-2.162109375,4.484375
0.7595,-2.2021484375,-3.0830078125,4.564453125
0.76,-1.4013671875,-4.0439453125,4.6845703125
0.7605,-0.48046875,-4.2041015625,3.8837890625
0.761,0.240234375,-4.724609375,3.84375
0.7615,1.28125,-4.8046875,2.8427734375
0.762,2.001953125,-5.0849609375,2.40234375
0.7625,3.203125,-5.2451171875,1.4013671875
0.763,3.763671875,-5.0849609375,0.6806640625
0.7635,4.0439453125,-4.4443359375,-0.2001953125
0.764,4.404296875,-4.1640625,-0.80078125
0.7645,4.484375,-3.3232421875,-1.7216796875
0.765,4.6044921875,-2.7626953125,-2.3623046875
0.7655,4.8447265625,-1.9619140625,-3.4033203125
0.766,4.1640625,-1.041015625,-3.6435546875
0.7665,3.84375,-0.1201171875,-4.244140625
0.767,3.0029296875,0.9208984375,-4.3642578125
0.7675,2.40234375,1.681640625,-4.64453125
0.768,1.6015625,2.6826171875,-4.724609375
0.7685,0.880859375,3.443359375,-4.8447265625
0.769,-0.16015625,3.7236328125,-3.923828125
0.7695,-0.80078125,4.2841796875,-3.84375
0.77,-2.0419921875,4.404296875,-2.7626953125
0.7705,-2.7626953125,4.64453125,-2.322265625
0.771,-3.9638671875,4.8046875,-1.28125
0.7715,-4.3642578125,4.404296875,-0.5205078125
0.772,-4.64453125,3.84375,0.3603515625
0.7725,-4.9248046875,3.4033203125,1.0810546875
0.773,-5.0048828125,2.5224609375,1.9619140625
0.7735,-5.044921875,1.921875,2.642578125
0.774,-5.2451171875,1.12109375,3.5634765625
0.7745,-4.3642578125,0.0400390625,3.763671875
0.775,-4.1240234375,-0.7607421875,4.32421875
0.7755,-3.0830078125,-1.8818359375,4.2841796875
0.776,-2.6025390625,-2.6025390625,4.484375
0.7765,-1.7216796875,-3.5234375,4.484375
0.777,-1.0009765625,-4.0439453125,4.3642578125
0.7775,0.0,-4.244140625,3.603515625
0.778,0.6005859375,-4.724609375,3.443359375
0.7785,1.841796875,-4.8447265625,2.40234375
0.779,2.40234375,-5.0048828125,1.9619140625
0.7795,3.4833984375,-5.125,1.041015625
0.78,3.68359375,-4.564453125,0.2802734375
0.7805,4.083984375,-4.244140625,-0.400390625
0.781,4.2041015625,-3.603515625,-1.1611328125
0.7815,4.404296875,-3.0029296875,-1.9619140625
0.782,4.4443359375,-2.322265625,-2.642578125
0.7825,4.5244140625,-1.681640625,-3.36328125
0.783,3.6435546875,-0.6005859375,-3.5634765625
0.7835,3.5234375,0.1201171875,-4.1640625
0.784,2.482421875,1.2412109375,-4.1640625
0.7845,2.2021484375,1.921875,-4.5244140625
0.785,1.3212890625,2.8427734375,-4.5244140625
0.7855,0.6005859375,3.283203125,-4.2041015625
0.786,-0.3203125,3.6435546875,-3.7236328125
0.7865,-1.12109375,4.083984375,-3.3232421875
0.787,-2.2822265625,4.244140625,-2.40234375
0.7875,-2.8828125,4.4443359375,-1.9619140625
0.788,-3.84375,4.484375,-1.12109375
0.7885,-4.00390625,3.84375,-0.2802734375
0.789,-4.484375,3.68359375,0.3203125
0.7895,-4.564453125,2.8427734375,1.28125
0.79,-4.8046875,2.40234375,1.9619140625
0.7905,-4.8046875,1.6015625,2.6826171875
0.791,-4.8046875,0.9609375,3.283203125
0.7915,-3.8837890625,-0.2802734375,3.5234375
0.792,-3.763671875,-0.9208984375,4.00390625
0.7925,-2.72265625,-2.0419921875,4.0439453125
0.793,-2.4423828125,-2.5625,4.32421875
0.7935,-1.5615234375,-3.4033203125,4.2841796875
0.794,-0.720703125,-3.7236328125,3.8037109375
0.7945,0.0,-4.1240234375,3.443359375
0.795,0.9609375,-4.4443359375,2.8427734375
0.7955,1.8818359375,-4.64453125,2.1220703125
0.796,2.5224609375,-4.724609375,1.5615234375
0.7965,3.203125,-4.724609375,0.9609375
0.797,3.3232421875,-4.00390625,0.1201171875
0.7975,3.8037109375,-3.9638671875,-0.400390625
0.798,3.84375,-3.0830078125,-1.3212890625
0.7985,4.1240234375,-2.802734375,-1.8818359375
0.799,4.1240234375,-2.08203125,-2.642578125
0.7995,3.8837890625,-1.4013671875,-3.0830078125
0.8,3.2431640625,-0.400390625,-3.4033203125
0.8005,3.0029296875,0.3603515625,-3.8037109375
0.801,2.2021484375,1.3212890625,-4.00390625
0.8015,1.921875,1.921875,-4.2041015625
0.802,1.12109375,2.6826171875,-4.1640625
0.8025,0.2802734375,2.8828125,-3.603515625
0.803,-0.3603515625,3.4833984375,-3.4833984375
0.8035,-1.44140625,3.68359375,-2.6826171875
0.804,-2.2021484375,4.0439453125,-2.2822265625
0.8045,-2.8828125,4.0439453125,-1.5615234375
0.805,-3.4033203125,3.9638671875,-1.0009765625
0.8055,-3.6435546875,3.36328125,-0.2001953125
0.806,-4.083984375,3.283203125,0.3203125
0.8065,-4.2041015625,2.482421875,1.28125
0.807,-4.5244140625,2.2421875,1.76171875
0.8075,-4.5244140625,1.44140625,2.5224609375
0.808,-4.0439453125,0.640625,2.8427734375
0.8085,-3.68359375,-0.2802734375,3.36328125
0.809,-3.203125,-1.0009765625,3.6435546875
0.8095,-2.6025390625,-1.9619140625,3.8837890625
0.81,-2.162109375,-2.4423828125,3.9638671875
0.8105,-1.4814453125,-3.123046875,3.923828125
0.811,-0.640625,-3.36328125,3.3232421875
0.8115,0.0,-3.923828125,3.283203125
0.812,1.12109375,-4.1240234375,2.3623046875
0.8125,1.76171875,-4.484375,2.08203125
0.813,2.4423828125,-4.4443359375,1.4013671875
0.8135,2.802734375,-4.244140625,0.8408203125
0.814,3.123046875,-3.8037109375,0.1201171875
0.8145,3.4833984375,-3.5634765625,-0.5205078125
0.815,3.763671875,-2.9228515625,-1.361328125
0.8155,3.84375,-2.642578125,-1.8818359375
0.816,3.9638671875,-1.9619140625,-2.6025390625
0.8165,3.3232421875,-1.0009765625,-2.8427734375
0.817,3.1630859375,-0.240234375,-3.4033203125
0.8175,2.4423828125,0.720703125,-3.603515625
0.818,2.162109375,1.4013671875,-4.00390625
0.8185,1.521484375,2.001953125,-3.923828125
0.819,0.9208984375,2.5625,-3.84375
0.8195,0.0400390625,2.8427734375,-3.2431640625
0.82,-0.6806640625,3.443359375,-3.1630859375
0.8205,-1.76171875,3.6435546875,-2.2822265625
0.821,-2.322265625,3.8837890625,-2.001953125
0.8215,-3.0029296875,3.84375,-1.28125
0.822,-3.283203125,3.4833984375,-0.640625
0.8225,-3.68359375,3.1630859375,0.0400390625
0.823,-3.8837890625,2.6826171875,0.7607421875
0.8235,-4.244140625,2.2421875,1.44140625
0.824,-4.2041015625,1.76171875,1.921875
0.8245,-4.244140625,1.1611328125,2.6025390625
0.825,-3.5634765625,0.1201171875,2.8427734375
0.8255,-3.4833984375,-0.5205078125,3.443359375
0.826,-2.6025390625,-1.521484375,3.5634765625
0.8265,-2.482421875,-2.08203125,3.9638671875
0.827,-1.681640625,-2.6826171875,3.763671875
0.8275,-1.0810546875,-3.1630859375,3.603515625
0.828,-0.2802734375,-3.5634765625,3.1630859375
0.8285,0.6005859375,-4.00390625,2.8427734375
0.829,1.5615234375,-4.32421875,2.08203125
0.8295,2.08203125,-4.404296875,1.7216796875
0.83,2.72265625,-4.3642578125,1.0810546875
0.8305,2.9228515625,-3.8837890625,0.3603515625
0.831,3.4033203125,-3.7236328125,-0.240234375
0.8315,3.603515625,-3.0830078125,-1.1611328125
0.832,3.923828125,-2.802734375,-1.76171875
0.8325,3.8037109375,-2.001953125,-2.2822265625
0.833,3.68359375,-1.361328125,-2.8427734375
0.8335,2.9228515625,-0.3203125,-3.123046875
0.834,2.8427734375,0.3203125,-3.603515625
0.8345,1.9619140625,1.4013671875,-3.84375
0.835,1.76171875,1.8818359375,-4.0439453125
0.8355,0.9208984375,2.5224609375,-3.84375
0.836,0.240234375,2.8427734375,-3.4833984375
0.8365,-0.6005859375,3.283203125,-3.0830078125
0.837,-1.5615234375,3.6435546875,-2.5224609375
0.8375,-2.482421875,3.9638671875,-1.921875
0.838,-2.8828125,3.8037109375,-1.3212890625
0.8385,-3.4833984375,3.763671875,-0.720703125
0.839,-3.603515625,3.123046875,0.0400390625
0.8395,-4.00390625,2.9228515625,0.6005859375
0.84,-4.1640625,2.08203125,1.5615234375
0.8405,-4.3642578125,1.921875,2.0419921875
0.841,-4.1640625,1.041015625,2.5625
0.8415,-3.84375,0.3203125,3.0029296875
0.842,-3.203125,-0.6806640625,3.283203125
0.8425,-2.9228515625,-1.3212890625,3.68359375
0.843,-2.2421875,-2.322265625,3.8837890625
0.8435,-1.841796875,-2.642578125,3.84375
0.844,-1.0810546875,-3.283203125,3.68359375
0.8445,-0.3203125,-3.5634765625,3.1630859375
0.845,0.48046875,-4.0439453125,2.9228515625
0.8455,1.521484375,-4.2841796875,2.162109375
0.846,2.2421875,-4.564453125,1.7216796875
0.8465,2.6826171875,-4.32421875,1.041015625
0.847,3.123046875,-4.404296875,0.4404296875
0.8475,3.36328125,-3.68359375,-0.3603515625
0.848,3.763671875,-3.4833984375,-1.0009765625
0.8485,4.0439453125,-2.6025390625,-1.9619140625
0.849,4.0439453125,-2.2421875,-2.3623046875
0.8495,3.84375,-1.3212890625,-3.04296875
0.85,3.3232421875,-0.48046875,-3.36328125
0.8505,2.802734375,0.48046875,-3.7236328125
0.851,2.2421875,1.28125,-3.9638671875
0.8515,1.6416015625,2.2421875,-4.32421875
0.852,1.0009765625,2.5625,-3.9638671875
0.8525,0.2802734375,3.203125,-3.84375
0.853,-0.640625,3.36328125,-3.1630859375
0.8535,-1.4013671875,3.84375,-2.8828125
0.854,-2.6025390625,4.1240234375,-1.921875
0.8545,-3.283203125,4.1640625,-1.361328125
0.855,-3.5634765625,3.7236328125,-0.640625
0.8555,-4.083984375,3.5234375,0.0400390625
0.856,-4.1640625,2.8427734375,0.80078125
0.8565,-4.4443359375,2.4423828125,1.521484375
0.857,-4.724609375,1.7216796875,2.5224609375
0.8575,-4.4443359375,1.0810546875,2.802734375
0.858,-4.1640625,0.240234375,3.443359375
0.8585,-3.4833984375,-0.720703125,3.6435546875
0.859,-3.04296875,-1.4814453125,3.8837890625
0.8595,-2.2822265625,-2.40234375,4.0439453125
0.86,-1.7216796875,-3.203125,4.244140625
0.8605,-0.9208984375,-3.4033203125,3.68359375
0.861,-0.3203125,-4.00390625,3.603515625
0.8615,0.6806640625,-4.1240234375,2.802734375
0.862,1.4013671875,-4.5244140625,2.5224609375
0.8625,2.6025390625,-4.8046875,1.5615234375
0.863,3.04296875,-4.64453125,1.041015625
0.8635,3.4833984375,-4.3642578125,0.2001953125
0.864,3.8037109375,-3.8837890625,-0.3203125
0.8645,3.9638671875,-3.36328125,-1.1611328125
0.865,4.1240234375,-2.802734375,-1.921875
0.8655,4.484375,-2.2021484375,-2.8427734375
0.866,3.923828125,-1.3212890625,-3.0830078125
0.8665,3.8037109375,-0.5205078125,-3.763671875
0.867,2.8427734375,0.560546875,-3.84375
0.8675,2.5625,1.28125,-4.244140625
0.868,1.7216796875,2.322265625,-4.404296875
0.8685,1.12109375,3.0029296875,-4.484375
0.869,0.16015625,3.3232421875,-3.84375
0.8695,-0.5205078125,3.84375,-3.7236328125
0.87,-1.6416015625,4.0439453125,-2.802734375
0.8705,-2.40234375,4.3642578125,-2.3623046875
0.871,-3.68359375,4.5244140625,-1.44140625
0.8715,-4.00390625,4.1640625,-0.640625
0.872,-4.5244140625,3.7236328125,0.1201171875
0.8725,-4.64453125,3.283203125,0.880859375
0.873,-4.7646484375,2.6025390625,1.7216796875
0.8735,-4.8447265625,1.921875,2.482421875
0.874,-5.0849609375,1.201171875,3.36328125
0.8745,-4.244140625,0.1201171875,3.5634765625
0.875,-4.083984375,-0.640625,4.1240234375
0.8755,-3.04296875,-1.7216796875,4.1240234375
0.876,-2.6025390625,-2.40234375,4.404296875
0.8765,-1.681640625,-3.443359375,4.484375
0.877,-0.9609375,-3.923828125,4.2041015625
0.8775,-0.080078125,-4.2041015625,3.6435546875
0.878,0.6005859375,-4.64453125,3.3232421875
0.8785,1.76171875,-4.7646484375,2.3623046875
0.879,2.4423828125,-4.96484375,1.921875
0.8795,3.5234375,-5.1650390625,0.9609375
0.88,3.7236328125,-4.5244140625,0.16015625
0.8805,4.1240234375,-4.2841796875,-0.400390625
0.881,4.2041015625,-3.5634765625,-1.28125
0.8815,4.404296875,-3.0029296875,-1.9619140625
0.882,4.484375,-2.2421875,-2.802734375
0.8825,4.6044921875,-1.6015625,-3.5234375
0.883,3.68359375,-0.48046875,-3.7236328125
0.8835,3.5234375,0.2802734375,-4.2841796875
0.884,2.4423828125,1.44140625,-4.32421875
0.8845,2.08203125,2.1220703125,-4.6044921875
0.885,1.201171875,3.1630859375,-4.724609375
0.8855,0.3203125,3.5634765625,-4.244140625
0.886,-0.5205078125,3.923828125,-3.8037109375
0.8865,-1.44140625,4.32421875,-3.283203125
0.887,-2.6025390625,4.484375,-2.3623046875
0.8875,-3.283203125,4.6044921875,-1.8017578125
0.888,-4.2841796875,4.724609375,-0.9609375
0.8885,-4.4443359375,3.9638671875,0.0
0.889,-4.8447265625,3.763671875,0.640625
0.8895,-4.96484375,2.7626953125,1.7216796875
0.89,-5.125,2.2421875,2.40234375
0.8905,-5.125,1.4013671875,3.203125
0.891,-5.0048828125,0.6005859375,3.84375
0.8915,-4.00390625,-0.6005859375,3.9638671875
0.892,-3.8037109375,-1.28125,4.484375
0.8925,-2.5625,-2.5625,4.484375
0.893,-2.2021484375,-3.123046875,4.6044921875
0.8935,-1.201171875,-4.0439453125,4.564453125
0.894,-0.3203125,-4.32421875,3.9638671875
0.8945,0.48046875,-4.64453125,3.5234375
0.895,1.5615234375,-5.044921875,2.7626953125
0.8955,2.5625,-5.1650390625,1.921875
0.896,3.203125,-5.1650390625,1.28125
0.8965,3.9638671875,-5.0849609375,0.560546875
0.897,4.00390625,-4.2041015625,-0.3603515625
0.8975,4.404296875,-4.0439453125,-0.9208984375
0.898,4.484375,-2.962890625,-2.08203125
0.8985,4.6044921875,-2.5625,-2.6025390625
0.899,4.5244140625,-1.7216796875,-3.36328125
0.8995,4.2041015625,-0.9208984375,-3.84375
0.9,3.36328125,0.240234375,-4.0439453125
0.9005,3.0029296875,1.0009765625,-4.4443359375
0.901,1.9619140625,2.2421875,-4.5244140625
0.9015,1.5615234375,2.6826171875,-4.64453125
0.902,0.640625,3.5634765625,-4.564453125
0.9025,-0.3203125,3.84375,-3.84375
0.903,-1.0810546875,4.2041015625,-3.5634765625
0.9035,-2.2822265625,4.484375,-2.642578125
0.904,-3.1630859375,4.64453125,-1.9619140625
0.9045,-3.84375,4.6044921875,-1.201171875
0.905,-4.5244140625,4.484375,-0.4404296875
0.9055,-4.564453125,3.6435546875,0.5205078125
0.906,-5.0048828125,3.4033203125,1.12109375
0.9065,-5.0849609375,2.2421875,2.3623046875
0.907,-5.125,1.8818359375,2.802734375
0.9075,-5.044921875,0.9208984375,3.5634765625
0.908,-4.5244140625,0.0,3.9638671875
0.9085,-3.763671875,-1.0810546875,4.244140625
0.909,-3.203125,-1.9619140625,4.564453125
0.9095,-2.2021484375,-3.123046875,4.64453125
0.91,-1.681640625,-3.5234375,4.5244140625
0.9105,-0.720703125,-4.32421875,4.3642578125
0.911,0.240234375,-4.5244140625,3.5234375
0.9115,0.9609375,-4.9248046875,3.203125
0.912,2.2421875,-5.125,2.1220703125
0.9125,3.0029296875,-5.1650390625,1.5615234375
0.913,3.5634765625,-4.9248046875,0.7607421875
0.9135,4.00390625,-4.6845703125,0.0400390625
0.914,4.083984375,-3.8837890625,-0.80078125
0.9145,4.4443359375,-3.603515625,-1.4013671875
0.915,4.5244140625,-2.5625,-2.5224609375
0.9155,4.484375,-2.1220703125,-2.8427734375
0.916,4.32421875,-1.2412109375,-3.603515625
0.9165,3.603515625,-0.3203125,-3.84375
0.917,3.123046875,0.640625,-4.1640625
0.9175,2.3623046875,1.5615234375,-4.3642578125
0.918,1.681640625,2.482421875,-4.564453125
0.9185,1.12109375,2.8828125,-4.3642578125
0.919,0.2802734375,3.5234375,-4.2041015625
0.9195,-0.720703125,3.68359375,-3.443359375
0.92,-1.44140625,4.1640625,-3.2431640625
0.9205,-2.72265625,4.3642578125,-2.08203125
0.921,-3.2431640625,4.5244140625,-1.681640625
0.9215,-3.8837890625,4.2841796875,-0.80078125
0.922,-4.244140625,3.923828125,-0.1201171875
0.9225,-4.484375,3.283203125,0.720703125
0.923,-4.7646484375,2.8427734375,1.4013671875
0.9235,-4.96484375,2.0419921875,2.40234375
0.924,-4.8046875,1.5615234375,2.72265625
0.9245,-4.724609375,0.6806640625,3.5234375
0.925,-3.8837890625,-0.400390625,3.68359375
0.9255,-3.5634765625,-1.2412109375,4.1640625
0.926,-2.6025390625,-2.2822265625,4.2841796875
0.9265,-2.1220703125,-3.04296875,4.484375
0.927,-1.3212890625,-3.5234375,4.1240234375
0.9275,-0.6005859375,-4.1240234375,3.9638671875
0.928,0.4404296875,-4.2841796875,3.123046875
0.9285,1.1611328125,-4.6845703125,2.8828125
0.929,2.40234375,-4.8447265625,1.841796875
0.9295,2.8427734375,-4.8447265625,1.44140625
0.93,3.4033203125,-4.6044921875,0.6005859375
0.9305,3.6435546875,-4.1240234375,-0.1201171875
0.931,3.8837890625,-3.68359375,-0.80078125
0.9315,4.083984375,-3.04296875,-1.6015625
0.932,4.32421875,-2.4423828125,-2.40234375
0.9325,4.00390625,-1.8017578125,-2.72265625
0.933,3.9638671875,-1.0810546875,-3.36328125
0.9335,3.0029296875,0.0,-3.5234375
0.934,2.8427734375,0.6806640625,-4.00390625
0.9345,1.921875,1.76171875,-4.083984375
0.935,1.681640625,2.2421875,-4.3642578125
0.9355,0.7607421875,2.72265625,-3.9638671875
0.936,0.080078125,3.203125,-3.7236328125
0.9365,-0.80078125,3.5234375,-3.0830078125
0.937,-1.6015625,3.923828125,-2.72265625
0.9375,-2.72265625,4.1640625,-1.921875
0.938,-3.0830078125,4.083984375,-1.44140625
0.9385,-3.7236328125,3.923828125,-0.6806640625
0.939,-3.84375,3.3232421875,0.080078125
0.9395,-4.244140625,3.0830078125,0.6806640625
0.94,-4.3642578125,2.322265625,1.5615234375
0.9405,-4.64453125,1.9619140625,2.2421875
0.941,-4.2841796875,1.1611328125,2.6025390625
0.9415,-4.1640625,0.48046875,3.1630859375
0.942,-3.3232421875,-0.640625,3.4033203125
0.9425,-3.203125,-1.2412109375,3.8837890625
0.943,-2.2822265625,-2.3623046875,3.9638671875
0.9435,-2.0419921875,-2.72265625,4.0439453125
0.944,-1.1611328125,-3.283203125,3.7236328125
0.9445,-0.4404296875,-3.603515625,3.4033203125
0.945,0.400390625,-4.0439453125,2.962890625
0.9455,1.28125,-4.32421875,2.40234375
0.946,2.2021484375,-4.64453125,1.841796875
0.9465,2.5224609375,-4.3642578125,1.28125
0.947,3.0830078125,-4.3642578125,0.640625
0.9475,3.2431640625,-3.68359375,-0.16015625
0.948,3.68359375,-3.5234375,-0.6806640625
0.9485,3.8037109375,-2.7626953125,-1.6416015625
0.949,4.00390625,-2.482421875,-2.08203125
0.9495,3.68359375,-1.6015625,-2.6025390625
0.95,3.4033203125,-0.880859375,-3.04296875
0.9505,2.72265625,0.16015625,-3.36328125
0.951,2.5224609375,0.7607421875,-3.763671875
0.9515,1.8818359375,1.7216796875,-4.083984375
0.952,1.44140625,1.9619140625,-3.923828125
0.9525,0.6806640625,2.6826171875,-3.8037109375
0.953,-0.16015625,2.962890625,-3.2431640625
0.9535,-0.9208984375,3.5234375,-3.0029296875
0.954,-1.921875,3.763671875,-2.2822265625
0.9545,-2.642578125,4.0439453125,-1.841796875
0.955,-3.0029296875,3.6435546875,-1.12109375
0.9555,-3.5234375,3.6435546875,-0.6005859375
0.956,-3.7236328125,2.962890625,0.2802734375
0.9565,-4.1240234375,2.802734375,0.8408203125
0.957,-4.3642578125,2.08203125,1.8017578125
0.9575,-4.3642578125,1.7216796875,2.1220703125
0.958,-4.083984375,0.80078125,2.7626953125
0.9585,-3.603515625,0.0,3.0830078125
0.959,-3.1630859375,-0.9609375,3.443359375
0.9595,-2.642578125,-1.681640625,3.7236328125
0.96,-2.2021484375,-2.5224609375,3.9638671875
0.9605,-1.5615234375,-2.72265625,3.6435546875
0.961,-0.9208984375,-3.36328125,3.603515625
0.9615,0.0,-3.5634765625,2.9228515625
0.962,0.6806640625,-4.083984375,2.7626953125
0.9625,1.76171875,-4.32421875,1.921875
0.963,2.2421875,-4.4443359375,1.5615234375
0.9635,2.6826171875,-4.0439453125,0.80078125
0.964,3.04296875,-3.923828125,0.2802734375
0.9645,3.3232421875,-3.443359375,-0.48046875
0.965,3.603515625,-3.0830078125,-1.12109375
0.9655,3.9638671875,-2.5625,-1.9619140625
0.966,3.68359375,-2.001953125,-2.2822265625
0.9665,3.5634765625,-1.201171875,-2.9228515625
0.967,2.8828125,-0.3203125,-3.1630859375
0.9675,2.6826171875,0.48046875,-3.68359375
0.968,2.0419921875,1.3212890625,-3.8837890625
0.9685,1.6416015625,2.0419921875,-4.1640625
0.969,0.8408203125,2.40234375,-3.6435546875
0.9695,0.240234375,3.0029296875,-3.603515625
0.97,-0.720703125,3.2431640625,-2.9228515625
0.9705,-1.4814453125,3.7236328125,-2.642578125
0.971,-2.6025390625,4.00390625,-1.841796875
0.9715,-3.0029296875,3.8837890625,-1.3212890625
0.972,-3.4833984375,3.603515625,-0.6005859375
0.9725,-3.763671875,3.203125,0.080078125
0.973,-4.0439453125,2.802734375,0.80078125
0.9735,-4.244140625,2.2421875,1.521484375
0.974,-4.564453125,1.7216796875,2.2822265625
0.9745,-4.00390625,0.9208984375,2.6025390625
0.975,-3.9638671875,0.1201171875,3.2431640625
0.9755,-3.0830078125,-0.9208984375,3.3232421875
0.976,-2.9228515625,-1.5615234375,3.8037109375
0.9765,-2.1220703125,-2.4423828125,3.9638671875
0.977,-1.6416015625,-2.9228515625,3.923828125
0.9775,-0.80078125,-3.283203125,3.4833984375
0.978,-0.2001953125,-3.763671875,3.283203125
0.9785,0.7607421875,-4.00390625,2.6025390625
0.979,1.521484375,-4.32421875,2.2021484375
0.9795,2.5224609375,-4.564453125,1.4814453125
0.98,2.72265625,-4.1640625,0.8408203125
0.9805,3.203125,-4.083984375,0.2802734375
0.981,3.36328125,-3.5234375,-0.4404296875
0.9815,3.68359375,-3.203125,-1.0810546875
0.982,3.84375,-2.5625,-1.8818359375
0.9825,4.083984375,-2.08203125,-2.5224609375
0.983,3.443359375,-1.1611328125,-2.8828125
0.9835,3.36328125,-0.5205078125,-3.4033203125
0.984,2.5224609375,0.5205078125,-3.603515625
0.9845,2.3623046875,1.2412109375,-4.00390625
0.985,1.6015625,2.2021484375,-4.2041015625
0.9855,0.9609375,2.6025390625,-3.9638671875
0.986,0.16015625,3.0830078125,-3.68359375
0.9865,-0.640625,3.4833984375,-3.2431640625
0.987,-1.5615234375,3.8037109375,-2.642578125
0.9875,-2.4423828125,4.1240234375,-2.08203125
0.988,-3.36328125,4.2841796875,-1.361328125
0.9885,-3.5634765625,3.68359375,-0.560546875
0.989,-4.083984375,3.6435546875,0.0
0.9895,-4.2041015625,2.8427734375,0.9208984375
0.99,-4.5244140625,2.482421875,1.5615234375
0.9905,-4.64453125,1.7216796875,2.4423828125
0.991,-4.564453125,1.0810546875,2.962890625
0.9915,-3.84375,0.0,3.283203125
0.992,-3.68359375,-0.7607421875,3.8037109375
0.9925,-2.7626953125,-1.76171875,3.8837890625
0.993,-2.4423828125,-2.40234375,4.1640625
0.9935,-1.6015625,-3.36328125,4.2841796875
0.994,-0.7607421875,-3.603515625,3.7236328125
0.9945,-0.080078125,-4.0439453125,3.5234375
0.995,0.9208984375,-4.3642578125,2.802734375
0.9955,1.8017578125,-4.564453125,2.162109375
0.996,2.6025390625,-4.6845703125,1.521484375
0.9965,3.283203125,-4.7646484375,0.880859375
0.997,3.4033203125,-4.0439453125,0.0400390625
0.9975,3.84375,-3.923828125,-0.48046875
0.998,3.8837890625,-3.0029296875,-1.44140625
0.9985,4.1240234375,-2.6826171875,-1.9619140625
0.999,4.244140625,-2.001953125,-2.8828125
0.9995,3.8837890625,-1.28125,-3.203125
