wavelength,x,y,z
0.0,2.6025390625,0.7607421875,-3.7236328125
0.0005,2.08203125,1.361328125,-3.923828125
0.001,1.4013671875,2.162109375,-4.00390625
0.0015,0.48046875,2.5224609375,-3.5234375
0.002,-0.16015625,3.1630859375,-3.5634765625
0.0025,-1.0009765625,3.36328125,-2.8828125
0.003,-1.6015625,3.68359375,-2.5625
0.0035,-2.322265625,3.7236328125,-1.921875
0.004,-2.8427734375,3.5634765625,-1.28125
0.0045,-3.1630859375,3.203125,-0.6005859375
0.005,-3.5634765625,3.04296875,0.080078125
0.0055,-3.763671875,2.2421875,1.0009765625
0.006,-3.923828125,1.841796875,1.6416015625
0.0065,-4.00390625,1.0810546875,2.482421875
0.007,-3.5634765625,0.3203125,2.8427734375
0.0075,-3.5634765625,-0.3203125,3.36328125
0.008,-3.0029296875,-1.12109375,3.68359375
0.0085,-2.5224609375,-1.8818359375,3.923828125
0.009,-1.8017578125,-2.5625,3.8837890625
0.0095,-1.0810546875,-3.203125,3.8037109375
0.01,-0.16015625,-3.5634765625,3.2431640625
0.0105,0.48046875,-4.0439453125,3.203125
0.011,1.4814453125,-4.2041015625,2.40234375
0.0115,1.9619140625,-4.3642578125,2.08203125
0.012,2.6826171875,-4.32421875,1.4013671875
0.0125,2.962890625,-3.9638671875,0.720703125
0.013,3.3232421875,-3.7236328125,0.080078125
0.0135,3.5634765625,-3.203125,-0.6806640625
0.014,3.763671875,-2.5625,-1.5615234375
0.0145,3.8037109375,-2.001953125,-2.1220703125
0.015,3.763671875,-1.3212890625,-2.8427734375
0.0155,3.2431640625,-0.5205078125,-3.123046875
0.016,3.2431640625,0.0400390625,-3.6435546875
0.0165,2.5625,0.880859375,-3.84375
0.017,2.2021484375,1.4814453125,-4.1240234375
0.0175,1.361328125,2.2021484375,-4.0439453125
0.018,0.6005859375,2.802734375,-3.84375
0.0185,-0.2802734375,3.1630859375,-3.4033203125
0.019,-0.9208984375,3.603515625,-3.203125
0.0195,-1.841796875,3.763671875,-2.4423828125
0.02,-2.2822265625,3.8837890625,-2.1220703125
0.0205,-3.0029296875,3.8837890625,-1.4013671875
0.021,-3.283203125,3.4033203125,-0.640625
0.0215,-3.763671875,3.2431640625,0.080078125
0.022,-4.00390625,2.5224609375,1.0009765625
0.0225,-4.1640625,1.921875,1.8017578125
0.023,-4.1240234375,1.2412109375,2.482421875
0.0235,-4.0439453125,0.48046875,3.123046875
0.024,-3.5234375,-0.400390625,3.4833984375
0.0245,-3.4033203125,-1.041015625,3.9638671875
0.025,-2.5625,-2.08203125,4.1640625
0.0255,-2.0419921875,-2.72265625,4.2041015625
0.026,-1.0810546875,-3.4033203125,4.083984375
0.0265,-0.2001953125,-3.8837890625,3.68359375
0.027,0.640625,-4.244140625,3.2431640625
0.0275,1.4814453125,-4.5244140625,2.7626953125
0.028,2.40234375,-4.64453125,1.921875
0.0285,2.802734375,-4.5244140625,1.4013671875
0.029,3.443359375,-4.404296875,0.6806640625
0.0295,3.5634765625,-3.763671875,-0.16015625
0.03,3.9638671875,-3.5634765625,-0.7607421875
0.0305,4.0439453125,-2.5625,-1.841796875
0.031,4.1240234375,-2.001953125,-2.482421875
0.0315,3.84375,-1.1611328125,-3.0830078125
0.032,3.6435546875,-0.48046875,-3.5634765625
0.0325,3.04296875,0.2802734375,-3.8037109375
0.033,2.8427734375,0.880859375,-4.1640625
0.0335,1.9619140625,1.921875,-4.3642578125
0.034,1.44140625,2.3623046875,-4.2041015625
0.0345,0.5205078125,3.0830078125,-4.00390625
0.035,-0.3603515625,3.36328125,-3.5234375
0.0355,-1.0009765625,3.763671875,-3.203125
0.036,-1.8818359375,3.8837890625,-2.5625
0.0365,-2.6025390625,4.0439453125,-1.9619140625
0.037,-2.962890625,3.8037109375,-1.361328125
0.0375,-3.5634765625,3.68359375,-0.720703125
0.038,-3.68359375,3.04296875,0.1201171875
0.0385,-4.1240234375,2.8828125,0.720703125
0.039,-4.1640625,1.8818359375,1.841796875
0.0395,-4.244140625,1.4814453125,2.3623046875
0.04,-4.00390625,0.6005859375,3.0029296875
0.0405,-3.763671875,-0.2001953125,3.443359375
0.041,-3.36328125,-0.9609375,3.84375
0.0415,-2.962890625,-1.6416015625,4.1240234375
0.042,-2.2421875,-2.5625,4.404296875
0.0425,-1.4814453125,-3.04296875,4.1240234375
0.043,-0.640625,-3.8037109375,4.0439453125
0.0435,0.3603515625,-4.083984375,3.36328125
0.044,1.0009765625,-4.5244140625,3.203125
0.0445,2.0419921875,-4.64453125,2.322265625
0.045,2.6826171875,-4.8046875,1.841796875
0.0455,3.123046875,-4.4443359375,1.041015625
0.046,3.68359375,-4.2841796875,0.3603515625
0.0465,3.8037109375,-3.603515625,-0.5205078125
0.047,4.1240234375,-3.283203125,-1.201171875
0.0475,4.244140625,-2.2421875,-2.3623046875
0.048,4.1240234375,-1.681640625,-2.8427734375
0.0485,3.84375,-0.80078125,-3.5234375
0.049,3.4833984375,0.0,-3.84375
0.0495,3.04296875,0.6806640625,-4.2041015625
0.05,2.40234375,1.5615234375,-4.3642578125
0.0505,1.7216796875,2.4423828125,-4.5244140625
0.051,0.80078125,2.8427734375,-4.0439453125
0.0515,0.0,3.5234375,-3.9638671875
0.052,-0.9609375,3.68359375,-3.203125
0.0525,-1.4814453125,4.00390625,-3.04296875
0.053,-2.5625,4.083984375,-2.08203125
0.0535,-3.0029296875,4.0439453125,-1.5615234375
0.054,-3.443359375,3.6435546875,-0.7607421875
0.0545,-3.84375,3.4033203125,-0.1201171875
0.055,-3.9638671875,2.7626953125,0.6806640625
0.0555,-4.1640625,2.2421875,1.44140625
0.056,-4.2841796875,1.4013671875,2.4423828125
0.0565,-4.00390625,0.7607421875,2.802734375
0.057,-3.84375,0.0,3.443359375
0.0575,-3.4033203125,-0.80078125,3.68359375
0.058,-3.1630859375,-1.361328125,4.083984375
0.0585,-2.322265625,-2.2822265625,4.2041015625
0.059,-1.8017578125,-2.9228515625,4.32421875
0.0595,-0.80078125,-3.4033203125,3.84375
0.06,0.0,-4.00390625,3.763671875
0.0605,0.880859375,-4.2041015625,3.0830078125
0.061,1.4013671875,-4.564453125,2.8427734375
0.0615,2.4423828125,-4.6845703125,1.921875
0.062,2.802734375,-4.5244140625,1.44140625
0.0625,3.36328125,-4.244140625,0.640625
0.063,3.68359375,-3.8837890625,0.0
0.0635,3.9638671875,-3.4033203125,-0.8408203125
0.064,4.083984375,-2.72265625,-1.681640625
0.0645,4.2841796875,-2.08203125,-2.642578125
0.065,3.84375,-1.28125,-3.0029296875
0.0655,3.8037109375,-0.6005859375,-3.7236328125
0.066,3.1630859375,0.3603515625,-3.8837890625
0.0665,2.962890625,0.9609375,-4.32421875
0.067,2.0419921875,2.001953125,-4.4443359375
0.0675,1.4013671875,2.6025390625,-4.404296875
0.068,0.3203125,3.123046875,-3.923828125
0.0685,-0.400390625,3.6435546875,-3.7236328125
0.069,-1.2412109375,3.84375,-3.0830078125
0.0695,-1.921875,4.0439453125,-2.642578125
0.07,-2.8828125,4.1640625,-1.841796875
0.0705,-3.203125,3.8037109375,-1.1611328125
0.071,-3.7236328125,3.6435546875,-0.48046875
0.0715,-3.8837890625,3.04296875,0.3203125
0.072,-4.1640625,2.642578125,1.0810546875
0.0725,-4.2041015625,1.7216796875,2.001953125
0.073,-4.32421875,1.041015625,2.802734375
0.0735,-3.8037109375,0.16015625,3.123046875
0.074,-3.763671875,-0.400390625,3.68359375
0.0745,-3.0830078125,-1.201171875,3.84375
0.075,-2.7626953125,-1.8017578125,4.1640625
0.0755,-1.921875,-2.802734375,4.32421875
0.076,-1.1611328125,-3.2431640625,4.00390625
0.0765,-0.2802734375,-3.8037109375,3.68359375
0.077,0.560546875,-4.1640625,3.3232421875
0.0775,1.2412109375,-4.3642578125,2.8427734375
0.078,1.9619140625,-4.5244140625,2.2421875
0.0785,2.802734375,-4.64453125,1.5615234375
0.079,3.0029296875,-4.1240234375,0.880859375
0.0795,3.5634765625,-4.1240234375,0.2802734375
0.08,3.6435546875,-3.4033203125,-0.6005859375
0.0805,3.9638671875,-3.1630859375,-1.201171875
0.081,3.9638671875,-2.2021484375,-2.2021484375
0.0815,3.9638671875,-1.7216796875,-2.72265625
0.082,3.5234375,-0.720703125,-3.1630859375
0.0825,3.443359375,-0.2001953125,-3.6435546875
0.083,2.8828125,0.6005859375,-3.8837890625
0.0835,2.5224609375,1.28125,-4.1640625
0.084,1.76171875,2.2021484375,-4.3642578125
0.0845,0.9609375,2.5625,-3.8837890625
0.085,0.16015625,3.2431640625,-3.84375
0.0855,-0.640625,3.4833984375,-3.283203125
0.086,-1.3212890625,3.8037109375,-2.962890625
0.0865,-2.1220703125,3.8837890625,-2.2822265625
0.087,-2.802734375,4.00390625,-1.76171875
0.0875,-3.0830078125,3.4833984375,-1.0009765625
0.088,-3.603515625,3.5234375,-0.400390625
0.0885,-3.7236328125,2.6826171875,0.5205078125
0.089,-4.083984375,2.40234375,1.201171875
0.0895,-4.1640625,1.44140625,2.2021484375
0.09,-4.00390625,0.9208984375,2.642578125
0.0905,-3.7236328125,0.080078125,3.203125
0.091,-3.5234375,-0.560546875,3.603515625
0.0915,-3.04296875,-1.3212890625,3.8837890625
0.092,-2.4423828125,-2.0419921875,4.0439453125
0.0925,-1.76171875,-2.8828125,4.1640625
0.093,-0.7607421875,-3.2431640625,3.603515625
0.0935,0.0,-3.8837890625,3.603515625
0.094,0.80078125,-4.0439453125,2.9228515625
0.0945,1.4013671875,-4.3642578125,2.642578125
0.095,2.2421875,-4.4443359375,1.921875
0.0955,2.7626953125,-4.3642578125,1.3212890625
0.096,3.0830078125,-3.8837890625,0.6005859375
0.0965,3.4833984375,-3.84375,0.0400390625
0.097,3.603515625,-3.123046875,-0.8408203125
0.0975,3.8037109375,-2.72265625,-1.521484375
0.098,3.923828125,-1.8818359375,-2.4423828125
0.0985,3.5234375,-1.201171875,-2.72265625
0.099,3.443359375,-0.5205078125,-3.3232421875
0.0995,3.0029296875,0.2001953125,-3.5634765625
0.1,2.72265625,0.880859375,-3.923828125
0.1005,2.001953125,1.6015625,-4.00390625
0.101,1.4013671875,2.2421875,-4.0439453125
0.1015,0.48046875,2.6826171875,-3.5634765625
0.102,-0.16015625,3.2431640625,-3.5634765625
0.1025,-1.0009765625,3.4033203125,-2.9228515625
0.103,-1.5615234375,3.68359375,-2.6826171875
0.1035,-2.3623046875,3.84375,-1.9619140625
0.104,-2.72265625,3.5634765625,-1.44140625
0.1045,-3.203125,3.3232421875,-0.7607421875
0.105,-3.4833984375,3.0029296875,-0.1201171875
0.1055,-3.763671875,2.482421875,0.720703125
0.106,-3.8837890625,1.9619140625,1.4814453125
0.1065,-4.0439453125,1.28125,2.2822265625
0.107,-3.603515625,0.5205078125,2.642578125
0.1075,-3.7236328125,0.0,3.283203125
0.108,-3.1630859375,-0.8408203125,3.5234375
0.1085,-2.8427734375,-1.4814453125,3.8837890625
0.109,-2.0419921875,-2.322265625,3.9638671875
0.1095,-1.361328125,-2.8828125,3.84375
0.11,-0.48046875,-3.36328125,3.4833984375
0.1105,0.2001953125,-3.8837890625,3.3232421875
0.111,1.041015625,-4.0439453125,2.72265625
0.1115,1.6015625,-4.2841796875,2.40234375
0.112,2.40234375,-4.404296875,1.7216796875
0.1125,2.6826171875,-4.00390625,1.0009765625
0.113,3.1630859375,-3.9638671875,0.4404296875
0.1135,3.3232421875,-3.36328125,-0.400390625
0.114,3.6435546875,-2.9228515625,-1.041015625
0.1145,3.68359375,-2.2421875,-1.841796875
0.115,3.7236328125,-1.6015625,-2.482421875
0.1155,3.2431640625,-0.80078125,-2.8427734375
0.116,3.3232421875,-0.3603515625,-3.36328125
0.1165,2.72265625,0.48046875,-3.5634765625
0.117,2.40234375,1.0810546875,-3.84375
0.1175,1.681640625,1.921875,-3.923828125
0.118,0.9208984375,2.322265625,-3.6435546875
0.1185,0.2001953125,2.8828125,-3.4833984375
0.119,-0.5205078125,3.1630859375,-3.1630859375
0.1195,-1.2412109375,3.443359375,-2.72265625
0.12,-1.841796875,3.603515625,-2.2822265625
0.1205,-2.4423828125,3.6435546875,-1.76171875
0.121,-2.72265625,3.1630859375,-1.0009765625
0.1215,-3.283203125,3.2431640625,-0.6005859375
0.122,-3.4033203125,2.5625,0.3603515625
0.1225,-3.763671875,2.2822265625,0.9609375
0.123,-3.84375,1.521484375,1.841796875
0.1235,-3.7236328125,1.0009765625,2.2822265625
0.124,-3.4833984375,0.2802734375,2.802734375
0.1245,-3.4033203125,-0.3203125,3.2431640625
0.125,-2.8828125,-1.12109375,3.5634765625
0.1255,-2.4423828125,-1.76171875,3.8037109375
0.126,-1.76171875,-2.5224609375,3.84375
0.1265,-0.9208984375,-2.9228515625,3.443359375
0.127,-0.240234375,-3.5634765625,3.443359375
0.1275,0.6005859375,-3.8037109375,2.8828125
0.128,1.2412109375,-4.1240234375,2.6025390625
0.1285,1.8818359375,-4.2041015625,2.0419921875
0.129,2.40234375,-4.2041015625,1.521484375
0.1295,2.6826171875,-3.84375,0.7607421875
0.13,3.1630859375,-3.7236328125,0.2802734375
0.1305,3.3232421875,-3.0029296875,-0.6806640625
0.131,3.603515625,-2.6826171875,-1.28125
0.1315,3.6435546875,-1.921875,-2.1220703125
0.132,3.4033203125,-1.28125,-2.5224609375
0.1325,3.2431640625,-0.640625,-3.0830078125
0.133,3.0029296875,0.0400390625,-3.36328125
0.1335,2.5625,0.7607421875,-3.7236328125
0.134,2.001953125,1.4013671875,-3.84375
0.1345,1.3212890625,2.08203125,-3.84375
0.135,0.48046875,2.482421875,-3.36328125
0.1355,-0.16015625,3.0830078125,-3.4033203125
0.136,-1.0009765625,3.2431640625,-2.7626953125
0.1365,-1.521484375,3.5234375,-2.5625
0.137,-2.2021484375,3.5234375,-1.921875
0.1375,-2.5625,3.36328125,-1.361328125
0.138,-2.962890625,3.123046875,-0.6806640625
0.1385,-3.283203125,2.8828125,0.0
0.139,-3.5634765625,2.2421875,0.80078125
0.1395,-3.7236328125,1.8818359375,1.4013671875
0.14,-3.8037109375,1.1611328125,2.162109375
0.1405,-3.4033203125,0.48046875,2.5224609375
0.141,-3.443359375,0.0,3.123046875
0.1415,-2.962890625,-0.8408203125,3.4033203125
0.142,-2.6025390625,-1.521484375,3.7236328125
0.1425,-1.8818359375,-2.2421875,3.68359375
0.143,-1.2412109375,-2.802734375,3.6435546875
0.1435,-0.400390625,-3.2431640625,3.2431640625
0.144,0.240234375,-3.763671875,3.203125
0.1445,1.0810546875,-3.9638671875,2.5224609375
0.145,1.5615234375,-4.2041015625,2.2822265625
0.1455,2.2421875,-4.244140625,1.6015625
0.146,2.6025390625,-3.8837890625,1.0009765625
0.1465,3.0830078125,-3.763671875,0.400390625
0.147,3.3232421875,-3.203125,-0.400390625
0.1475,3.603515625,-2.7626953125,-1.1611328125
0.148,3.6435546875,-2.2021484375,-1.841796875
0.1485,3.6435546875,-1.521484375,-2.5224609375
0.149,3.203125,-0.720703125,-2.8828125
0.1495,3.283203125,-0.2802734375,-3.443359375
0.15,2.6025390625,0.6806640625,-3.68359375
0.1505,2.2421875,1.28125,-3.923828125
0.151,1.4013671875,2.0419921875,-3.8837890625
0.1515,0.6806640625,2.5625,-3.6435546875
0.152,-0.16015625,3.0029296875,-3.36328125
0.1525,-0.80078125,3.3232421875,-3.0830078125
0.153,-1.6416015625,3.5234375,-2.4423828125
0.1535,-2.08203125,3.603515625,-2.1220703125
0.154,-2.72265625,3.603515625,-1.44140625
0.1545,-2.962890625,3.1630859375,-0.720703125
0.155,-3.443359375,3.0830078125,-0.16015625
0.1555,-3.603515625,2.2822265625,0.8408203125
0.156,-3.84375,1.921875,1.44140625
0.1565,-3.763671875,1.201171875,2.1220703125
0.157,-3.68359375,0.6005859375,2.642578125
0.1575,-3.283203125,-0.16015625,3.0029296875
0.158,-3.203125,-0.6806640625,3.443359375
0.1585,-2.5224609375,-1.6015625,3.68359375
0.159,-2.08203125,-2.1220703125,3.763671875
0.1595,-1.28125,-2.8427734375,3.68359375
0.16,-0.48046875,-3.2431640625,3.3232421875
0.1605,0.240234375,-3.8037109375,3.1630859375
0.161,1.0009765625,-4.0439453125,2.642578125
0.1615,1.6416015625,-4.244140625,2.2021484375
0.162,2.162109375,-4.1640625,1.76171875
0.1625,2.6826171875,-4.1240234375,1.1611328125
0.163,2.9228515625,-3.603515625,0.4404296875
0.1635,3.4033203125,-3.5634765625,-0.16015625
0.164,3.5234375,-2.72265625,-1.1611328125
0.1645,3.763671875,-2.40234375,-1.681640625
0.165,3.603515625,-1.5615234375,-2.40234375
0.1655,3.4033203125,-1.0009765625,-2.8427734375
0.166,3.1630859375,-0.2802734375,-3.283203125
0.1665,2.8828125,0.400390625,-3.6435546875
0.167,2.2822265625,1.28125,-3.923828125
0.1675,1.7216796875,1.76171875,-3.8837890625
0.168,0.9609375,2.5224609375,-3.84375
0.1685,0.1201171875,2.8427734375,-3.4033203125
0.169,-0.5205078125,3.3232421875,-3.36328125
0.1695,-1.44140625,3.4833984375,-2.6025390625
0.17,-2.001953125,3.8037109375,-2.2822265625
0.1705,-2.5224609375,3.603515625,-1.6015625
0.171,-3.04296875,3.5234375,-1.0009765625
0.1715,-3.283203125,3.0029296875,-0.2802734375
0.172,-3.7236328125,2.802734375,0.48046875
0.1725,-3.8837890625,1.921875,1.521484375
0.173,-3.9638671875,1.521484375,2.0419921875
0.1735,-3.84375,0.6806640625,2.72265625
0.174,-3.5234375,0.0,3.123046875
0.1745,-3.3232421875,-0.6806640625,3.603515625
0.175,-2.7626953125,-1.5615234375,3.84375
0.1755,-2.2021484375,-2.322265625,4.083984375
0.176,-1.361328125,-2.8427734375,3.8037109375
0.1765,-0.640625,-3.5634765625,3.7236328125
0.177,0.3203125,-3.84375,3.123046875
0.1775,0.880859375,-4.2841796875,3.0029296875
0.178,1.921875,-4.3642578125,2.1220703125
0.1785,2.40234375,-4.404296875,1.76171875
0.179,2.8828125,-4.1240234375,0.9609375
0.1795,3.2431640625,-3.8837890625,0.3603515625
0.18,3.4833984375,-3.443359375,-0.400390625
0.1805,3.763671875,-2.962890625,-1.1611328125
0.181,3.84375,-2.162109375,-2.08203125
0.1815,3.7236328125,-1.6416015625,-2.482421875
0.182,3.603515625,-0.8408203125,-3.1630859375
0.1825,3.123046875,-0.16015625,-3.36328125
0.183,3.0029296875,0.48046875,-3.84375
0.1835,2.2421875,1.4013671875,-4.00390625
0.184,1.76171875,2.001953125,-4.1640625
0.1845,0.80078125,2.482421875,-3.8037109375
0.185,0.1201171875,3.0830078125,-3.7236328125
0.1855,-0.6806640625,3.3232421875,-3.203125
0.186,-1.28125,3.7236328125,-2.962890625
0.1865,-2.2421875,3.84375,-2.1220703125
0.187,-2.6025390625,3.8037109375,-1.7216796875
0.1875,-3.203125,3.603515625,-1.0009765625
0.188,-3.4833984375,3.2431640625,-0.2802734375
0.1885,-3.84375,2.8828125,0.48046875
0.189,-4.0439453125,2.2021484375,1.361328125
0.1895,-4.244140625,1.5615234375,2.2421875
0.19,-3.923828125,0.8408203125,2.6826171875
0.1905,-3.8837890625,0.1201171875,3.3232421875
0.191,-3.36328125,-0.720703125,3.6435546875
0.1915,-3.203125,-1.3212890625,4.083984375
0.192,-2.2822265625,-2.40234375,4.2841796875
0.1925,-1.681640625,-3.04296875,4.244140625
0.193,-0.640625,-3.603515625,3.84375
0.1935,0.16015625,-4.1640625,3.5634765625
0.194,1.0009765625,-4.3642578125,3.04296875
0.1945,1.76171875,-4.6044921875,2.5625
0.195,2.7626953125,-4.7646484375,1.76171875
0.1955,3.0830078125,-4.404296875,1.041015625
0.196,3.6435546875,-4.244140625,0.3603515625
0.1965,3.8037109375,-3.6435546875,-0.48046875
0.197,4.083984375,-3.2431640625,-1.1611328125
0.1975,4.1240234375,-2.322265625,-2.2021484375
0.198,4.2041015625,-1.6015625,-2.962890625
0.1985,3.68359375,-0.720703125,-3.283203125
0.199,3.5634765625,-0.1201171875,-3.84375
0.1995,2.8828125,0.7607421875,-4.00390625
0.2,2.6025390625,1.3212890625,-4.2841796875
0.2005,1.681640625,2.3623046875,-4.4443359375
0.201,0.9208984375,2.802734375,-4.1640625
0.2015,0.0,3.3232421875,-3.84375
0.202,-0.80078125,3.68359375,-3.36328125
0.2025,-1.4814453125,3.84375,-2.8828125
0.203,-2.2822265625,3.9638671875,-2.2822265625
0.2035,-3.0830078125,4.1240234375,-1.6015625
0.204,-3.283203125,3.5634765625,-0.8408203125
0.2045,-3.84375,3.5634765625,-0.2802734375
0.205,-3.8837890625,2.8427734375,0.6005859375
0.2055,-4.2041015625,2.5224609375,1.2412109375
0.206,-4.244140625,1.5615234375,2.2421875
0.2065,-4.244140625,0.9609375,2.8427734375
0.207,-3.763671875,0.0400390625,3.283203125
0.2075,-3.6435546875,-0.560546875,3.763671875
0.208,-3.0830078125,-1.3212890625,3.9638671875
0.2085,-2.642578125,-2.0419921875,4.2041015625
0.209,-1.8818359375,-2.962890625,4.404296875
0.2095,-1.0009765625,-3.4033203125,3.8837890625
0.21,-0.16015625,-4.00390625,3.84375
0.2105,0.720703125,-4.244140625,3.2431640625
0.211,1.4013671875,-4.564453125,2.8828125
0.2115,2.2822265625,-4.6845703125,2.08203125
0.212,3.0029296875,-4.7646484375,1.521484375
0.2125,3.283203125,-4.1640625,0.640625
0.213,3.8037109375,-4.1640625,0.080078125
0.2135,3.8837890625,-3.36328125,-0.880859375
0.214,4.2041015625,-3.0029296875,-1.5615234375
0.2145,4.2841796875,-2.001953125,-2.642578125
0.215,4.083984375,-1.3212890625,-3.1630859375
0.2155,3.6435546875,-0.400390625,-3.68359375
0.216,3.4033203125,0.2802734375,-4.0439453125
0.2165,2.8427734375,1.0009765625,-4.2841796875
0.217,2.2021484375,1.841796875,-4.4443359375
0.2175,1.4013671875,2.72265625,-4.6044921875
0.218,0.3603515625,3.123046875,-3.8837890625
0.2185,-0.3603515625,3.763671875,-3.84375
0.219,-1.28125,3.8837890625,-3.0830078125
0.2195,-1.921875,4.1240234375,-2.72265625
0.22,-2.802734375,4.1240234375,-1.8818359375
0.2205,-3.36328125,4.00390625,-1.201171875
0.221,-3.603515625,3.443359375,-0.3603515625
0.2215,-4.0439453125,3.3232421875,0.240234375
0.222,-4.1240234375,2.482421875,1.201171875
0.2225,-4.2841796875,1.9619140625,1.841796875
0.223,-4.3642578125,1.0810546875,2.8427734375
0.2235,-3.8837890625,0.3203125,3.1630859375
0.224,-3.7236328125,-0.4404296875,3.68359375
0.2245,-3.2431640625,-1.1611328125,3.8837890625
0.225,-2.802734375,-1.8818359375,4.2041015625
0.2255,-2.0419921875,-2.642578125,4.2041015625
0.226,-1.3212890625,-3.3232421875,4.244140625
0.2265,-0.3203125,-3.6435546875,3.5634765625
0.227,0.3603515625,-4.244140625,3.5634765625
0.2275,1.28125,-4.3642578125,2.802734375
0.228,1.841796875,-4.6044921875,2.482421875
0.2285,2.72265625,-4.64453125,1.6416015625
0.229,3.123046875,-4.3642578125,1.0009765625
0.2295,3.5234375,-4.0439453125,0.2802734375
0.23,3.8037109375,-3.7236328125,-0.400390625
0.2305,3.9638671875,-3.0830078125,-1.28125
0.231,4.1240234375,-2.482421875,-1.9619140625
0.2315,4.1640625,-1.681640625,-2.8828125
0.232,3.6435546875,-0.8408203125,-3.203125
0.2325,3.6435546875,-0.2802734375,-3.84375
0.233,3.04296875,0.6005859375,-4.00390625
0.2335,2.642578125,1.28125,-4.404296875
0.234,1.841796875,2.2021484375,-4.404296875
0.2345,1.041015625,2.8427734375,-4.32421875
0.235,0.0400390625,3.2431640625,-3.7236328125
0.2355,-0.640625,3.8037109375,-3.603515625
0.236,-1.6015625,3.923828125,-2.8427734375
0.2365,-2.2021484375,4.1240234375,-2.4423828125
0.237,-3.0830078125,4.1240234375,-1.6015625
0.2375,-3.36328125,3.68359375,-0.8408203125
0.238,-3.84375,3.443359375,-0.16015625
0.2385,-4.0439453125,2.8427734375,0.720703125
0.239,-4.244140625,2.2421875,1.5615234375
0.2395,-4.244140625,1.521484375,2.2822265625
0.24,-4.2841796875,0.80078125,3.0830078125
0.2405,-3.6435546875,-0.2001953125,3.3232421875
0.241,-3.68359375,-0.720703125,3.8837890625
0.2415,-2.8828125,-1.6015625,4.083984375
0.242,-2.4423828125,-2.2822265625,4.244140625
0.2425,-1.5615234375,-3.0830078125,4.2041015625
0.243,-0.720703125,-3.5634765625,3.8837890625
0.2435,0.240234375,-3.9638671875,3.443359375
0.244,0.9208984375,-4.3642578125,3.123046875
0.2445,1.8017578125,-4.5244140625,2.40234375
0.245,2.2822265625,-4.5244140625,1.9619140625
0.2455,3.04296875,-4.5244140625,1.2412109375
0.246,3.2431640625,-3.9638671875,0.48046875
0.2465,3.68359375,-3.8837890625,-0.16015625
0.247,3.8037109375,-3.0830078125,-1.041015625
0.2475,4.00390625,-2.642578125,-1.681640625
0.248,3.9638671875,-1.8818359375,-2.482421875
0.2485,3.84375,-1.2412109375,-3.0830078125
0.249,3.3232421875,-0.400390625,-3.36328125
0.2495,3.283203125,0.16015625,-3.84375
0.25,2.5625,1.0810546875,-4.0439453125
0.2505,2.2021484375,1.6416015625,-4.2041015625
0.251,1.3212890625,2.482421875,-4.2041015625
0.2515,0.48046875,2.8427734375,-3.763671875
0.252,-0.3203125,3.4033203125,-3.603515625
0.2525,-1.041015625,3.68359375,-3.123046875
0.253,-1.8017578125,3.8837890625,-2.6025390625
0.2535,-2.3623046875,3.8837890625,-2.08203125
0.254,-3.04296875,3.8837890625,-1.4013671875
0.2545,-3.2431640625,3.3232421875,-0.6005859375
0.255,-3.8037109375,3.3232421875,0.0
0.2555,-3.8837890625,2.4423828125,1.0009765625
0.256,-4.1640625,2.08203125,1.6015625
0.2565,-4.1240234375,1.201171875,2.4423828125
0.257,-3.8837890625,0.5205078125,2.9228515625
0.2575,-3.5634765625,-0.2802734375,3.4033203125
0.258,-3.36328125,-0.9208984375,3.8037109375
0.2585,-2.6826171875,-1.8017578125,4.083984375
0.259,-2.1220703125,-2.3623046875,4.083984375
0.2595,-1.28125,-3.1630859375,4.0439453125
0.26,-0.3603515625,-3.5234375,3.5234375
0.2605,0.3203125,-4.083984375,3.443359375
0.261,1.28125,-4.244140625,2.6826171875
0.2615,1.921875,-4.484375,2.2822265625
0.262,2.482421875,-4.3642578125,1.6416015625
0.2625,3.0029296875,-4.244140625,1.0009765625
0.263,3.203125,-3.7236328125,0.240234375
0.2635,3.6435546875,-3.603515625,-0.400390625
0.264,3.763671875,-2.72265625,-1.361328125
0.2645,3.8837890625,-2.40234375,-1.921875
0.265,3.8037109375,-1.5615234375,-2.6826171875
0.2655,3.443359375,-0.80078125,-3.04296875
0.266,3.2431640625,-0.16015625,-3.5234375
0.2665,2.8427734375,0.6005859375,-3.8037109375
0.267,2.2822265625,1.361328125,-4.0439453125
0.2675,1.6416015625,1.921875,-4.00390625
0.268,0.9208984375,2.6025390625,-3.923828125
0.2685,0.0400390625,2.9228515625,-3.36328125
0.269,-0.560546875,3.4833984375,-3.36328125
0.2695,-1.44140625,3.5634765625,-2.6025390625
0.27,-1.9619140625,3.8037109375,-2.3623046875
0.2705,-2.5625,3.68359375,-1.6416015625
0.271,-2.962890625,3.4833984375,-1.0009765625
0.2715,-3.3232421875,3.1630859375,-0.3203125
0.272,-3.68359375,2.802734375,0.400390625
0.2725,-3.84375,2.0419921875,1.28125
0.273,-3.9638671875,1.6015625,1.841796875
0.2735,-3.923828125,0.9208984375,2.5625
0.274,-3.5234375,0.2001953125,2.9228515625
0.2745,-3.5234375,-0.4404296875,3.4833984375
0.275,-2.8828125,-1.28125,3.763671875
0.2755,-2.5224609375,-1.9619140625,4.00390625
0.276,-1.6416015625,-2.6025390625,3.84375
0.2765,-1.0009765625,-3.203125,3.763671875
0.277,0.0,-3.5634765625,3.2431640625
0.2775,0.6005859375,-4.083984375,3.1630859375
0.278,1.521484375,-4.2041015625,2.40234375
0.2785,1.921875,-4.3642578125,2.08203125
0.279,2.6025390625,-4.244140625,1.4013671875
0.2795,2.9228515625,-3.8837890625,0.6806640625
0.28,3.3232421875,-3.68359375,0.080078125
0.2805,3.5234375,-3.1630859375,-0.8408203125
0.281,3.763671875,-2.6025390625,-1.5615234375
0.2815,3.68359375,-1.9619140625,-2.1220703125
0.282,3.6435546875,-1.28125,-2.7626953125
0.2825,3.1630859375,-0.5205078125,-3.0830078125
0.283,3.1630859375,0.080078125,-3.5634765625
0.2835,2.4423828125,0.9609375,-3.763671875
0.284,2.0419921875,1.521484375,-3.9638671875
0.2845,1.201171875,2.162109375,-3.8037109375
0.285,0.48046875,2.642578125,-3.5634765625
0.2855,-0.3203125,3.04296875,-3.2431640625
0.286,-0.9208984375,3.4033203125,-2.962890625
0.2865,-1.7216796875,3.5634765625,-2.40234375
0.287,-2.08203125,3.603515625,-2.0419921875
0.2875,-2.6826171875,3.5234375,-1.361328125
0.288,-2.9228515625,3.123046875,-0.6806640625
0.2885,-3.443359375,2.962890625,-0.080078125
0.289,-3.5634765625,2.2021484375,0.880859375
0.2895,-3.84375,1.921875,1.4013671875
0.29,-3.7236328125,1.2412109375,2.0419921875
0.2905,-3.6435546875,0.640625,2.5625
0.291,-3.283203125,-0.16015625,3.0029296875
0.2915,-3.203125,-0.6806640625,3.4833984375
0.292,-2.5625,-1.6015625,3.68359375
0.2925,-2.1220703125,-2.08203125,3.763671875
0.293,-1.28125,-2.7626953125,3.68359375
0.2935,-0.5205078125,-3.203125,3.3232421875
0.294,0.2001953125,-3.7236328125,3.1630859375
0.2945,0.9609375,-3.923828125,2.6826171875
0.295,1.5615234375,-4.2041015625,2.322265625
0.2955,2.001953125,-4.083984375,1.76171875
0.296,2.5625,-4.0439453125,1.2412109375
0.2965,2.8427734375,-3.603515625,0.4404296875
0.297,3.3232421875,-3.5634765625,-0.16015625
0.2975,3.443359375,-2.6826171875,-1.12109375
0.298,3.68359375,-2.4423828125,-1.6015625
0.2985,3.4833984375,-1.6015625,-2.2822265625
0.299,3.36328125,-1.041015625,-2.72265625
0.2995,3.123046875,-0.3203125,-3.203125
0.3,2.8427734375,0.3203125,-3.5634765625
0.3005,2.2822265625,1.1611328125,-3.84375
0.301,1.7216796875,1.6416015625,-3.7236328125
0.3015,0.9609375,2.3623046875,-3.7236328125
0.302,0.1201171875,2.6826171875,-3.2431640625
0.3025,-0.4404296875,3.203125,-3.2431640625
0.303,-1.28125,3.36328125,-2.5625
0.3035,-1.8017578125,3.6435546875,-2.322265625
0.304,-2.2822265625,3.4033203125,-1.6416015625
0.3045,-2.7626953125,3.283203125,-1.1611328125
0.305,-3.0830078125,2.8427734375,-0.3603515625
0.3055,-3.4833984375,2.6826171875,0.3203125
0.306,-3.6435546875,1.921875,1.2412109375
0.3065,-3.7236328125,1.5615234375,1.681640625
0.307,-3.603515625,0.8408203125,2.3623046875
0.3075,-3.36328125,0.240234375,2.72265625
0.308,-3.2431640625,-0.48046875,3.2431640625
0.3085,-2.72265625,-1.2412109375,3.5234375
0.309,-2.2822265625,-1.8818359375,3.8037109375
0.3095,-1.521484375,-2.4423828125,3.5234375
0.31,-0.880859375,-3.0830078125,3.5234375
0.3105,0.0,-3.36328125,3.04296875
0.311,0.560546875,-3.8837890625,3.0029296875
0.3115,1.4013671875,-4.00390625,2.2421875
0.312,1.76171875,-4.1640625,2.1220703125
0.3125,2.3623046875,-4.0439453125,1.3212890625
0.313,2.72265625,-3.84375,0.7607421875
0.3135,3.123046875,-3.4833984375,0.0400390625
0.314,3.36328125,-2.962890625,-0.720703125
0.3145,3.6435546875,-2.4423828125,-1.4814453125
0.315,3.5234375,-1.921875,-1.9619140625
0.3155,3.4833984375,-1.28125,-2.642578125
0.316,3.123046875,-0.5205078125,-3.0029296875
0.3165,3.04296875,0.080078125,-3.5234375
0.317,2.40234375,0.9609375,-3.7236328125
0.3175,1.9619140625,1.5615234375,-3.923828125
0.318,1.0810546875,2.162109375,-3.603515625
0.3185,0.4404296875,2.72265625,-3.5634765625
0.319,-0.3603515625,3.0830078125,-3.1630859375
0.3195,-1.0009765625,3.443359375,-2.9228515625
0.32,-1.76171875,3.603515625,-2.40234375
0.3205,-2.2021484375,3.5234375,-1.8818359375
0.321,-2.802734375,3.443359375,-1.201171875
0.3215,-3.0830078125,3.04296875,-0.5205078125
0.322,-3.5234375,2.8427734375,0.240234375
0.3225,-3.68359375,2.08203125,1.12109375
0.323,-3.8837890625,1.6015625,1.8017578125
0.3235,-3.603515625,0.9208984375,2.2822265625
0.324,-3.603515625,0.3203125,2.8427734375
0.3245,-3.1630859375,-0.5205078125,3.1630859375
0.325,-3.0029296875,-1.0810546875,3.603515625
0.3255,-2.2822265625,-1.9619140625,3.8037109375
0.326,-1.681640625,-2.4423828125,3.68359375
0.3265,-0.8408203125,-3.04296875,3.4833984375
0.327,-0.1201171875,-3.4833984375,3.203125
0.3275,0.6005859375,-3.84375,2.8828125
0.328,1.4013671875,-4.1240234375,2.2822265625
0.3285,2.0419921875,-4.2841796875,1.921875
0.329,2.3623046875,-4.00390625,1.3212890625
0.3295,2.8828125,-3.9638671875,0.80078125
0.33,3.04296875,-3.4033203125,0.080078125
0.3305,3.4833984375,-3.2431640625,-0.6005859375
0.331,3.5634765625,-2.40234375,-1.521484375
0.3315,3.68359375,-2.001953125,-2.0419921875
0.332,3.3232421875,-1.1611328125,-2.5625
0.3325,3.3232421875,-0.6806640625,-3.0830078125
0.333,2.8828125,0.1201171875,-3.36328125
0.3335,2.6025390625,0.7607421875,-3.7236328125
0.334,2.001953125,1.5615234375,-4.00390625
0.3345,1.28125,2.0419921875,-3.7236328125
0.335,0.560546875,2.72265625,-3.68359375
0.3355,-0.240234375,3.0029296875,-3.203125
0.336,-0.9208984375,3.3232421875,-3.123046875
0.3365,-1.6416015625,3.5634765625,-2.4423828125
0.337,-2.322265625,3.5634765625,-2.08203125
0.3375,-2.642578125,3.4033203125,-1.28125
0.338,-3.203125,3.4033203125,-0.7607421875
0.3385,-3.4033203125,2.802734375,0.1201171875
0.339,-3.8037109375,2.5224609375,0.7607421875
0.3395,-3.923828125,1.6416015625,1.841796875
0.34,-3.8837890625,1.201171875,2.2822265625
0.3405,-3.6435546875,0.3603515625,2.8828125
0.341,-3.4833984375,-0.3203125,3.3232421875
0.3415,-3.123046875,-1.0009765625,3.68359375
0.342,-2.5625,-1.8017578125,3.8837890625
0.3425,-1.9619140625,-2.6025390625,4.1240234375
0.343,-1.0009765625,-3.04296875,3.6435546875
0.3435,-0.3203125,-3.7236328125,3.6435546875
0.344,0.6005859375,-4.00390625,3.0029296875
0.3445,1.2412109375,-4.3642578125,2.72265625
0.345,2.0419921875,-4.5244140625,2.001953125
0.3455,2.6826171875,-4.404296875,1.4013671875
0.346,3.04296875,-3.9638671875,0.640625
0.3465,3.443359375,-3.8037109375,0.080078125
0.347,3.603515625,-3.1630859375,-0.80078125
0.3475,3.84375,-2.6826171875,-1.521484375
0.348,3.9638671875,-1.8818359375,-2.482421875
0.3485,3.603515625,-1.1611328125,-2.8427734375
0.349,3.4833984375,-0.48046875,-3.36328125
0.3495,3.0029296875,0.2802734375,-3.603515625
0.35,2.6826171875,0.9208984375,-3.9638671875
0.3505,1.9619140625,1.7216796875,-4.083984375
0.351,1.3212890625,2.40234375,-4.1640625
0.3515,0.3603515625,2.802734375,-3.5634765625
0.352,-0.2802734375,3.36328125,-3.5634765625
0.3525,-1.12109375,3.4833984375,-2.8828125
0.353,-1.6416015625,3.84375,-2.6025390625
0.3535,-2.6025390625,3.8837890625,-1.8818359375
0.354,-2.9228515625,3.6435546875,-1.28125
0.3545,-3.36328125,3.4033203125,-0.6005859375
0.355,-3.6435546875,3.04296875,0.1201171875
0.3555,-3.8837890625,2.5224609375,0.9609375
0.356,-4.083984375,1.921875,1.7216796875
0.3565,-4.2041015625,1.201171875,2.6025390625
0.357,-3.7236328125,0.3603515625,2.9228515625
0.3575,-3.763671875,-0.240234375,3.5634765625
0.358,-3.203125,-1.041015625,3.8037109375
0.3585,-2.8427734375,-1.76171875,4.1640625
0.359,-2.001953125,-2.642578125,4.2841796875
0.3595,-1.28125,-3.283203125,4.1240234375
0.36,-0.2802734375,-3.8037109375,3.603515625
0.3605,0.48046875,-4.32421875,3.4833984375
0.361,1.44140625,-4.5244140625,2.6826171875
0.3615,2.0419921875,-4.64453125,2.2822265625
0.362,2.962890625,-4.7646484375,1.521484375
0.3625,3.283203125,-4.244140625,0.720703125
0.363,3.763671875,-4.083984375,0.0400390625
0.3635,3.9638671875,-3.443359375,-0.8408203125
0.364,4.1240234375,-2.8427734375,-1.6416015625
0.3645,4.1640625,-2.08203125,-2.482421875
0.365,4.1640625,-1.28125,-3.283203125
0.3655,3.5234375,-0.3603515625,-3.5634765625
0.366,3.4833984375,0.240234375,-4.083984375
0.3665,2.6826171875,1.201171875,-4.2041015625
0.367,2.2021484375,1.841796875,-4.4443359375
0.3675,1.3212890625,2.72265625,-4.4443359375
0.368,0.48046875,3.1630859375,-4.0439453125
0.3685,-0.48046875,3.5234375,-3.603515625
0.369,-1.2412109375,3.8837890625,-3.2431640625
0.3695,-2.08203125,4.00390625,-2.482421875
0.37,-2.6025390625,4.083984375,-1.9619140625
0.3705,-3.4033203125,4.083984375,-1.2412109375
0.371,-3.5634765625,3.4033203125,-0.400390625
0.3715,-4.0439453125,3.3232421875,0.2001953125
0.372,-4.1640625,2.482421875,1.201171875
0.3725,-4.32421875,1.9619140625,1.921875
0.373,-4.244140625,1.12109375,2.6826171875
0.3735,-4.1640625,0.48046875,3.2431640625
0.374,-3.5634765625,-0.4404296875,3.5234375
0.3745,-3.4833984375,-1.0009765625,4.00390625
0.375,-2.72265625,-1.9619140625,4.2041015625
0.3755,-2.2021484375,-2.5224609375,4.32421875
0.376,-1.3212890625,-3.4033203125,4.32421875
0.3765,-0.400390625,-3.8037109375,3.763671875
0.377,0.3603515625,-4.32421875,3.5234375
0.3775,1.28125,-4.5244140625,2.962890625
0.378,2.0419921875,-4.6845703125,2.40234375
0.3785,2.6025390625,-4.64453125,1.76171875
0.379,3.283203125,-4.64453125,1.0810546875
0.3795,3.4833984375,-3.9638671875,0.240234375
0.38,4.00390625,-3.923828125,-0.3603515625
0.3805,4.083984375,-2.962890625,-1.4814453125
0.381,4.2841796875,-2.5625,-2.08203125
0.3815,4.2041015625,-1.6416015625,-2.9228515625
0.382,3.923828125,-0.8408203125,-3.443359375
0.3825,3.4833984375,0.0,-3.84375
0.383,3.203125,0.640625,-4.244140625
0.3835,2.40234375,1.6416015625,-4.4443359375
0.384,1.921875,2.2021484375,-4.484375
0.3845,0.9609375,3.04296875,-4.484375
0.385,-0.1201171875,3.36328125,-3.84375
0.3855,-0.80078125,3.923828125,-3.6435546875
0.386,-1.8017578125,4.1240234375,-2.8427734375
0.3865,-2.482421875,4.2041015625,-2.2822265625
0.387,-3.0830078125,4.083984375,-1.6015625
0.3875,-3.603515625,3.923828125,-0.8408203125
0.388,-3.8037109375,3.2431640625,0.0400390625
0.3885,-4.244140625,3.0830078125,0.6806640625
0.389,-4.32421875,1.9619140625,1.841796875
0.3895,-4.3642578125,1.5615234375,2.3623046875
0.39,-4.244140625,0.640625,3.1630859375
0.3905,-3.8037109375,-0.16015625,3.5234375
0.391,-3.4833984375,-0.880859375,3.8837890625
0.3915,-3.0029296875,-1.6416015625,4.1640625
0.392,-2.2822265625,-2.5625,4.404296875
0.3925,-1.6015625,-3.0830078125,4.1640625
0.393,-0.80078125,-3.8037109375,4.0439453125
0.3935,0.2802734375,-3.9638671875,3.36328125
0.394,0.880859375,-4.5244140625,3.3232421875
0.3945,1.921875,-4.564453125,2.3623046875
0.395,2.40234375,-4.6845703125,1.9619140625
0.3955,3.0029296875,-4.484375,1.2412109375
0.396,3.4033203125,-4.2041015625,0.560546875
0.3965,3.6435546875,-3.7236328125,-0.2802734375
0.397,3.9638671875,-3.4033203125,-0.9208984375
0.3975,4.0439453125,-2.5224609375,-1.921875
0.398,4.083984375,-2.08203125,-2.3623046875
0.3985,3.9638671875,-1.201171875,-3.1630859375
0.399,3.4833984375,-0.400390625,-3.4833984375
0.3995,3.3232421875,0.2802734375,-3.9638671875
0.4,2.6826171875,1.0810546875,-4.2041015625
0.4005,2.162109375,1.841796875,-4.484375
0.401,1.3212890625,2.40234375,-4.2841796875
0.4015,0.6005859375,3.1630859375,-4.1240234375
0.402,-0.48046875,3.443359375,-3.4833984375
0.4025,-1.0009765625,3.9638671875,-3.4033203125
0.403,-2.08203125,4.00390625,-2.4423828125
0.4035,-2.5224609375,4.1240234375,-2.1220703125
0.404,-3.203125,3.9638671875,-1.28125
0.4045,-3.5634765625,3.5634765625,-0.560546875
0.405,-3.8837890625,3.1630859375,0.240234375
0.4055,-4.2041015625,2.6025390625,1.12109375
0.406,-4.3642578125,1.841796875,2.0419921875
0.4065,-4.2041015625,1.2412109375,2.5625
0.407,-4.1240234375,0.3603515625,3.3232421875
0.4075,-3.5634765625,-0.5205078125,3.5634765625
0.408,-3.4033203125,-1.1611328125,4.00390625
0.4085,-2.5625,-2.162109375,4.2841796875
0.409,-2.0419921875,-2.802734375,4.32421875
0.4095,-1.041015625,-3.36328125,4.00390625
0.41,-0.2802734375,-3.8837890625,3.8037109375
0.4105,0.640625,-4.1640625,3.1630859375
0.411,1.3212890625,-4.5244140625,2.8828125
0.4115,2.322265625,-4.64453125,1.9619140625
0.412,2.642578125,-4.5244140625,1.5615234375
0.4125,3.2431640625,-4.3642578125,0.80078125
0.413,3.4833984375,-3.84375,0.080078125
0.4135,3.84375,-3.5234375,-0.640625
0.414,3.9638671875,-2.72265625,-1.5615234375
0.4145,4.083984375,-2.162109375,-2.2822265625
0.415,3.8037109375,-1.44140625,-2.72265625
0.4155,3.68359375,-0.720703125,-3.36328125
0.416,3.123046875,0.0400390625,-3.603515625
0.4165,3.04296875,0.6005859375,-4.0439453125
0.417,2.162109375,1.5615234375,-4.2041015625
0.4175,1.76171875,2.08203125,-4.2041015625
0.418,0.7607421875,2.72265625,-3.923828125
0.4185,0.0400390625,3.1630859375,-3.603515625
0.419,-0.720703125,3.5234375,-3.2431640625
0.4195,-1.44140625,3.763671875,-2.8427734375
0.42,-2.2822265625,3.9638671875,-2.2421875
0.4205,-2.5625,3.8037109375,-1.7216796875
0.421,-3.203125,3.68359375,-1.0009765625
0.4215,-3.4033203125,3.1630859375,-0.2802734375
0.422,-3.8837890625,3.0029296875,0.4404296875
0.4225,-4.00390625,2.0419921875,1.44140625
0.423,-4.2041015625,1.7216796875,2.0419921875
0.4235,-3.8837890625,0.880859375,2.6025390625
0.424,-3.8037109375,0.2001953125,3.1630859375
0.4245,-3.36328125,-0.640625,3.5234375
0.425,-3.1630859375,-1.28125,3.923828125
0.4255,-2.3623046875,-2.2021484375,4.1240234375
0.426,-1.76171875,-2.6826171875,4.00390625
0.4265,-0.880859375,-3.36328125,3.84375
0.427,0.0,-3.7236328125,3.4033203125
0.4275,0.6806640625,-4.1640625,3.1630859375
0.428,1.5615234375,-4.3642578125,2.482421875
0.4285,2.2421875,-4.5244140625,2.001953125
0.429,2.6025390625,-4.2041015625,1.3212890625
0.4295,3.1630859375,-4.1640625,0.6806640625
0.43,3.3232421875,-3.5634765625,-0.1201171875
0.4305,3.763671875,-3.36328125,-0.720703125
0.431,3.8037109375,-2.40234375,-1.8017578125
0.4315,3.8837890625,-2.001953125,-2.2421875
0.432,3.5634765625,-1.1611328125,-2.8828125
0.4325,3.36328125,-0.6005859375,-3.283203125
0.433,3.0029296875,0.2001953125,-3.6435546875
0.4335,2.6025390625,0.9208984375,-3.8837890625
0.434,1.9619140625,1.76171875,-4.1640625
0.4345,1.2412109375,2.162109375,-3.8037109375
0.435,0.5205078125,2.8427734375,-3.8037109375
0.4355,-0.3603515625,3.123046875,-3.203125
0.436,-0.9208984375,3.5234375,-3.1630859375
0.4365,-1.8017578125,3.68359375,-2.3623046875
0.437,-2.2822265625,3.8037109375,-2.001953125
0.4375,-2.72265625,3.4833984375,-1.28125
0.438,-3.1630859375,3.36328125,-0.720703125
0.4385,-3.4033203125,2.8427734375,0.080078125
0.439,-3.8037109375,2.5224609375,0.7607421875
0.4395,-3.8837890625,1.76171875,1.681640625
0.44,-3.8837890625,1.28125,2.0419921875
0.4405,-3.7236328125,0.48046875,2.7626953125
0.441,-3.443359375,-0.16015625,3.0830078125
0.4415,-3.203125,-0.8408203125,3.603515625
0.442,-2.642578125,-1.6416015625,3.8037109375
0.4425,-2.1220703125,-2.2822265625,4.00390625
0.443,-1.28125,-2.7626953125,3.603515625
0.4435,-0.6005859375,-3.443359375,3.6435546875
0.444,0.3203125,-3.7236328125,3.0830078125
0.4445,0.880859375,-4.1640625,2.962890625
0.445,1.8017578125,-4.244140625,2.2021484375
0.4455,2.162109375,-4.32421875,1.841796875
0.446,2.6826171875,-4.083984375,1.0810546875
0.4465,3.0830078125,-3.84375,0.48046875
0.447,3.4033203125,-3.36328125,-0.3203125
0.4475,3.603515625,-2.8828125,-1.0810546875
0.448,3.84375,-2.322265625,-1.921875
0.4485,3.5234375,-1.6416015625,-2.2822265625
0.449,3.5234375,-1.041015625,-3.0029296875
0.4495,3.0830078125,-0.2001953125,-3.2431640625
0.45,2.962890625,0.400390625,-3.7236328125
0.4505,2.2021484375,1.28125,-3.8837890625
0.451,1.76171875,1.841796875,-3.9638671875
0.4515,0.80078125,2.3623046875,-3.5634765625
0.452,0.2001953125,2.8828125,-3.5234375
0.4525,-0.6005859375,3.1630859375,-3.04296875
0.453,-1.201171875,3.4833984375,-2.7626953125
0.4535,-2.001953125,3.68359375,-2.162109375
0.454,-2.2822265625,3.4833984375,-1.681640625
0.4545,-2.8828125,3.4033203125,-1.041015625
0.455,-3.1630859375,2.962890625,-0.3603515625
0.4555,-3.5634765625,2.72265625,0.3603515625
0.456,-3.68359375,1.9619140625,1.201171875
0.4565,-3.84375,1.5615234375,1.841796875
0.457,-3.5634765625,0.80078125,2.2421875
0.4575,-3.603515625,0.3203125,2.8427734375
0.458,-3.1630859375,-0.48046875,3.1630859375
0.4585,-2.962890625,-1.041015625,3.603515625
0.459,-2.2822265625,-1.9619140625,3.8037109375
0.4595,-1.681640625,-2.40234375,3.68359375
0.46,-0.880859375,-3.0029296875,3.4833984375
0.4605,-0.2001953125,-3.443359375,3.2431640625
0.461,0.560546875,-3.84375,2.962890625
0.4615,1.2412109375,-4.0439453125,2.482421875
0.462,1.921875,-4.244140625,2.0419921875
0.4625,2.2021484375,-3.923828125,1.44140625
0.463,2.802734375,-3.9638671875,0.9208984375
0.4635,3.0029296875,-3.4033203125,0.1201171875
0.464,3.443359375,-3.283203125,-0.5205078125
0.4645,3.5234375,-2.4423828125,-1.44140625
0.465,3.6435546875,-2.162109375,-1.9619140625
0.4655,3.3232421875,-1.2412109375,-2.4423828125
0.466,3.3232421875,-0.7607421875,-2.9228515625
0.4665,2.9228515625,0.080078125,-3.36328125
0.467,2.6025390625,0.6806640625,-3.68359375
0.4675,2.0419921875,1.4814453125,-3.923828125
0.468,1.28125,1.921875,-3.603515625
0.4685,0.6005859375,2.6025390625,-3.603515625
0.469,-0.16015625,2.8828125,-3.203125
0.4695,-0.80078125,3.3232421875,-3.04296875
0.47,-1.5615234375,3.4833984375,-2.4423828125
0.4705,-2.08203125,3.6435546875,-2.0419921875
0.471,-2.4423828125,3.2431640625,-1.3212890625
0.4715,-2.962890625,3.3232421875,-0.8408203125
0.472,-3.203125,2.6826171875,0.0
0.4725,-3.5634765625,2.40234375,0.6806640625
0.473,-3.763671875,1.6416015625,1.5615234375
0.4735,-3.68359375,1.2412109375,1.9619140625
0.474,-3.5234375,0.48046875,2.6025390625
0.4745,-3.3232421875,-0.1201171875,3.0029296875
0.475,-3.04296875,-0.8408203125,3.4033203125
0.4755,-2.5224609375,-1.521484375,3.6435546875
0.476,-1.9619140625,-2.2421875,3.8037109375
0.4765,-1.12109375,-2.642578125,3.36328125
0.477,-0.5205078125,-3.283203125,3.443359375
0.4775,0.3203125,-3.5634765625,2.9228515625
0.478,0.9208984375,-3.923828125,2.72265625
0.4785,1.7216796875,-4.1240234375,2.08203125
0.479,2.08203125,-4.083984375,1.6416015625
0.4795,2.5625,-3.8037109375,0.9609375
0.48,2.8828125,-3.7236328125,0.48046875
0.4805,3.203125,-3.203125,-0.3603515625
0.481,3.443359375,-2.802734375,-1.0810546875
0.4815,3.6435546875,-2.1220703125,-1.8818359375
0.482,3.36328125,-1.5615234375,-2.2421875
0.4825,3.36328125,-0.9208984375,-2.8828125
0.483,3.0029296875,-0.240234375,-3.1630859375
0.4835,2.802734375,0.4404296875,-3.603515625
0.484,2.162109375,1.2412109375,-3.8037109375
0.4845,1.6015625,1.841796875,-3.84375
0.485,0.720703125,2.322265625,-3.4833984375
0.4855,0.16015625,2.8828125,-3.5234375
0.486,-0.640625,3.1630859375,-2.962890625
0.4865,-1.28125,3.4833984375,-2.72265625
0.487,-2.08203125,3.68359375,-2.08203125
0.4875,-2.40234375,3.4833984375,-1.5615234375
0.488,-2.9228515625,3.3232421875,-0.9609375
0.4885,-3.203125,2.9228515625,-0.240234375
0.489,-3.5634765625,2.482421875,0.560546875
0.4895,-3.763671875,1.921875,1.361328125
0.49,-3.8837890625,1.361328125,2.08203125
0.4905,-3.4833984375,0.6005859375,2.482421875
0.491,-3.5634765625,0.080078125,3.0830078125
0.4915,-3.04296875,-0.720703125,3.36328125
0.492,-2.7626953125,-1.44140625,3.7236328125
0.4925,-2.0419921875,-2.2421875,3.84375
0.493,-1.3212890625,-2.72265625,3.6435546875
0.4935,-0.5205078125,-3.2431640625,3.36328125
0.494,0.240234375,-3.7236328125,3.1630859375
0.4945,0.9609375,-3.923828125,2.6826171875
0.495,1.5615234375,-4.1240234375,2.2421875
0.4955,2.2822265625,-4.244140625,1.6416015625
0.496,2.5224609375,-3.84375,1.0009765625
0.4965,3.04296875,-3.8837890625,0.48046875
0.497,3.1630859375,-3.2431640625,-0.3603515625
0.4975,3.5234375,-2.8828125,-1.0009765625
0.498,3.5634765625,-2.1220703125,-1.8017578125
0.4985,3.5634765625,-1.6015625,-2.322265625
0.499,3.1630859375,-0.8408203125,-2.72265625
0.4995,3.203125,-0.400390625,-3.203125
0.5,2.6826171875,0.4404296875,-3.4833984375
0.5005,2.3623046875,1.0009765625,-3.763671875
0.501,1.7216796875,1.8017578125,-3.923828125
0.5015,0.9208984375,2.2421875,-3.5634765625
0.502,0.240234375,2.8427734375,-3.4833984375
0.5025,-0.5205078125,3.123046875,-3.0830078125
0.503,-1.1611328125,3.443359375,-2.7626953125
0.5035,-1.841796875,3.5634765625,-2.2822265625
0.504,-2.4423828125,3.6435546875,-1.76171875
0.5045,-2.72265625,3.203125,-1.041015625
0.505,-3.283203125,3.203125,-0.6005859375
0.5055,-3.443359375,2.5625,0.400390625
0.506,-3.763671875,2.2421875,1.041015625
0.5065,-3.8837890625,1.4814453125,1.921875
0.507,-3.7236328125,0.880859375,2.40234375
0.5075,-3.5234375,0.16015625,2.9228515625
0.508,-3.36328125,-0.48046875,3.36328125
0.5085,-2.8828125,-1.28125,3.68359375
0.509,-2.322265625,-1.9619140625,3.8837890625
0.5095,-1.6416015625,-2.72265625,3.9638671875
0.51,-0.720703125,-3.1630859375,3.4833984375
0.5105,0.0,-3.763671875,3.4833984375
0.511,0.880859375,-4.00390625,2.802734375
0.5115,1.521484375,-4.2841796875,2.482421875
0.512,2.2421875,-4.3642578125,1.8017578125
0.5125,2.7626953125,-4.244140625,1.201171875
0.513,3.04296875,-3.84375,0.48046875
0.5135,3.4833984375,-3.6435546875,-0.16015625
0.514,3.603515625,-2.8427734375,-1.1611328125
0.5145,3.8037109375,-2.4423828125,-1.7216796875
0.515,3.84375,-1.6015625,-2.5625
0.5155,3.443359375,-0.880859375,-2.962890625
0.516,3.2431640625,-0.2802734375,-3.4033203125
0.5165,2.8427734375,0.5205078125,-3.7236328125
0.517,2.3623046875,1.28125,-3.9638671875
0.5175,1.7216796875,1.921875,-4.00390625
0.518,0.9609375,2.5625,-3.923828125
0.5185,0.0400390625,2.8828125,-3.36328125
0.519,-0.5205078125,3.4033203125,-3.36328125
0.5195,-1.4814453125,3.5234375,-2.5625
0.52,-1.9619140625,3.68359375,-2.2822265625
0.5205,-2.642578125,3.68359375,-1.6015625
0.521,-3.04296875,3.36328125,-1.0009765625
0.5215,-3.36328125,3.1630859375,-0.3203125
0.522,-3.7236328125,2.7626953125,0.4404296875
0.5225,-3.84375,2.0419921875,1.3212890625
0.523,-3.923828125,1.5615234375,1.921875
0.5235,-3.9638671875,0.880859375,2.6826171875
0.524,-3.5234375,0.1201171875,3.0029296875
0.5245,-3.5634765625,-0.5205078125,3.5634765625
0.525,-2.8828125,-1.361328125,3.8037109375
0.5255,-2.4423828125,-2.0419921875,4.083984375
0.526,-1.6416015625,-2.7626953125,4.00390625
0.5265,-0.9208984375,-3.36328125,3.84375
0.527,0.080078125,-3.7236328125,3.3232421875
0.5275,0.720703125,-4.244140625,3.2431640625
0.528,1.7216796875,-4.4443359375,2.40234375
0.5285,2.2021484375,-4.564453125,2.0419921875
0.529,2.8828125,-4.564453125,1.2412109375
0.5295,3.2431640625,-4.0439453125,0.5205078125
0.53,3.68359375,-3.8037109375,-0.16015625
0.5305,3.923828125,-3.1630859375,-1.0810546875
0.531,4.083984375,-2.482421875,-1.9619140625
0.5315,3.9638671875,-1.8017578125,-2.5625
0.532,3.8837890625,-1.0009765625,-3.283203125
0.5325,3.3232421875,-0.16015625,-3.5634765625
0.533,3.203125,0.4404296875,-4.0439453125
0.5335,2.40234375,1.4814453125,-4.244140625
0.534,1.921875,2.08203125,-4.3642578125
0.5345,0.9609375,2.802734375,-4.1640625
0.535,0.1201171875,3.283203125,-3.84375
0.5355,-0.80078125,3.5634765625,-3.3232421875
0.536,-1.4814453125,3.8837890625,-2.962890625
0.5365,-2.482421875,4.00390625,-2.1220703125
0.537,-2.8427734375,3.84375,-1.681640625
0.5375,-3.4833984375,3.8037109375,-0.880859375
0.538,-3.6435546875,3.203125,-0.1201171875
0.5385,-4.00390625,2.962890625,0.560546875
0.539,-4.1640625,2.08203125,1.5615234375
0.5395,-4.244140625,1.521484375,2.2822265625
0.54,-4.00390625,0.7607421875,2.8427734375
0.5405,-3.8837890625,0.0400390625,3.4033203125
0.541,-3.283203125,-0.720703125,3.6435546875
0.5415,-3.1630859375,-1.361328125,4.0439453125
0.542,-2.2822265625,-2.3623046875,4.2041015625
0.5425,-1.76171875,-2.8427734375,4.1240234375
0.543,-0.80078125,-3.5634765625,3.9638671875
0.5435,0.080078125,-3.8837890625,3.5234375
0.544,0.80078125,-4.32421875,3.1630859375
0.5445,1.6015625,-4.5244140625,2.642578125
0.545,2.40234375,-4.6845703125,1.921875
0.5455,2.72265625,-4.4443359375,1.361328125
0.546,3.443359375,-4.3642578125,0.6806640625
0.5465,3.5234375,-3.7236328125,-0.16015625
0.547,3.9638671875,-3.5634765625,-0.720703125
0.5475,4.00390625,-2.5625,-1.841796875
0.548,4.1240234375,-2.1220703125,-2.40234375
0.5485,3.84375,-1.2412109375,-3.04296875
0.549,3.68359375,-0.5205078125,-3.5634765625
0.5495,3.1630859375,0.2802734375,-3.84375
0.55,2.9228515625,0.9208984375,-4.2041015625
0.5505,2.08203125,1.921875,-4.4443359375
0.551,1.4814453125,2.40234375,-4.244140625
0.5515,0.560546875,3.1630859375,-4.1240234375
0.552,-0.400390625,3.4833984375,-3.5634765625
0.5525,-1.12109375,3.84375,-3.36328125
0.553,-2.0419921875,4.00390625,-2.5625
0.5535,-2.72265625,4.1640625,-1.9619140625
0.554,-3.1630859375,3.84375,-1.28125
0.5545,-3.7236328125,3.7236328125,-0.560546875
0.555,-3.8837890625,3.04296875,0.3203125
0.5555,-4.244140625,2.802734375,1.0009765625
0.556,-4.32421875,1.7216796875,2.162109375
0.5565,-4.32421875,1.201171875,2.6826171875
0.557,-4.00390625,0.2802734375,3.283203125
0.5575,-3.68359375,-0.5205078125,3.68359375
0.558,-3.203125,-1.201171875,3.9638671875
0.5585,-2.6826171875,-1.9619140625,4.2041015625
0.559,-1.9619140625,-2.8828125,4.404296875
0.5595,-1.0810546875,-3.283203125,3.9638671875
0.56,-0.2802734375,-4.00390625,3.84375
0.5605,0.6806640625,-4.2041015625,3.1630859375
0.561,1.28125,-4.564453125,2.9228515625
0.5615,2.2822265625,-4.564453125,2.0419921875
0.562,2.802734375,-4.64453125,1.521484375
0.5625,3.1630859375,-4.2041015625,0.7607421875
0.563,3.603515625,-4.00390625,0.16015625
0.5635,3.68359375,-3.36328125,-0.640625
0.564,4.00390625,-3.04296875,-1.3212890625
0.5645,4.083984375,-2.08203125,-2.322265625
0.565,3.8837890625,-1.6015625,-2.72265625
0.5655,3.68359375,-0.720703125,-3.36328125
0.566,3.283203125,0.0,-3.6435546875
0.5665,3.0029296875,0.640625,-4.0439453125
0.567,2.3623046875,1.4814453125,-4.2041015625
0.5675,1.76171875,2.2021484375,-4.3642578125
0.568,0.80078125,2.6025390625,-3.923828125
0.5685,0.1201171875,3.283203125,-3.8837890625
0.569,-0.80078125,3.5234375,-3.2431640625
0.5695,-1.361328125,3.923828125,-3.0830078125
0.57,-2.3623046875,4.00390625,-2.2021484375
0.5705,-2.7626953125,4.00390625,-1.76171875
0.571,-3.283203125,3.68359375,-0.9208984375
0.5715,-3.7236328125,3.4033203125,-0.2802734375
0.572,-3.923828125,2.8828125,0.6005859375
0.5725,-4.2041015625,2.2822265625,1.4013671875
0.573,-4.3642578125,1.521484375,2.3623046875
0.5735,-4.0439453125,0.880859375,2.7626953125
0.574,-3.923828125,0.0400390625,3.4833984375
0.5745,-3.443359375,-0.80078125,3.7236328125
0.575,-3.203125,-1.4013671875,4.1240234375
0.5755,-2.2822265625,-2.40234375,4.2841796875
0.576,-1.6416015625,-3.0830078125,4.32421875
0.5765,-0.640625,-3.5634765625,3.763671875
0.577,0.1201171875,-4.1640625,3.603515625
0.5775,1.0009765625,-4.2841796875,2.962890625
0.578,1.6416015625,-4.5244140625,2.6025390625
0.5785,2.642578125,-4.6845703125,1.76171875
0.579,2.9228515625,-4.3642578125,1.12109375
0.5795,3.4833984375,-4.1640625,0.4404296875
0.58,3.68359375,-3.68359375,-0.3203125
0.5805,3.8837890625,-3.203125,-1.0009765625
0.581,3.9638671875,-2.4423828125,-1.921875
0.5815,4.1240234375,-1.76171875,-2.72265625
0.582,3.5634765625,-0.9609375,-3.04296875
0.5825,3.5234375,-0.3603515625,-3.603515625
0.583,2.9228515625,0.48046875,-3.763671875
0.5835,2.6826171875,1.041015625,-4.1240234375
0.584,1.841796875,1.921875,-4.244140625
0.5845,1.201171875,2.40234375,-4.0439453125
0.585,0.2802734375,2.9228515625,-3.7236328125
0.5855,-0.4404296875,3.4033203125,-3.443359375
0.586,-1.1611328125,3.6435546875,-2.962890625
0.5865,-1.8017578125,3.8037109375,-2.5224609375
0.587,-2.6025390625,3.9638671875,-1.8818359375
0.5875,-2.8427734375,3.5234375,-1.2412109375
0.588,-3.443359375,3.5234375,-0.640625
0.5885,-3.5634765625,2.8828125,0.16015625
0.589,-3.923828125,2.642578125,0.8408203125
0.5895,-4.00390625,1.76171875,1.76171875
0.59,-4.1240234375,1.28125,2.3623046875
0.5905,-3.68359375,0.4404296875,2.8427734375
0.591,-3.7236328125,-0.16015625,3.36328125
0.5915,-3.1630859375,-0.9609375,3.68359375
0.592,-2.8427734375,-1.6416015625,3.9638671875
0.5925,-2.08203125,-2.5224609375,4.1640625
0.593,-1.3212890625,-2.962890625,3.8037109375
0.5935,-0.5205078125,-3.603515625,3.68359375
0.594,0.3203125,-3.8837890625,3.2431640625
0.5945,1.0009765625,-4.244140625,2.9228515625
0.595,1.8017578125,-4.404296875,2.2822265625
0.5955,2.5224609375,-4.5244140625,1.76171875
0.596,2.7626953125,-4.0439453125,1.0009765625
0.5965,3.3232421875,-4.0439453125,0.48046875
0.597,3.443359375,-3.36328125,-0.400390625
0.5975,3.8037109375,-3.0830078125,-1.0810546875
0.598,3.84375,-2.162109375,-2.0419921875
0.5985,3.8037109375,-1.6015625,-2.5224609375
0.599,3.443359375,-0.7607421875,-3.04296875
0.5995,3.2431640625,-0.240234375,-3.443359375
0.6,2.802734375,0.5205078125,-3.7236328125
0.6005,2.3623046875,1.201171875,-3.9638671875
0.601,1.681640625,1.921875,-4.1640625
0.6015,0.80078125,2.40234375,-3.603515625
0.602,0.16015625,3.04296875,-3.603515625
0.6025,-0.640625,3.2431640625,-3.0830078125
0.603,-1.2412109375,3.5634765625,-2.8427734375
0.6035,-2.0419921875,3.68359375,-2.162109375
0.604,-2.5224609375,3.68359375,-1.6416015625
0.6045,-2.8828125,3.283203125,-0.9609375
0.605,-3.283203125,3.203125,-0.48046875
0.6055,-3.5234375,2.6025390625,0.400390625
0.606,-3.8037109375,2.2421875,1.0810546875
0.6065,-3.8837890625,1.521484375,1.9619140625
0.607,-3.68359375,0.9208984375,2.2822265625
0.6075,-3.603515625,0.2802734375,2.9228515625
0.608,-3.283203125,-0.48046875,3.2431640625
0.6085,-3.0029296875,-1.1611328125,3.6435546875
0.609,-2.40234375,-1.921875,3.763671875
0.6095,-1.8017578125,-2.5224609375,3.8837890625
0.61,-0.880859375,-2.9228515625,3.4033203125
0.6105,-0.3203125,-3.5634765625,3.4833984375
0.611,0.560546875,-3.8037109375,2.8828125
0.6115,1.12109375,-4.1640625,2.6826171875
0.612,1.9619140625,-4.2841796875,2.0419921875
0.6125,2.322265625,-4.1240234375,1.521484375
0.613,2.802734375,-3.923828125,0.880859375
0.6135,3.123046875,-3.6435546875,0.240234375
0.614,3.443359375,-3.203125,-0.560546875
0.6145,3.603515625,-2.642578125,-1.28125
0.615,3.763671875,-2.001953125,-2.08203125
0.6155,3.36328125,-1.3212890625,-2.4423828125
0.616,3.443359375,-0.80078125,-3.0830078125
0.6165,2.962890625,0.0,-3.36328125
0.617,2.72265625,0.6005859375,-3.763671875
0.6175,2.0419921875,1.4013671875,-3.8837890625
0.618,1.4013671875,1.9619140625,-3.8037109375
0.6185,0.6005859375,2.5224609375,-3.4833984375
0.619,0.0,3.0029296875,-3.4033203125
0.6195,-0.80078125,3.203125,-2.9228515625
0.62,-1.44140625,3.4833984375,-2.6025390625
0.6205,-2.1220703125,3.6435546875,-2.001953125
0.621,-2.4423828125,3.3232421875,-1.4013671875
0.6215,-2.9228515625,3.283203125,-0.8408203125
0.622,-3.203125,2.802734375,-0.16015625
0.6225,-3.5634765625,2.482421875,0.6005859375
0.623,-3.6435546875,1.8017578125,1.4013671875
0.6235,-3.7236328125,1.3212890625,1.9619140625
0.624,-3.36328125,0.560546875,2.40234375
0.6245,-3.5234375,0.080078125,2.8828125
0.625,-3.0029296875,-0.7607421875,3.203125
0.6255,-2.72265625,-1.3212890625,3.5634765625
0.626,-2.08203125,-2.08203125,3.7236328125
0.6265,-1.361328125,-2.5224609375,3.4833984375
0.627,-0.640625,-3.123046875,3.3232421875
0.6275,0.080078125,-3.5234375,3.0830078125
0.628,0.7607421875,-3.8037109375,2.72265625
0.6285,1.4013671875,-4.00390625,2.2822265625
0.629,2.001953125,-4.1640625,1.841796875
0.6295,2.2421875,-3.763671875,1.201171875
0.63,2.8427734375,-3.84375,0.7607421875
0.6305,3.0029296875,-3.203125,-0.1201171875
0.631,3.36328125,-3.0029296875,-0.720703125
0.6315,3.4833984375,-2.2822265625,-1.5615234375
0.632,3.443359375,-1.8818359375,-1.9619140625
0.6325,3.203125,-1.12109375,-2.5625
0.633,3.1630859375,-0.640625,-3.0029296875
0.6335,2.7626953125,0.2001953125,-3.36328125
0.634,2.4423828125,0.80078125,-3.603515625
0.6345,1.841796875,1.5615234375,-3.763671875
0.635,1.041015625,1.9619140625,-3.4033203125
0.6355,0.4404296875,2.642578125,-3.4833984375
0.636,-0.3203125,2.8828125,-3.0830078125
0.6365,-0.9208984375,3.2431640625,-2.8427734375
0.637,-1.6015625,3.4033203125,-2.322265625
0.6375,-2.08203125,3.443359375,-1.8818359375
0.638,-2.4423828125,3.1630859375,-1.2412109375
0.6385,-2.9228515625,3.1630859375,-0.720703125
0.639,-3.203125,2.5224609375,0.16015625
0.6395,-3.5234375,2.2421875,0.80078125
0.64,-3.6435546875,1.5615234375,1.6015625
0.6405,-3.4833984375,1.0009765625,1.9619140625
0.641,-3.4833984375,0.3603515625,2.5625
0.6415,-3.203125,-0.2802734375,3.0029296875
0.642,-2.8828125,-0.9609375,3.36328125
0.6425,-2.322265625,-1.6416015625,3.5234375
0.643,-1.76171875,-2.2822265625,3.603515625
0.6435,-0.9208984375,-2.72265625,3.203125
0.644,-0.3603515625,-3.3232421875,3.3232421875
0.6445,0.48046875,-3.5634765625,2.7626953125
0.645,1.041015625,-3.8837890625,2.5625
0.6455,1.76171875,-4.00390625,1.9619140625
0.646,2.08203125,-3.8837890625,1.521484375
0.6465,2.5224609375,-3.7236328125,0.880859375
0.647,2.8828125,-3.4833984375,0.2802734375
0.6475,3.1630859375,-2.962890625,-0.5205078125
0.648,3.36328125,-2.5625,-1.201171875
0.6485,3.4833984375,-2.001953125,-1.8818359375
0.649,3.1630859375,-1.3212890625,-2.2822265625
0.6495,3.2431640625,-0.80078125,-2.8427734375
0.65,2.8427734375,0.0,-3.1630859375
0.6505,2.5625,0.6005859375,-3.5634765625
0.651,1.921875,1.28125,-3.6435546875
0.6515,1.3212890625,1.8818359375,-3.5634765625
0.652,0.560546875,2.3623046875,-3.283203125
0.6525,0.0,2.8427734375,-3.283203125
0.653,-0.80078125,3.0830078125,-2.7626953125
0.6535,-1.361328125,3.4033203125,-2.5625
0.654,-2.001953125,3.5234375,-1.9619140625
0.6545,-2.3623046875,3.203125,-1.4013671875
0.655,-2.8828125,3.203125,-0.8408203125
0.6555,-3.1630859375,2.72265625,0.0
0.656,-3.5234375,2.2822265625,0.640625
0.6565,-3.603515625,1.7216796875,1.4013671875
0.657,-3.7236328125,1.1611328125,2.001953125
0.6575,-3.36328125,0.48046875,2.482421875
0.658,-3.4033203125,0.0,3.04296875
0.6585,-2.8828125,-0.9208984375,3.36328125
0.659,-2.5625,-1.5615234375,3.6435546875
0.6595,-1.8017578125,-2.2822265625,3.68359375
0.66,-1.0810546875,-2.7626953125,3.443359375
0.6605,-0.3603515625,-3.283203125,3.2431640625
0.661,0.3603515625,-3.68359375,2.962890625
0.6615,1.12109375,-3.8837890625,2.482421875
0.662,1.6416015625,-4.0439453125,2.08203125
0.6625,2.2421875,-4.0439453125,1.521484375
0.663,2.5224609375,-3.68359375,0.8408203125
0.6635,3.0029296875,-3.68359375,0.3203125
0.664,3.1630859375,-2.962890625,-0.6005859375
0.6645,3.443359375,-2.642578125,-1.201171875
0.665,3.443359375,-1.9619140625,-1.9619140625
0.6655,3.36328125,-1.361328125,-2.3623046875
0.666,3.04296875,-0.6806640625,-2.7626953125
0.6665,3.0029296875,-0.2001953125,-3.203125
0.667,2.482421875,0.640625,-3.5234375
0.6675,2.08203125,1.201171875,-3.68359375
0.668,1.361328125,1.921875,-3.68359375
0.6685,0.6005859375,2.322265625,-3.3232421875
0.669,0.0400390625,2.8427734375,-3.283203125
0.6695,-0.7607421875,3.123046875,-2.8427734375
0.67,-1.361328125,3.4033203125,-2.5224609375
0.6705,-1.921875,3.443359375,-2.001953125
0.671,-2.4423828125,3.4033203125,-1.521484375
0.6715,-2.72265625,3.04296875,-0.8408203125
0.672,-3.203125,2.9228515625,-0.3203125
0.6725,-3.4033203125,2.2421875,0.6806640625
0.673,-3.68359375,1.921875,1.2412109375
0.6735,-3.7236328125,1.28125,2.001953125
0.674,-3.4833984375,0.640625,2.40234375
0.6745,-3.36328125,0.0,2.962890625
0.675,-3.0830078125,-0.6806640625,3.3232421875
0.6755,-2.6025390625,-1.4814453125,3.6435546875
0.676,-2.001953125,-2.08203125,3.68359375
0.6765,-1.3212890625,-2.7626953125,3.68359375
0.677,-0.48046875,-3.203125,3.2431640625
0.6775,0.16015625,-3.763671875,3.2431640625
0.678,1.0810546875,-3.923828125,2.5224609375
0.6785,1.6416015625,-4.2041015625,2.2822265625
0.679,2.2421875,-4.1640625,1.6015625
0.6795,2.72265625,-4.00390625,1.0009765625
0.68,3.04296875,-3.68359375,0.3203125
0.6805,3.4033203125,-3.4033203125,-0.400390625
0.681,3.5634765625,-2.642578125,-1.3212890625
0.6815,3.68359375,-2.162109375,-1.8818359375
0.682,3.603515625,-1.361328125,-2.6025390625
0.6825,3.2431640625,-0.6806640625,-2.9228515625
0.683,3.1630859375,-0.1201171875,-3.443359375
0.6835,2.5625,0.7607421875,-3.7236328125
0.684,2.08203125,1.44140625,-3.923828125
0.6845,1.3212890625,2.0419921875,-3.8037109375
0.685,0.640625,2.642578125,-3.7236328125
0.6855,-0.240234375,2.962890625,-3.203125
0.686,-0.80078125,3.4033203125,-3.123046875
0.6865,-1.7216796875,3.5234375,-2.2822265625
0.687,-2.162109375,3.6435546875,-2.001953125
0.6875,-2.72265625,3.5234375,-1.3212890625
0.688,-3.04296875,3.1630859375,-0.720703125
0.6885,-3.36328125,2.8828125,0.0
0.689,-3.6435546875,2.3623046875,0.7607421875
0.6895,-3.8037109375,1.76171875,1.5615234375
0.69,-3.8037109375,1.2412109375,2.1220703125
0.6905,-3.7236328125,0.560546875,2.72265625
0.691,-3.283203125,-0.2001953125,3.04296875
0.6915,-3.2431640625,-0.720703125,3.5234375
0.692,-2.5625,-1.6416015625,3.8037109375
0.6925,-2.08203125,-2.2421875,3.9638671875
0.693,-1.2412109375,-2.8828125,3.7236328125
0.6935,-0.5205078125,-3.4033203125,3.5234375
0.694,0.3203125,-3.8037109375,3.123046875
0.6945,1.0009765625,-4.1640625,2.8427734375
0.695,1.921875,-4.3642578125,2.162109375
0.6955,2.322265625,-4.32421875,1.7216796875
0.696,2.9228515625,-4.2841796875,1.0009765625
0.6965,3.203125,-3.84375,0.2802734375
0.697,3.603515625,-3.6435546875,-0.400390625
0.6975,3.8037109375,-2.802734375,-1.361328125
0.698,3.9638671875,-2.2421875,-2.08203125
0.6985,3.763671875,-1.44140625,-2.642578125
0.699,3.68359375,-0.7607421875,-3.283203125
0.6995,3.123046875,0.0400390625,-3.5634765625
0.7,3.0029296875,0.640625,-4.00390625
0.7005,2.1220703125,1.681640625,-4.2041015625
0.701,1.5615234375,2.2421875,-4.2041015625
0.7015,0.6005859375,2.8828125,-3.8837890625
0.702,-0.240234375,3.3232421875,-3.5634765625
0.7025,-1.0009765625,3.6435546875,-3.1630859375
0.703,-1.76171875,3.84375,-2.6025390625
0.7035,-2.642578125,4.00390625,-1.921875
0.704,-2.962890625,3.68359375,-1.28125
0.7045,-3.5634765625,3.5634765625,-0.640625
0.705,-3.68359375,2.9228515625,0.16015625
0.7055,-4.00390625,2.72265625,0.80078125
0.706,-4.1240234375,1.76171875,1.921875
0.7065,-4.1640625,1.1611328125,2.5224609375
0.707,-3.8037109375,0.3603515625,3.04296875
0.7075,-3.6435546875,-0.3203125,3.5234375
0.708,-3.123046875,-1.041015625,3.763671875
0.7085,-2.7626953125,-1.7216796875,4.0439453125
0.709,-1.9619140625,-2.6826171875,4.2041015625
0.7095,-1.2412109375,-3.123046875,3.923828125
0.71,-0.400390625,-3.7236328125,3.763671875
0.7105,0.5205078125,-4.00390625,3.203125
0.711,1.12109375,-4.3642578125,2.9228515625
0.7115,2.001953125,-4.4443359375,2.162109375
0.712,2.6826171875,-4.64453125,1.6416015625
0.7125,2.962890625,-4.2041015625,0.880859375
0.713,3.4833984375,-4.1640625,0.2802734375
0.7135,3.603515625,-3.443359375,-0.5205078125
0.714,3.923828125,-3.1630859375,-1.12109375
0.7145,4.00390625,-2.162109375,-2.2021484375
0.715,3.9638671875,-1.681640625,-2.642578125
0.7155,3.6435546875,-0.80078125,-3.2431640625
0.716,3.4033203125,-0.16015625,-3.6435546875
0.7165,2.962890625,0.6005859375,-3.923828125
0.717,2.482421875,1.3212890625,-4.1640625
0.7175,1.8017578125,2.2421875,-4.4443359375
0.718,0.9208984375,2.6025390625,-3.9638671875
0.7185,0.16015625,3.3232421875,-3.923828125
0.719,-0.720703125,3.5634765625,-3.283203125
0.7195,-1.3212890625,3.923828125,-3.0830078125
0.72,-2.322265625,4.00390625,-2.2822265625
0.7205,-2.9228515625,4.0439453125,-1.681640625
0.721,-3.36328125,3.5634765625,-0.9208984375
0.7215,-3.8037109375,3.5234375,-0.2802734375
0.722,-3.923828125,2.8427734375,0.640625
0.7225,-4.244140625,2.40234375,1.361328125
0.723,-4.3642578125,1.4013671875,2.482421875
0.7235,-4.1240234375,0.7607421875,2.9228515625
0.724,-3.84375,-0.1201171875,3.5234375
0.7245,-3.4833984375,-0.80078125,3.84375
0.725,-3.0830078125,-1.4814453125,4.1240234375
0.7255,-2.322265625,-2.40234375,4.2841796875
0.726,-1.6015625,-3.203125,4.404296875
0.7265,-0.6005859375,-3.5634765625,3.763671875
0.727,0.16015625,-4.2041015625,3.68359375
0.7275,1.0810546875,-4.32421875,2.9228515625
0.728,1.6416015625,-4.64453125,2.6025390625
0.7285,2.6826171875,-4.724609375,1.7216796875
0.729,3.123046875,-4.484375,1.0810546875
0.7295,3.4833984375,-4.0439453125,0.3203125
0.73,3.763671875,-3.8037109375,-0.3203125
0.7305,3.8837890625,-3.1630859375,-1.12109375
0.731,4.00390625,-2.5625,-1.841796875
0.7315,4.1240234375,-1.681640625,-2.802734375
0.732,3.68359375,-1.0009765625,-3.123046875
0.7325,3.5234375,-0.3203125,-3.7236328125
0.733,3.0029296875,0.48046875,-3.84375
0.7335,2.72265625,1.0810546875,-4.2041015625
0.734,1.921875,1.921875,-4.2841796875
0.7345,1.28125,2.5625,-4.244140625
0.735,0.2802734375,3.0029296875,-3.7236328125
0.7355,-0.3603515625,3.5234375,-3.6435546875
0.736,-1.2412109375,3.68359375,-3.0029296875
0.7365,-1.8017578125,3.923828125,-2.6826171875
0.737,-2.72265625,4.083984375,-1.8818359375
0.7375,-3.0830078125,3.763671875,-1.2412109375
0.738,-3.603515625,3.5634765625,-0.5205078125
0.7385,-3.84375,3.1630859375,0.240234375
0.739,-4.1240234375,2.6025390625,1.0009765625
0.7395,-4.2041015625,1.921875,1.8818359375
0.74,-4.3642578125,1.201171875,2.72265625
0.7405,-3.84375,0.3203125,3.0830078125
0.741,-3.8837890625,-0.3203125,3.7236328125
0.7415,-3.203125,-1.1611328125,3.8837890625
0.742,-2.8828125,-1.8017578125,4.244140625
0.7425,-1.9619140625,-2.7626953125,4.404296875
0.743,-1.1611328125,-3.36328125,4.1240234375
0.7435,-0.240234375,-3.8837890625,3.68359375
0.744,0.560546875,-4.3642578125,3.443359375
0.7445,1.44140625,-4.564453125,2.7626953125
0.745,2.1220703125,-4.64453125,2.2421875
0.7455,3.0029296875,-4.7646484375,1.521484375
0.746,3.2431640625,-4.2041015625,0.6806640625
0.7465,3.763671875,-4.1240234375,0.080078125
0.747,3.84375,-3.36328125,-0.80078125
0.7475,4.1240234375,-2.8828125,-1.521484375
0.748,4.1240234375,-2.0419921875,-2.4423828125
0.7485,4.083984375,-1.3212890625,-3.123046875
0.749,3.4833984375,-0.400390625,-3.4033203125
0.7495,3.443359375,0.1201171875,-3.923828125
0.75,2.72265625,1.0009765625,-4.0439453125
0.7505,2.2822265625,1.5615234375,-4.244140625
0.751,1.44140625,2.5224609375,-4.3642578125
0.7515,0.560546875,2.8828125,-3.8837890625
0.752,-0.2802734375,3.36328125,-3.6435546875
0.7525,-1.0009765625,3.68359375,-3.203125
0.753,-1.681640625,3.84375,-2.642578125
0.7535,-2.3623046875,3.923828125,-2.08203125
0.754,-3.0830078125,3.9638671875,-1.44140625
0.7545,-3.2431640625,3.36328125,-0.640625
0.755,-3.763671875,3.4033203125,-0.16015625
0.7555,-3.84375,2.5625,0.7607421875
0.756,-4.1240234375,2.2421875,1.4013671875
0.7565,-4.1640625,1.361328125,2.3623046875
0.757,-4.00390625,0.720703125,2.8427734375
0.7575,-3.603515625,-0.16015625,3.283203125
0.758,-3.5234375,-0.640625,3.68359375
0.7585,-2.9228515625,-1.4814453125,3.9638671875
0.759,-2.40234375,-2.1220703125,4.1240234375
0.7595,-1.6416015625,-2.962890625,4.2041015625
0.76,-0.6806640625,-3.4033203125,3.68359375
0.7605,0.0400390625,-4.0439453125,3.603515625
0.761,0.9208984375,-4.244140625,3.0029296875
0.7615,1.5615234375,-4.484375,2.6025390625
0.762,2.322265625,-4.564453125,1.921875
0.7625,2.9228515625,-4.484375,1.28125
0.763,3.1630859375,-3.9638671875,0.48046875
0.7635,3.68359375,-3.923828125,0.0
0.764,3.763671875,-3.0830078125,-1.041015625
0.7645,3.9638671875,-2.6826171875,-1.6416015625
0.765,4.00390625,-1.8017578125,-2.5625
0.7655,3.68359375,-1.041015625,-3.0029296875
0.766,3.443359375,-0.3603515625,-3.5234375
0.7665,3.123046875,0.3203125,-3.8037109375
0.767,2.5625,1.12109375,-4.083984375
0.7675,1.921875,1.8017578125,-4.1640625
0.768,1.201171875,2.5224609375,-4.1640625
0.7685,0.240234375,2.8427734375,-3.5634765625
0.769,-0.400390625,3.4833984375,-3.5634765625
0.7695,-1.3212890625,3.603515625,-2.802734375
0.77,-1.8818359375,3.84375,-2.482421875
0.7705,-2.5625,3.8037109375,-1.8017578125
0.771,-3.04296875,3.603515625,-1.1611328125
0.7715,-3.3232421875,3.203125,-0.4404296875
0.772,-3.68359375,3.0029296875,0.2001953125
0.7725,-3.84375,2.2421875,1.12109375
0.773,-3.9638671875,1.841796875,1.7216796875
0.7735,-4.00390625,1.041015625,2.5224609375
0.774,-3.5634765625,0.3203125,2.8427734375
0.7745,-3.5634765625,-0.3203125,3.4033203125
0.775,-3.04296875,-1.041015625,3.6435546875
0.7755,-2.642578125,-1.76171875,3.9638671875
0.776,-1.921875,-2.482421875,3.923828125
0.7765,-1.201171875,-3.0830078125,3.84375
0.777,-0.2802734375,-3.4833984375,3.3232421875
0.7775,0.3203125,-4.00390625,3.3232421875
0.778,1.2412109375,-4.1640625,2.5625
0.7785,1.76171875,-4.3642578125,2.322265625
0.779,2.482421875,-4.404296875,1.5615234375
0.7795,2.802734375,-4.00390625,0.9609375
0.78,3.2431640625,-3.84375,0.3203125
0.7805,3.5234375,-3.4033203125,-0.48046875
0.781,3.7236328125,-2.8427734375,-1.2412109375
0.7815,3.8037109375,-2.2421875,-1.921875
0.782,3.8037109375,-1.5615234375,-2.6025390625
0.7825,3.3232421875,-0.720703125,-2.962890625
0.783,3.36328125,-0.240234375,-3.5634765625
0.7835,2.6826171875,0.48046875,-3.84375
0.784,2.40234375,1.2412109375,-4.0439453125
0.7845,1.5615234375,1.9619140625,-4.00390625
0.785,0.80078125,2.5625,-3.8037109375
0.7855,0.0,3.0029296875,-3.4033203125
0.786,-0.640625,3.4033203125,-3.203125
0.7865,-1.5615234375,3.5634765625,-2.5625
0.787,-2.001953125,3.763671875,-2.2822265625
0.7875,-2.6826171875,3.7236328125,-1.6015625
0.788,-2.9228515625,3.2431640625,-0.880859375
0.7885,-3.4033203125,3.203125,-0.3203125
0.789,-3.603515625,2.482421875,0.640625
0.7895,-3.84375,2.08203125,1.28125
0.79,-3.84375,1.4013671875,2.001953125
0.7905,-3.763671875,0.80078125,2.5625
0.791,-3.36328125,0.0400390625,2.9228515625
0.7915,-3.4033203125,-0.5205078125,3.5234375
0.792,-2.72265625,-1.44140625,3.6435546875
0.7925,-2.2822265625,-2.001953125,3.8037109375
0.793,-1.4814453125,-2.72265625,3.763671875
0.7935,-0.720703125,-3.123046875,3.443359375
0.794,0.0400390625,-3.603515625,3.2431640625
0.7945,0.7607421875,-3.923828125,2.8427734375
0.795,1.44140625,-4.1640625,2.3623046875
0.7955,1.921875,-4.1640625,1.921875
0.796,2.5224609375,-4.1640625,1.3212890625
0.7965,2.802734375,-3.7236328125,0.640625
0.797,3.283203125,-3.68359375,0.1201171875
0.7975,3.36328125,-2.8828125,-0.8408203125
0.798,3.68359375,-2.6025390625,-1.4013671875
0.7985,3.603515625,-1.8017578125,-2.162109375
0.799,3.443359375,-1.2412109375,-2.6025390625
0.7995,3.2431640625,-0.5205078125,-3.0830078125
0.8,3.0029296875,0.0,-3.4833984375
0.8005,2.5224609375,0.9609375,-3.8037109375
0.801,2.001953125,1.44140625,-3.84375
0.8015,1.2412109375,2.162109375,-3.8037109375
0.802,0.4404296875,2.5625,-3.4033203125
0.8025,-0.16015625,3.123046875,-3.4033203125
0.803,-1.0009765625,3.3232421875,-2.7626953125
0.8035,-1.5615234375,3.5634765625,-2.5625
0.804,-2.1220703125,3.5234375,-1.9619140625
0.8045,-2.6025390625,3.4833984375,-1.361328125
0.805,-2.9228515625,3.0830078125,-0.640625
0.8055,-3.4033203125,2.9228515625,0.0
0.806,-3.5634765625,2.2021484375,0.9208984375
0.8065,-3.8037109375,1.921875,1.44140625
0.807,-3.7236328125,1.12109375,2.2021484375
0.8075,-3.5234375,0.400390625,2.5224609375
0.808,-3.4033203125,-0.2001953125,3.123046875
0.8085,-3.0830078125,-1.041015625,3.443359375
0.809,-2.5224609375,-1.6416015625,3.7236328125
0.8095,-1.841796875,-2.2421875,3.6435546875
0.81,-1.1611328125,-2.8828125,3.6435546875
0.8105,-0.3203125,-3.2431640625,3.1630859375
0.811,0.2802734375,-3.8037109375,3.1630859375
0.8115,1.201171875,-3.923828125,2.40234375
0.812,1.6416015625,-4.2041015625,2.2021484375
0.8125,2.2421875,-4.083984375,1.521484375
0.813,2.6025390625,-3.8837890625,0.9609375
0.8135,3.0029296875,-3.5634765625,0.2802734375
0.814,3.283203125,-3.203125,-0.400390625
0.8145,3.4833984375,-2.6025390625,-1.28125
0.815,3.5234375,-2.1220703125,-1.8017578125
0.8155,3.4833984375,-1.4814453125,-2.4423828125
0.816,3.1630859375,-0.80078125,-2.802734375
0.8165,3.0830078125,-0.2001953125,-3.2431640625
0.817,2.5224609375,0.640625,-3.5634765625
0.8175,2.2021484375,1.28125,-3.84375
0.818,1.4013671875,1.921875,-3.68359375
0.8185,0.7607421875,2.4423828125,-3.603515625
0.819,0.0,2.8427734375,-3.203125
0.8195,-0.640625,3.2431640625,-3.0830078125
0.82,-1.4814453125,3.443359375,-2.4423828125
0.8205,-1.8818359375,3.5634765625,-2.2021484375
0.821,-2.5224609375,3.5234375,-1.521484375
0.8215,-2.8427734375,3.1630859375,-0.9208984375
0.822,-3.283203125,3.0029296875,-0.2802734375
0.8225,-3.5234375,2.40234375,0.640625
0.823,-3.8037109375,1.9619140625,1.3212890625
0.8235,-3.7236328125,1.3212890625,1.921875
0.824,-3.7236328125,0.6806640625,2.5224609375
0.8245,-3.283203125,0.0,2.8828125
0.825,-3.283203125,-0.640625,3.4833984375
0.8255,-2.5625,-1.5615234375,3.7236328125
0.826,-2.162109375,-2.1220703125,3.84375
0.8265,-1.28125,-2.8427734375,3.68359375
0.827,-0.5205078125,-3.283203125,3.443359375
0.8275,0.240234375,-3.7236328125,3.1630859375
0.828,0.9609375,-4.00390625,2.72265625
0.8285,1.76171875,-4.244140625,2.162109375
0.829,2.162109375,-4.1640625,1.7216796875
0.8295,2.7626953125,-4.083984375,1.0810546875
0.83,2.962890625,-3.603515625,0.3603515625
0.8305,3.4033203125,-3.4833984375,-0.2802734375
0.831,3.5234375,-2.6025390625,-1.28125
0.8315,3.7236328125,-2.2822265625,-1.841796875
0.832,3.4833984375,-1.44140625,-2.4423828125
0.8325,3.3232421875,-0.9208984375,-2.9228515625
0.833,2.962890625,-0.16015625,-3.203125
0.8335,2.7626953125,0.48046875,-3.603515625
0.834,2.1220703125,1.3212890625,-3.84375
0.8345,1.5615234375,1.841796875,-3.8037109375
0.835,0.7607421875,2.482421875,-3.68359375
0.8355,0.0,2.8427734375,-3.283203125
0.836,-0.640625,3.2431640625,-3.1630859375
0.8365,-1.4013671875,3.4033203125,-2.5224609375
0.837,-2.001953125,3.68359375,-2.1220703125
0.8375,-2.40234375,3.443359375,-1.5615234375
0.838,-2.8828125,3.36328125,-1.0009765625
0.8385,-3.1630859375,2.8828125,-0.2802734375
0.839,-3.5634765625,2.7626953125,0.400390625
0.8395,-3.68359375,1.841796875,1.3212890625
0.84,-3.84375,1.521484375,1.841796875
0.8405,-3.603515625,0.6806640625,2.4423828125
0.841,-3.5234375,0.16015625,2.8828125
0.8415,-3.203125,-0.6005859375,3.3232421875
0.842,-2.8427734375,-1.28125,3.6435546875
0.8425,-2.2822265625,-2.08203125,3.923828125
0.843,-1.521484375,-2.5625,3.68359375
0.8435,-0.80078125,-3.2431640625,3.6435546875
0.844,0.1201171875,-3.5634765625,3.1630859375
0.8445,0.6806640625,-4.0439453125,3.04296875
0.845,1.6015625,-4.2041015625,2.2822265625
0.8455,2.162109375,-4.3642578125,1.921875
0.846,2.6025390625,-4.0439453125,1.201171875
0.8465,3.04296875,-3.9638671875,0.6005859375
0.847,3.3232421875,-3.4833984375,-0.2001953125
0.8475,3.6435546875,-3.123046875,-0.9208984375
0.848,3.84375,-2.2822265625,-1.921875
0.8485,3.68359375,-1.8017578125,-2.40234375
0.849,3.5634765625,-0.9609375,-3.04296875
0.8495,3.203125,-0.2802734375,-3.36328125
0.85,3.0029296875,0.4404296875,-3.8037109375
0.8505,2.322265625,1.28125,-4.00390625
0.851,1.76171875,2.0419921875,-4.1640625
0.8515,0.8408203125,2.482421875,-3.7236328125
0.852,0.16015625,3.1630859375,-3.68359375
0.8525,-0.720703125,3.3232421875,-3.123046875
0.853,-1.28125,3.68359375,-2.8828125
0.8535,-2.2822265625,3.8037109375,-2.0419921875
0.854,-2.6826171875,3.7236328125,-1.5615234375
0.8545,-3.1630859375,3.443359375,-0.8408203125
0.855,-3.4833984375,3.1630859375,-0.240234375
0.8555,-3.7236328125,2.642578125,0.560546875
0.856,-3.8837890625,2.0419921875,1.3212890625
0.8565,-4.083984375,1.3212890625,2.2421875
0.857,-3.7236328125,0.6806640625,2.6025390625
0.8575,-3.68359375,0.0400390625,3.2431640625
0.858,-3.203125,-0.720703125,3.4833984375
0.8585,-3.0029296875,-1.3212890625,3.8837890625
0.859,-2.2021484375,-2.2822265625,4.00390625
0.8595,-1.6015625,-2.8427734375,4.00390625
0.86,-0.640625,-3.3232421875,3.5634765625
0.8605,0.080078125,-3.84375,3.443359375
0.861,0.880859375,-4.083984375,2.8828125
0.8615,1.521484375,-4.3642578125,2.5224609375
0.862,2.4423828125,-4.5244140625,1.841796875
0.8625,2.72265625,-4.244140625,1.2412109375
0.863,3.283203125,-4.1240234375,0.560546875
0.8635,3.4833984375,-3.6435546875,-0.2001953125
0.864,3.84375,-3.283203125,-0.9609375
0.8645,3.923828125,-2.5224609375,-1.8818359375
0.865,4.1240234375,-1.841796875,-2.642578125
0.8655,3.603515625,-1.0009765625,-3.04296875
0.866,3.6435546875,-0.3603515625,-3.6435546875
0.8665,3.0029296875,0.48046875,-3.84375
0.867,2.72265625,1.12109375,-4.2041015625
0.8675,1.8818359375,2.162109375,-4.404296875
0.868,1.12109375,2.6826171875,-4.1640625
0.8685,0.16015625,3.203125,-3.8037109375
0.869,-0.640625,3.68359375,-3.5634765625
0.8695,-1.44140625,3.84375,-2.9228515625
0.87,-2.162109375,4.00390625,-2.40234375
0.8705,-3.0830078125,4.1640625,-1.6416015625
0.871,-3.36328125,3.6435546875,-0.8408203125
0.8715,-3.8837890625,3.5234375,-0.2802734375
0.872,-4.00390625,2.802734375,0.640625
0.8725,-4.2841796875,2.3623046875,1.361328125
0.873,-4.32421875,1.44140625,2.40234375
0.8735,-4.2841796875,0.7607421875,3.123046875
0.874,-3.7236328125,-0.2001953125,3.443359375
0.8745,-3.6435546875,-0.720703125,3.923828125
0.875,-2.9228515625,-1.6015625,4.1240234375
0.8755,-2.4423828125,-2.2822265625,4.2841796875
0.876,-1.6015625,-3.2431640625,4.4443359375
0.8765,-0.640625,-3.603515625,3.8837890625
0.877,0.2001953125,-4.1640625,3.6435546875
0.8775,1.0009765625,-4.4443359375,3.0830078125
0.878,1.76171875,-4.6044921875,2.5625
0.8785,2.5224609375,-4.64453125,1.8818359375
0.879,3.2431640625,-4.6845703125,1.201171875
0.8795,3.443359375,-4.0439453125,0.3203125
0.88,3.8837890625,-4.0439453125,-0.240234375
0.8805,3.8837890625,-3.203125,-1.1611328125
0.881,4.1240234375,-2.72265625,-1.76171875
0.8815,4.1240234375,-1.8017578125,-2.72265625
0.882,3.923828125,-1.0810546875,-3.2431640625
0.8825,3.4833984375,-0.240234375,-3.6435546875
0.883,3.283203125,0.3603515625,-4.00390625
0.8835,2.6826171875,1.201171875,-4.244140625
0.884,2.1220703125,1.8818359375,-4.3642578125
0.8845,1.3212890625,2.72265625,-4.484375
0.885,0.3203125,3.123046875,-3.84375
0.8855,-0.400390625,3.68359375,-3.8037109375
0.886,-1.28125,3.84375,-3.0830078125
0.8865,-1.9619140625,4.083984375,-2.6826171875
0.887,-2.72265625,4.1240234375,-1.9619140625
0.8875,-3.36328125,4.00390625,-1.28125
0.888,-3.603515625,3.443359375,-0.4404296875
0.8885,-4.1240234375,3.36328125,0.16015625
0.889,-4.1640625,2.5224609375,1.28125
0.8895,-4.404296875,2.0419921875,1.921875
0.89,-4.484375,1.12109375,2.9228515625
0.8905,-4.0439453125,0.3203125,3.3232421875
0.891,-3.8037109375,-0.5205078125,3.84375
0.8915,-3.36328125,-1.201171875,4.1240234375
0.892,-2.7626953125,-2.08203125,4.4443359375
0.8925,-2.001953125,-2.8427734375,4.404296875
0.893,-1.1611328125,-3.68359375,4.4443359375
0.8935,-0.080078125,-3.9638671875,3.68359375
0.894,0.6005859375,-4.5244140625,3.6435546875
0.8945,1.681640625,-4.64453125,2.6826171875
0.895,2.2421875,-4.8046875,2.2421875
0.8955,3.04296875,-4.8046875,1.4013671875
0.896,3.5234375,-4.5244140625,0.6806640625
0.8965,3.7236328125,-3.9638671875,-0.2001953125
0.897,4.083984375,-3.603515625,-0.80078125
0.8975,4.1240234375,-2.642578125,-1.8818359375
0.898,4.1640625,-2.162109375,-2.3623046875
0.8985,4.1640625,-1.28125,-3.283203125
0.899,3.5634765625,-0.400390625,-3.5634765625
0.8995,3.4033203125,0.240234375,-4.00390625
0.9,2.802734375,1.041015625,-4.2041015625
0.9005,2.2421875,1.76171875,-4.4443359375
0.901,1.521484375,2.4423828125,-4.3642578125
0.9015,0.6806640625,3.123046875,-4.2041015625
0.902,-0.3203125,3.36328125,-3.5634765625
0.9025,-0.9208984375,3.8837890625,-3.4833984375
0.903,-1.921875,3.9638671875,-2.5625
0.9035,-2.40234375,4.083984375,-2.2822265625
0.904,-3.123046875,4.00390625,-1.44140625
0.9045,-3.5234375,3.603515625,-0.720703125
0.905,-3.84375,3.3232421875,0.0
0.9055,-4.083984375,2.8427734375,0.7607421875
0.906,-4.2041015625,2.1220703125,1.6416015625
0.9065,-4.244140625,1.5615234375,2.2822265625
0.907,-4.244140625,0.7607421875,3.123046875
0.9075,-3.68359375,-0.16015625,3.4033203125
0.908,-3.68359375,-0.720703125,3.9638671875
0.9085,-2.8828125,-1.681640625,4.1640625
0.909,-2.4423828125,-2.40234375,4.404296875
0.9095,-1.5615234375,-3.1630859375,4.2841796875
0.91,-0.720703125,-3.7236328125,4.083984375
0.9105,0.2802734375,-4.1240234375,3.4833984375
0.911,0.9609375,-4.564453125,3.283203125
0.9115,2.001953125,-4.724609375,2.3623046875
0.912,2.482421875,-4.7646484375,1.9619140625
0.9125,3.203125,-4.7646484375,1.1611328125
0.913,3.4833984375,-4.1240234375,0.3203125
0.9135,3.8837890625,-3.8837890625,-0.3603515625
0.914,4.1240234375,-3.1630859375,-1.3212890625
0.9145,4.244140625,-2.482421875,-2.1220703125
0.915,4.083984375,-1.7216796875,-2.7626953125
0.9155,3.9638671875,-0.9609375,-3.443359375
0.916,3.36328125,0.0,-3.7236328125
0.9165,3.2431640625,0.560546875,-4.1640625
0.917,2.3623046875,1.6015625,-4.3642578125
0.9175,1.921875,2.162109375,-4.4443359375
0.918,0.9609375,2.8427734375,-4.2041015625
0.9185,0.1201171875,3.3232421875,-3.84375
0.919,-0.80078125,3.6435546875,-3.36328125
0.9195,-1.4814453125,3.8837890625,-3.0029296875
0.92,-2.40234375,4.00390625,-2.2021484375
0.9205,-2.72265625,3.84375,-1.8017578125
0.921,-3.36328125,3.84375,-1.0009765625
0.9215,-3.5634765625,3.203125,-0.2001953125
0.922,-4.00390625,3.123046875,0.4404296875
0.9225,-4.083984375,2.2021484375,1.44140625
0.923,-4.2041015625,1.76171875,2.0419921875
0.9235,-4.0439453125,0.9208984375,2.6826171875
0.924,-3.8837890625,0.240234375,3.203125
0.9245,-3.4033203125,-0.6005859375,3.5634765625
0.925,-3.2431640625,-1.1611328125,3.9638671875
0.9255,-2.482421875,-2.1220703125,4.1240234375
0.926,-1.9619140625,-2.6025390625,4.1240234375
0.9265,-1.0810546875,-3.36328125,4.00390625
0.927,-0.2001953125,-3.7236328125,3.5234375
0.9275,0.560546875,-4.244140625,3.3232421875
0.928,1.4013671875,-4.4443359375,2.6826171875
0.9285,2.08203125,-4.64453125,2.2021484375
0.929,2.5224609375,-4.4443359375,1.6015625
0.9295,3.1630859375,-4.3642578125,0.9609375
0.93,3.36328125,-3.763671875,0.1201171875
0.9305,3.84375,-3.68359375,-0.5205078125
0.931,3.8837890625,-2.642578125,-1.5615234375
0.9315,4.083984375,-2.322265625,-2.08203125
0.932,3.84375,-1.4013671875,-2.8427734375
0.9325,3.603515625,-0.720703125,-3.283203125
0.933,3.203125,0.080078125,-3.68359375
0.9335,2.9228515625,0.720703125,-4.0439453125
0.934,2.2421875,1.6416015625,-4.2841796875
0.9345,1.5615234375,2.1220703125,-4.1240234375
0.935,0.7607421875,2.8828125,-4.00390625
0.9355,-0.2001953125,3.1630859375,-3.4833984375
0.936,-0.7607421875,3.6435546875,-3.36328125
0.9365,-1.76171875,3.68359375,-2.5625
0.937,-2.2822265625,3.9638671875,-2.162109375
0.9375,-2.7626953125,3.68359375,-1.44140625
0.938,-3.2431640625,3.5234375,-0.80078125
0.9385,-3.4833984375,3.0029296875,0.0
0.939,-3.84375,2.7626953125,0.640625
0.9395,-3.9638671875,1.8818359375,1.6416015625
0.94,-4.00390625,1.4814453125,2.08203125
0.9405,-3.84375,0.640625,2.802734375
0.941,-3.5634765625,0.0,3.1630859375
0.9415,-3.36328125,-0.720703125,3.603515625
0.942,-2.7626953125,-1.521484375,3.84375
0.9425,-2.2822265625,-2.2421875,4.083984375
0.943,-1.44140625,-2.7626953125,3.8037109375
0.9435,-0.720703125,-3.4033203125,3.763671875
0.944,0.240234375,-3.7236328125,3.123046875
0.9445,0.720703125,-4.2041015625,3.0830078125
0.945,1.7216796875,-4.244140625,2.2421875
0.9455,2.08203125,-4.404296875,2.001953125
0.946,2.6826171875,-4.1640625,1.201171875
0.9465,3.04296875,-3.923828125,0.6005859375
0.947,3.36328125,-3.5634765625,-0.16015625
0.9475,3.6435546875,-3.123046875,-0.880859375
0.948,3.84375,-2.4423828125,-1.7216796875
0.9485,3.763671875,-1.921875,-2.2021484375
0.949,3.68359375,-1.1611328125,-2.8828125
0.9495,3.203125,-0.400390625,-3.203125
0.95,3.1630859375,0.2001953125,-3.7236328125
0.9505,2.4423828125,1.0810546875,-3.8837890625
0.951,2.0419921875,1.6416015625,-4.1240234375
0.9515,1.12109375,2.2421875,-3.84375
0.952,0.48046875,2.802734375,-3.7236328125
0.9525,-0.4404296875,3.123046875,-3.2431640625
0.953,-1.0009765625,3.5634765625,-3.0830078125
0.9535,-1.921875,3.68359375,-2.322265625
0.954,-2.2421875,3.68359375,-1.9619140625
0.9545,-2.8828125,3.5634765625,-1.28125
0.955,-3.1630859375,3.1630859375,-0.6005859375
0.9555,-3.5634765625,2.9228515625,0.16015625
0.956,-3.7236328125,2.2421875,1.0009765625
0.9565,-3.9638671875,1.76171875,1.7216796875
0.957,-3.763671875,1.12109375,2.2021484375
0.9575,-3.7236328125,0.48046875,2.8427734375
0.958,-3.283203125,-0.3603515625,3.1630859375
0.9585,-3.203125,-0.9208984375,3.6435546875
0.959,-2.40234375,-1.841796875,3.84375
0.9595,-1.9619140625,-2.3623046875,3.84375
0.96,-1.041015625,-2.962890625,3.5634765625
0.9605,-0.3603515625,-3.4833984375,3.3232421875
0.961,0.4404296875,-3.8037109375,3.04296875
0.9615,1.12109375,-4.00390625,2.6025390625
0.962,1.8818359375,-4.2841796875,2.1220703125
0.9625,2.162109375,-4.083984375,1.6015625
0.963,2.72265625,-4.0439453125,1.0009765625
0.9635,2.962890625,-3.5634765625,0.2802734375
0.964,3.443359375,-3.4033203125,-0.3603515625
0.9645,3.5234375,-2.5625,-1.28125
0.965,3.7236328125,-2.2822265625,-1.8017578125
0.9655,3.443359375,-1.44140625,-2.3623046875
0.966,3.4033203125,-1.0009765625,-2.8828125
0.9665,3.0029296875,-0.16015625,-3.203125
0.967,2.8427734375,0.4404296875,-3.603515625
0.9675,2.2021484375,1.28125,-3.8837890625
0.968,1.6015625,1.7216796875,-3.763671875
0.9685,0.80078125,2.40234375,-3.7236328125
0.969,0.1201171875,2.802734375,-3.283203125
0.9695,-0.5205078125,3.2431640625,-3.203125
0.97,-1.28125,3.4033203125,-2.5625
0.9705,-1.8818359375,3.6435546875,-2.2822265625
0.971,-2.2421875,3.36328125,-1.6416015625
0.9715,-2.802734375,3.36328125,-1.1611328125
0.972,-3.0830078125,2.8828125,-0.3203125
0.9725,-3.5634765625,2.72265625,0.3203125
0.973,-3.6435546875,1.921875,1.28125
0.9735,-3.8037109375,1.6015625,1.7216796875
0.974,-3.5634765625,0.80078125,2.3623046875
0.9745,-3.4833984375,0.2802734375,2.802734375
0.975,-3.203125,-0.5205078125,3.2431640625
0.9755,-2.802734375,-1.2412109375,3.5234375
0.976,-2.2822265625,-1.9619140625,3.84375
0.9765,-1.521484375,-2.4423828125,3.4833984375
0.977,-0.880859375,-3.123046875,3.5634765625
0.9775,0.0,-3.443359375,3.04296875
0.978,0.6005859375,-3.8837890625,3.0029296875
0.9785,1.4013671875,-4.0439453125,2.2822265625
0.979,1.921875,-4.1640625,1.9619140625
0.9795,2.3623046875,-3.8837890625,1.28125
0.98,2.802734375,-3.84375,0.7607421875
0.9805,3.04296875,-3.36328125,0.0
0.981,3.36328125,-3.0029296875,-0.720703125
0.9815,3.5634765625,-2.3623046875,-1.6015625
0.982,3.4833984375,-1.8818359375,-1.9619140625
0.9825,3.4033203125,-1.1611328125,-2.642578125
0.983,3.0830078125,-0.5205078125,-2.962890625
0.9835,2.962890625,0.1201171875,-3.4833984375
0.984,2.3623046875,0.880859375,-3.68359375
0.9845,1.921875,1.4814453125,-3.8837890625
0.985,1.041015625,2.0419921875,-3.4833984375
0.9855,0.48046875,2.642578125,-3.5234375
0.986,-0.3203125,2.9228515625,-3.0830078125
0.9865,-0.880859375,3.283203125,-2.8828125
0.987,-1.7216796875,3.4833984375,-2.2822265625
0.9875,-2.0419921875,3.4833984375,-1.921875
0.988,-2.6025390625,3.3232421875,-1.2412109375
0.9885,-2.9228515625,3.04296875,-0.640625
0.989,-3.36328125,2.7626953125,0.1201171875
0.9895,-3.5634765625,2.2021484375,0.880859375
0.99,-3.8037109375,1.7216796875,1.6015625
0.9905,-3.5634765625,1.0810546875,2.0419921875
0.991,-3.603515625,0.5205078125,2.6826171875
0.9915,-3.203125,-0.3203125,3.04296875
0.992,-3.0830078125,-0.9609375,3.5234375
0.9925,-2.40234375,-1.8017578125,3.68359375
0.993,-1.841796875,-2.2822265625,3.7236328125
0.9935,-1.0009765625,-2.8828125,3.443359375
0.994,-0.3203125,-3.4033203125,3.3232421875
0.9945,0.48046875,-3.7236328125,2.962890625
0.995,1.12109375,-4.0439453125,2.5625
0.9955,1.921875,-4.244140625,2.0419921875
0.996,2.2421875,-4.00390625,1.44140625
0.9965,2.8427734375,-4.00390625,0.880859375
0.997,3.04296875,-3.4833984375,0.16015625
0.9975,3.4833984375,-3.203125,-0.560546875
0.998,3.5234375,-2.4423828125,-1.44140625
0.9985,3.7236328125,-2.001953125,-2.08203125
0.999,3.3232421875,-1.1611328125,-2.5224609375
0.9995,3.3232421875,-0.720703125,-3.0830078125
